   1.0000190298966363        3.7680787639109003E-005   1.4360525870962695E-003   9.4410531024913767E-004  -8.8639695822696175E-017  -3.2467573448125580E-017  -1.1019443534382991E-017  -9.2002072193614572E-017  -1.0945041791608481E-016  -2.3199203998992551E-017  -4.0080184150313611E-017   6.5642196027435941E-017   6.0861545517921942E-018  -9.9941085286122364E-020  -1.0050307575048161E-018   1.0015483481391364E-017   5.2207801945849549E-017   4.3107952492963814E-018   3.7680787639109003E-005   1.0050519709763166        1.1656769266028565E-002   3.2909096058794836E-004  -1.7751669196955731E-016  -2.2307176236066475E-016   1.2100738075782105E-017  -2.5091502478684047E-016  -7.3691755013328532E-017   5.3497501858636615E-018   1.9967893659266478E-016   1.4671525032135120E-017  -1.5672690069360617E-017  -8.6357478655326978E-019   4.3619272314090530E-018  -4.4864443102809735E-017  -4.6907439303581784E-018   3.6671074731911011E-017   1.4360525870962695E-003   1.1656769266028565E-002  0.35191834477874873       0.28448939835959097       -1.7969854415862716E-015  -2.9382103220603219E-016  -6.6536264000505689E-017  -9.2021928204119724E-015  -1.3582822568974199E-016  -5.2277431677539529E-016   6.0035009931147712E-015  -2.0016632428532346E-015   4.2373055809540311E-016  -2.6967485950436888E-017   1.2568717432087496E-016  -6.0336113135082365E-017  -1.0544196477813579E-016  -7.0940776308742979E-017   9.4410531024913767E-004   3.2909096058794836E-004  0.28448939835959097       0.23006247203237884       -9.4441095079376892E-016   4.7456796317245561E-016  -9.1746715632714652E-017  -7.4396210309551715E-015  -1.0933326916006654E-016  -4.2279969172779135E-016   4.8515195430367623E-015  -1.6212568529773731E-015   3.4293640141064390E-016  -2.1800679886813589E-017   1.0160354506060631E-016  -4.8389680336518619E-017  -8.5239438075793897E-017  -5.7702456312351561E-017  -8.8639695822696175E-017  -1.7751669196955731E-016  -1.7969854415862716E-015  -9.4441095079376892E-016   1.0004748453726349       -2.3699099782459351E-030   8.3266726846886888E-017  -2.5388989246207373E-004  -4.7894630969546708E-017   1.8851565274093446E-017  -3.3406146312620977E-003  -5.2475385148291752E-017   2.9273458657094541E-018  -7.0181822864575703E-018   7.5378833603911211E-017   9.5500423314270358E-017  -2.8059103687779646E-016   4.6588519299760740E-018  -3.2467573448125580E-017  -2.2307176236066475E-016  -2.9382103220603219E-016   4.7456796317245561E-016  -2.3699099782459351E-030   1.0004748453726346        6.9388939039071398E-018   8.6664345404911326E-016  -2.5388989246124627E-004   5.7545724370561596E-017  -8.5153238627010305E-016  -3.3406146312627135E-003  -3.1496073110703047E-017  -1.2338400598011852E-017  -1.4924358463911451E-016   6.9053202948034215E-017  -1.2839349878125532E-016   4.0346492757712379E-017  -1.1019443534382991E-017   1.2100738075782105E-017  -6.6536264000505689E-017  -9.1746715632714652E-017   8.3266726846886888E-017   6.9388939039071398E-018   1.0004748453726344        1.5750408247604377E-016  -5.0705086288536908E-017  -2.5388989246212995E-004  -4.0657581468213873E-018  -9.0314040968042273E-017  -3.3406146312621836E-003  -7.9807952857412318E-019  -5.8994575005873834E-017  -2.1282849959790619E-017   4.2521439524383691E-017  -1.5116284918889815E-016  -9.2002072193614572E-017  -2.5091502478684047E-016  -9.2021928204119724E-015  -7.4396210309551715E-015  -2.5388989246207373E-004   8.6664345404911326E-016   1.5750408247604377E-016   6.4429483452324758E-008  -2.0776791753505990E-019  -4.4758742931574474E-020   8.4774574134591488E-007  -2.8803884766450233E-018  -5.2670890941544323E-019   1.7809998471465777E-021  -1.9128840719540835E-020  -2.4235084286081785E-020   7.1205416618788630E-020  -1.1822740162835553E-021  -1.0945041791608481E-016  -7.3691755013328532E-017  -1.3582822568974199E-016  -1.0933326916006654E-016  -4.7894630969546708E-017  -2.5388989246124627E-004  -5.0705086288536908E-017  -2.0776791753505990E-019   6.4429483451904815E-008  -1.7362521055466028E-021   3.7597674946018129E-019   8.4774574134330877E-007   1.7729458377200189E-019   3.1311084086447362E-021   3.7873453620309353E-020  -1.7523589275280054E-020   3.2582340024951981E-020  -1.0238704905766114E-020  -2.3199203998992551E-017   5.3497501858636615E-018  -5.2277431677539529E-016  -4.2279969172779135E-016   1.8851565274093446E-017   5.7545724370561596E-017  -2.5388989246212995E-004  -4.4758742931574474E-020  -1.7362521055466028E-021   6.4429483452353332E-008  -6.1992223836089067E-020  -1.6923453588047068E-019   8.4774574134612483E-007   2.0252815616736573E-022   1.4971017385567269E-020   5.4009358782634650E-021  -1.0790639822650292E-020   3.8360504217027767E-020  -4.0080184150313611E-017   1.9967893659266478E-016   6.0035009931147712E-015   4.8515195430367623E-015  -3.3406146312620977E-003  -8.5153238627010305E-016  -4.0657581468213873E-018   8.4774574134591488E-007   3.7597674946018129E-019  -6.1992223836089067E-020   1.1154409494869285E-005   3.0196724569273889E-018   2.7528570858009485E-021   2.3433914944481232E-020  -2.5169211958411322E-019  -3.1887869334449711E-019   9.3690163978501152E-019  -1.5556042208746029E-020   6.5642196027435941E-017   1.4671525032135120E-017  -2.0016632428532346E-015  -1.6212568529773731E-015  -5.2475385148291752E-017  -3.3406146312627135E-003  -9.0314040968042273E-017  -2.8803884766450233E-018   8.4774574134330877E-007  -1.6923453588047068E-019   3.0196724569273889E-018   1.1154409494873405E-005   4.0662875423885398E-019   4.1198278752226985E-020   4.9832867340219063E-019  -2.3057065469497169E-019   4.2870962980437139E-019  -1.3471811375320257E-019   6.0861545517921942E-018  -1.5672690069360617E-017   4.2373055809540311E-016   3.4293640141064390E-016   2.9273458657094541E-018  -3.1496073110703047E-017  -3.3406146312621836E-003  -5.2670890941544323E-019   1.7729458377200189E-019   8.4774574134612483E-007   2.7528570858009485E-021   4.0662875423885398E-019   1.1154409494869864E-005   2.6648107769670490E-021   1.9698460320256174E-019   7.1064055532630812E-020  -1.4198032431760246E-019   5.0473715360183960E-019  -9.9941085286122364E-020  -8.6357478655326978E-019  -2.6967485950436888E-017  -2.1800679886813589E-017  -7.0181822864575703E-018  -1.2338400598011852E-017  -7.9807952857412318E-019   1.7809998471465777E-021   3.1311084086447362E-021   2.0252815616736573E-022   2.3433914944481232E-020   4.1198278752226985E-020   2.6648107769670490E-021   2.2685501481962210E-033  -8.2725697676807655E-033   3.1178450436429815E-033   1.1598312729065231E-032   5.0277143014083498E-033  -1.0050307575048161E-018   4.3619272314090530E-018   1.2568717432087496E-016   1.0160354506060631E-016   7.5378833603911211E-017  -1.4924358463911451E-016  -5.8994575005873834E-017  -1.9128840719540835E-020   3.7873453620309353E-020   1.4971017385567269E-020  -2.5169211958411322E-019   4.9832867340219063E-019   1.9698460320256174E-019  -8.2725697676807655E-033   7.6312408308978370E-032  -2.3423603679002629E-032  -4.2233713931701990E-032  -2.2089699504402801E-032   1.0015483481391364E-017  -4.4864443102809735E-017  -6.0336113135082365E-017  -4.8389680336518619E-017   9.5500423314270358E-017   6.9053202948034215E-017  -2.1282849959790619E-017  -2.4235084286081785E-020  -1.7523589275280054E-020   5.4009358782634650E-021  -3.1887869334449711E-019  -2.3057065469497169E-019   7.1064055532630812E-020   3.1178450436429815E-033  -2.3423603679002629E-032   2.6613649967172930E-032  -1.7880981015035020E-032   1.6990141929889230E-032   5.2207801945849549E-017  -4.6907439303581784E-018  -1.0544196477813579E-016  -8.5239438075793897E-017  -2.8059103687779646E-016  -1.2839349878125532E-016   4.2521439524383691E-017   7.1205416618788630E-020   3.2582340024951981E-020  -1.0790639822650292E-020   9.3690163978501152E-019   4.2870962980437139E-019  -1.4198032431760246E-019   1.1598312729065231E-032  -4.2233713931701990E-032  -1.7880981015035020E-032   1.3134298000452818E-031   8.5419537071851741E-033   4.3107952492963814E-018   3.6671074731911011E-017  -7.0940776308742979E-017  -5.7702456312351561E-017   4.6588519299760740E-018   4.0346492757712379E-017  -1.5116284918889815E-016  -1.1822740162835553E-021  -1.0238704905766114E-020   3.8360504217027767E-020  -1.5556042208746029E-020  -1.3471811375320257E-019   5.0473715360183960E-019   5.0277143014083498E-033  -2.2089699504402801E-032   1.6990141929889230E-032   8.5419537071851741E-033   4.0325305619484647E-032
