   1.0000391744967116        3.3639450069436810E-007  -1.7565996646609032E-008  -4.1136648110870933E-004   6.6741312521036543E-018   5.7589037936587961E-018  -2.4567259217288701E-017  -2.8521092300102956E-018   8.8350292551730913E-019  -6.0749865085340514E-017  -1.8595369620324178E-018   5.3204666263202083E-019  -3.9697083398636753E-017   2.8382137820491794E-020  -6.4276735203545666E-020  -4.8901253301856669E-019  -3.2103427586030773E-020   4.3760975121825261E-019   3.3639450069436810E-007   1.0061044148013021        1.0066580609557546E-007  -9.0200594753221067E-003   4.6773012110022562E-017   3.9411577659024635E-017  -1.7149891318786082E-016  -3.3285097755642273E-017  -8.5741594219210119E-018  -4.9326832507720703E-016  -1.3569476632912447E-016  -1.0121109518086786E-018  -5.3710063525783177E-016   2.4114879195217616E-019  -9.6553404508244581E-019   2.2351495767220781E-018  -2.2900795872997449E-018  -9.6173738253715833E-019  -1.7565996646609032E-008   1.0066580609557546E-007  0.29533975490120656       0.30843071218227824        5.1210968574993281E-017   5.6410245657657110E-017  -2.7143209320400715E-016  -1.5604944035217403E-016   1.7767586751028940E-017  -7.1995392154885007E-016  -3.6500098682406141E-017   1.2217375692438763E-017  -2.4719457302835004E-016  -5.7746084458998550E-018   4.2616600135147516E-018  -8.4235773739893500E-019  -1.9074524627691423E-017  -2.7884640279170170E-017  -4.1136648110870933E-004  -9.0200594753221067E-003  0.30843071218227824       0.32218296605398816       -8.7418000801196078E-017  -6.2685851482556044E-017   2.3569730421653890E-016  -1.0086598396186585E-016   6.8444239625137498E-019   5.3219118978290623E-016   3.2700280085032863E-018   7.6951837014059575E-019   5.8546109457540829E-016  -6.0327421039270938E-018   4.4592413056020617E-018  -8.9953325607898048E-019  -1.9899459685749791E-017  -2.9112186789014452E-017   6.6741312521036543E-018   4.6773012110022562E-017   5.1210968574993281E-017  -8.7418000801196078E-017  0.99964137266289355       -5.5511169906744586E-017  -3.7470025229737625E-016   2.9586790565387797E-007   2.4388255690823546E-017  -8.3954861707192054E-019   2.0515900071503383E-003   4.2972410016489112E-017  -5.6724833639387482E-017  -2.0510586263325308E-016   2.7657206178387302E-017  -6.3376929230310465E-018   5.2577682174950320E-017   4.3529315402613912E-019   5.7589037936587961E-018   3.9411577659024635E-017   5.6410245657657110E-017  -6.2685851482556044E-017  -5.5511169906744586E-017  0.99964137266289299       -6.6613381274447247E-016   1.0995280425259889E-016   2.9586790551536379E-007   7.2582782645813030E-019   1.3755482205931346E-016   2.0515900071503617E-003  -1.0955095908384002E-016  -3.5775787081834987E-016  -1.4223423055198242E-016   3.4222740683156728E-017   5.0765123479757946E-018   8.3071782955421454E-017  -2.4567259217288701E-017  -1.7149891318786082E-016  -2.7143209320400715E-016   2.3569730421653890E-016  -3.7470025229737625E-016  -6.6613381274447247E-016  0.99964137266289543        9.0700221817541476E-018   3.6578686038897207E-017   2.9586790597531337E-007   2.4815213235798917E-017   2.2713875867713095E-017   2.0515900071501748E-003  -5.5205724919746907E-016  -2.3409835542876594E-017   1.6501728475091731E-017   7.2617151558848522E-018   5.4275326620678770E-018  -2.8521092300102956E-018  -3.3285097755642273E-017  -1.5604944035217403E-016  -1.0086598396186585E-016   2.9586790565387797E-007   1.0995280425259889E-016   9.0700221817541476E-018  0.44667752067390359        8.3266726846886741E-017   4.1633363423443370E-017  0.29242517812638619        1.3877787807814457E-017   0.0000000000000000        4.0417664425924214E-017   9.3886358042384901E-017   6.0256724223776365E-017   7.7404598803128225E-017  -4.0041771846459864E-017   8.8350292551730913E-019  -8.5741594219210119E-018   1.7767586751028940E-017   6.8444239625137498E-019   2.4388255690823546E-017   2.9586790551536379E-007   3.6578686038897207E-017   8.3266726846886741E-017  0.44667752067390293        1.2836953722228372E-016   5.5511151231257827E-017  0.29242517812638641       -1.6132928326584306E-016  -1.9062414396028460E-017   1.3123012877079566E-018   3.5121582233122004E-018  -2.7083772287242543E-018  -2.0008752949147873E-017  -6.0749865085340514E-017  -4.9326832507720703E-016  -7.1995392154885007E-016   5.3219118978290623E-016  -8.3954861707192054E-019   7.2582782645813030E-019   2.9586790597531337E-007   4.1633363423443370E-017   1.2836953722228372E-016  0.44667752067390781        0.0000000000000000        1.3183898417423734E-016  0.29242517812638547       -2.2022063260260433E-017  -4.8088119466874145E-017   5.7854062345749764E-017   1.3578462959984778E-017   7.6649577574748922E-018  -1.8595369620324178E-018  -1.3569476632912447E-016  -3.6500098682406141E-017   3.2700280085032863E-018   2.0515900071503383E-003   1.3755482205931346E-016   2.4815213235798917E-017  0.29242517812638619        5.5511151231257827E-017   0.0000000000000000       0.19144541920963565        2.0816681711721685E-017  -1.3877787807814457E-017   2.6039219887405404E-017   6.1521087102306031E-017   3.9435102666202208E-017   5.0782157985523163E-017  -2.6213146376865670E-017   5.3204666263202083E-019  -1.0121109518086786E-018   1.2217375692438763E-017   7.6951837014059575E-019   4.2972410016489112E-017   2.0515900071503617E-003   2.2713875867713095E-017   1.3877787807814457E-017  0.29242517812638641        1.3183898417423734E-016   2.0816681711721685E-017  0.19144541920963629       -7.4593109467002705E-017  -1.3213706306348488E-017   5.6723731999431104E-019   2.3695248186976664E-018  -1.7626684001750064E-018  -1.2928602480377424E-017  -3.9697083398636753E-017  -5.3710063525783177E-016  -2.4719457302835004E-016   5.8546109457540829E-016  -5.6724833639387482E-017  -1.0955095908384002E-016   2.0515900071501748E-003   0.0000000000000000       -1.6132928326584306E-016  0.29242517812638547       -1.3877787807814457E-017  -7.4593109467002705E-017  0.19144541920963298       -1.5550019733736636E-017  -3.1529760606047343E-017   3.7909027955569538E-017   8.9042780212087331E-018   5.0291354048690826E-018   2.8382137820491794E-020   2.4114879195217616E-019  -5.7746084458998550E-018  -6.0327421039270938E-018  -2.0510586263325308E-016  -3.5775787081834987E-016  -5.5205724919746907E-016   4.0417664425924214E-017  -1.9062414396028460E-017  -2.2022063260260433E-017   2.6039219887405404E-017  -1.3213706306348488E-017  -1.5550019733736636E-017   4.8066604901943707E-031   6.8883770733714707E-032  -1.7593492426803226E-032  -9.7924752528524095E-033  -3.5419142767335609E-032  -6.4276735203545666E-020  -9.6553404508244581E-019   4.2616600135147516E-018   4.4592413056020617E-018   2.7657206178387302E-017  -1.4223423055198242E-016  -2.3409835542876594E-017   9.3886358042384901E-017   1.3123012877079566E-018  -4.8088119466874145E-017   6.1521087102306031E-017   5.6723731999431104E-019  -3.1529760606047343E-017   6.8883770733714707E-032   4.6528369746643503E-032   1.0017113898600969E-033   1.5089017303376738E-032  -2.1636705044846462E-032  -4.8901253301856669E-019   2.2351495767220781E-018  -8.4235773739893500E-019  -8.9953325607898048E-019  -6.3376929230310465E-018   3.4222740683156728E-017   1.6501728475091731E-017   6.0256724223776365E-017   3.5121582233122004E-018   5.7854062345749764E-017   3.9435102666202208E-017   2.3695248186976664E-018   3.7909027955569538E-017  -1.7593492426803226E-032   1.0017113898600969E-033   1.7141354412965273E-032   1.2188923710873888E-032  -1.5582013526107844E-033  -3.2103427586030773E-020  -2.2900795872997449E-018  -1.9074524627691423E-017  -1.9899459685749791E-017   5.2577682174950320E-017   5.0765123479757946E-018   7.2617151558848522E-018   7.7404598803128225E-017  -2.7083772287242543E-018   1.3578462959984778E-017   5.0782157985523163E-017  -1.7626684001750064E-018   8.9042780212087331E-018  -9.7924752528524095E-033   1.5089017303376738E-032   1.2188923710873888E-032   1.7923680927533993E-032  -4.2972038952276526E-033   4.3760975121825261E-019  -9.6173738253715833E-019  -2.7884640279170170E-017  -2.9112186789014452E-017   4.3529315402613912E-019   8.3071782955421454E-017   5.4275326620678770E-018  -4.0041771846459864E-017  -2.0008752949147873E-017   7.6649577574748922E-018  -2.6213146376865670E-017  -1.2928602480377424E-017   5.0291354048690826E-018  -3.5419142767335609E-032  -2.1636705044846462E-032  -1.5582013526107844E-033  -4.2972038952276526E-033   1.4184211918497651E-032
