   1.0000391744967121        3.3639450073877624E-007  -1.7565996457950721E-008  -4.1136648110851493E-004   1.6854189769934414E-017   7.8585278073757027E-018  -2.5166772671264556E-017  -3.5680787894066228E-017   2.7022918779102645E-017   3.9126490956946639E-017  -2.3244144721755677E-017   1.7415995112345667E-017   2.5308151074609247E-017   1.4878145484196910E-020  -4.9656610152880581E-020  -5.8363779283818144E-019  -3.0511733283294395E-020   4.7743383416749305E-019   3.3639450073877624E-007   1.0061044148013030        1.0066580791845348E-007  -9.0200594753211336E-003   1.1825812149633544E-016   5.3640100312724790E-017  -1.7546119267647319E-016  -2.0617845039171792E-016   1.3053319762288990E-016   3.4148649499053006E-016  -1.0988656221227389E-016   1.0071712051740867E-016   2.9032275457039138E-016  -1.3812904167216534E-019  -3.9845042170660188E-019   4.2337985936180553E-018   8.5781632453396343E-019   1.6287155661410966E-018  -1.7565996457950721E-008   1.0066580791845348E-007  0.29533975490121045       0.30843071218227830        1.7551239689913540E-016   7.8682465956444362E-017  -2.5668655872706773E-016  -3.6454709470422075E-016   3.2353441178201174E-016   4.4710315300145623E-016  -1.6145078263662992E-016   2.1342050559976642E-016   1.9374233460051982E-016   1.5002663097175089E-018   7.3545311927805930E-018   6.6541026435032532E-017   2.6389905770036084E-017  -5.6011884480447581E-018  -4.1136648110851493E-004  -9.0200594753211336E-003  0.30843071218227830       0.32218296605398405       -1.7350125741796276E-016  -8.3512179557204266E-017   2.6482687926359595E-016   3.7171705438708593E-016  -2.2992270329213710E-016  -3.5832619427251863E-016   3.2302447055514834E-016  -1.4931400211082822E-016  -3.3744053448190596E-016   1.5679980007084270E-018   7.6841140809512543E-018   6.9452744953471096E-017   2.7551962299965662E-017  -5.8642600995624745E-018   1.6854189769934414E-017   1.1825812149633544E-016   1.7551239689913540E-016  -1.7350125741796276E-016  0.99964137266289377        1.1102228163133236E-016  -7.1123681105133769E-017   2.9586790546356031E-007  -6.5265582651838350E-017   1.2418478418126366E-016   2.0515900071501432E-003   1.6469606717761149E-016   4.2781761428907890E-017  -2.3314976086287252E-016   7.0232880710488914E-017   6.4694608794071014E-017  -3.8228259749834735E-017   1.4409361074418513E-016   7.8585278073757027E-018   5.3640100312724790E-017   7.8682465956444362E-017  -8.3512179557204266E-017   1.1102228163133236E-016  0.99964137266289410        2.0209527943855658E-016   3.5791178662883448E-017   2.9586790565507907E-007  -4.8661079981526543E-017  -2.4461325517414031E-017   2.0515900071501228E-003   1.0104563738984418E-017   2.8330368688547402E-016  -1.4311453300827538E-016  -3.6832783092460083E-017  -2.7203622292122977E-018  -7.8033118087965632E-017  -2.5166772671264556E-017  -1.7546119267647319E-016  -2.5668655872706773E-016   2.6482687926359595E-016  -7.1123681105133769E-017   2.0209527943855658E-016  0.99964137266289421        3.4651919348826414E-017   9.2893573929787084E-018   2.9586790627286954E-007   3.0608276702862990E-017   1.1032476752172929E-017   2.0515900071503969E-003   3.1034074915696138E-017  -5.0124604340106813E-017   3.3440819843275329E-017  -2.6609487054536911E-017   5.4333557823285664E-017  -3.5680787894066228E-017  -2.0617845039171792E-016  -3.6454709470422075E-016   3.7171705438708593E-016   2.9586790546356031E-007   3.5791178662883448E-017   3.4651919348826414E-017  0.44667752067390226       -9.7144514654701197E-017   5.5511151231257827E-017  0.29242517812638630        4.8572257327350599E-017   9.7144514654701197E-017   9.6058043376678735E-019  -4.8287878853520236E-017   1.7395389254153268E-017  -4.0306309332630214E-017  -1.3940343738597343E-017   2.7022918779102645E-017   1.3053319762288990E-016   3.2353441178201174E-016  -2.2992270329213710E-016  -6.5265582651838350E-017   2.9586790565507907E-007   9.2893573929787084E-018  -9.7144514654701197E-017  0.44667752067390276        1.0408340855860843E-016  -1.5265566588595902E-016  0.29242517812638613       -1.2490009027033011E-016   3.0425718771462529E-017   5.9553504304431035E-018  -1.7362551692155881E-017   2.2122188181881938E-016  -7.2721505038434282E-018   3.9126490956946639E-017   3.4148649499053006E-016   4.4710315300145623E-016  -3.5832619427251863E-016   1.2418478418126366E-016  -4.8661079981526543E-017   2.9586790627286954E-007   5.5511151231257827E-017   1.0408340855860843E-016  0.44667752067391087        1.1102230246251565E-016   9.0205620750793969E-017  0.29242517812638491       -9.4085358067921823E-017  -1.4077421510186881E-016   6.7036823900706914E-017  -2.7987817308337360E-017   8.9373844067832918E-017  -2.3244144721755677E-017  -1.0988656221227389E-016  -1.6145078263662992E-016   3.2302447055514834E-016   2.0515900071501432E-003  -2.4461325517414031E-017   3.0608276702862990E-017  0.29242517812638630       -1.5265566588595902E-016   1.1102230246251565E-016  0.19144541920963637       -2.7755575615628914E-017   1.1102230246251565E-016   1.5040647651618352E-019  -3.1468369310109745E-017   1.1520954841250478E-017  -2.6465673149562575E-017  -8.8305883950183908E-018   1.7415995112345667E-017   1.0071712051740867E-016   2.1342050559976642E-016  -1.4931400211082822E-016   1.6469606717761149E-016   2.0515900071501228E-003   1.1032476752172929E-017   4.8572257327350599E-017  0.29242517812638613        9.0205620750793969E-017  -2.7755575615628914E-017  0.19144541920963598       -6.9388939039072284E-017   2.0500100550039257E-017   3.6050833842300405E-018  -1.1442281010960190E-017   1.4482115502007007E-016  -4.9209735952762636E-018   2.5308151074609247E-017   2.9032275457039138E-016   1.9374233460051982E-016  -3.3744053448190596E-016   4.2781761428907890E-017   1.0104563738984418E-017   2.0515900071503969E-003   9.7144514654701197E-017  -1.2490009027033011E-016  0.29242517812638491        1.1102230246251565E-016  -6.9388939039072284E-017  0.19144541920963082       -6.1530923645183280E-017  -9.2263141122861626E-017   4.3955443153162024E-017  -1.8377315671832862E-017   5.8621635052212687E-017   1.4878145484196910E-020  -1.3812904167216534E-019   1.5002663097175089E-018   1.5679980007084270E-018  -2.3314976086287252E-016   2.8330368688547402E-016   3.1034074915696138E-017   9.6058043376678735E-019   3.0425718771462529E-017  -9.4085358067921823E-017   1.5040647651618352E-019   2.0500100550039257E-017  -6.1530923645183280E-017   1.5753126168162103E-031  -2.8505186595445149E-032  -3.9417410485366396E-032   2.8330100214793932E-032  -7.3414788167456872E-032  -4.9656610152880581E-020  -3.9845042170660188E-019   7.3545311927805930E-018   7.6841140809512543E-018   7.0232880710488914E-017  -1.4311453300827538E-016  -5.0124604340106813E-017  -4.8287878853520236E-017   5.9553504304431035E-018  -1.4077421510186881E-016  -3.1468369310109745E-017   3.6050833842300405E-018  -9.2263141122861626E-017  -2.8505186595445149E-032   7.7785950457431646E-032  -1.3442167688944783E-032   1.5822073479473095E-032  -8.3260093402361514E-033  -5.8363779283818144E-019   4.2337985936180553E-018   6.6541026435032532E-017   6.9452744953471096E-017   6.4694608794071014E-017  -3.6832783092460083E-017   3.3440819843275329E-017   1.7395389254153268E-017  -1.7362551692155881E-017   6.7036823900706914E-017   1.1520954841250478E-017  -1.1442281010960190E-017   4.3955443153162024E-017  -3.9417410485366396E-032  -1.3442167688944783E-032   3.3085930573433724E-032  -1.1683664061241627E-032   2.5915743375413558E-032  -3.0511733283294395E-020   8.5781632453396343E-019   2.6389905770036084E-017   2.7551962299965662E-017  -3.8228259749834735E-017  -2.7203622292122977E-018  -2.6609487054536911E-017  -4.0306309332630214E-017   2.2122188181881938E-016  -2.7987817308337360E-017  -2.6465673149562575E-017   1.4482115502007007E-016  -1.8377315671832862E-017   2.8330100214793932E-032   1.5822073479473095E-032  -1.1683664061241627E-032   1.1948969087472345E-031  -1.5187134517003181E-032   4.7743383416749305E-019   1.6287155661410966E-018  -5.6011884480447581E-018  -5.8642600995624745E-018   1.4409361074418513E-016  -7.8033118087965632E-017   5.4333557823285664E-017  -1.3940343738597343E-017  -7.2721505038434282E-018   8.9373844067832918E-017  -8.8305883950183908E-018  -4.9209735952762636E-018   5.8621635052212687E-017  -7.3414788167456872E-032  -8.3260093402361514E-033   2.5915743375413558E-032  -1.5187134517003181E-032   4.8359950378370363E-032
