   1.0004360250758655        3.1591636390721212E-003   2.3540121329279776E-003  -1.1614168161452303E-066  -5.7460242897030069E-050   2.7863768972277361E-065   5.4900770834001443E-067   1.7472042447163479E-050  -9.5025542047301845E-066   1.1870661028096319E-019   8.0639679782024757E-019   1.6882544283692916E-019  -7.7604505651276861E-020   2.7688417215626559E-018   3.1591636390721212E-003  0.26575502817734570       0.28860805426049579        4.4222767116413146E-066  -4.0723989037622950E-049   1.4088628074850202E-064   1.9522353953410762E-065   5.3122363248180358E-049  -3.0193033292943092E-064   3.3607116063712913E-018   4.5926177840517387E-017   1.6714411010251756E-017  -1.8913710390342117E-018  -2.4987717582663183E-017   2.3540121329279776E-003  0.28860805426049579       0.31342743572804022        4.8038675071973039E-066  -4.4220296104360476E-049   1.5297330076638075E-064   2.1200795207978913E-065   5.7689304485942452E-049  -3.2788781065894798E-064   3.6496239249657355E-018   4.9875219348198106E-017   1.8151762608334628E-017  -2.0539560496250601E-018  -2.7139782130421973E-017  -1.1614168161452303E-066   4.4222767116413146E-066   4.8038675071973039E-066   7.5061742113211534E-131  -6.7127914663047747E-114   2.3126272277906995E-129   3.2447567148340838E-130   8.8262480084810369E-114  -5.0170732939422510E-129   5.5828099835733954E-083   7.6391507868647721E-082   2.7817115282552388E-082  -3.1406329317246403E-083  -4.1952670832736234E-082  -5.7460242897030069E-050  -4.0723989037622950E-049  -4.4220296104360476E-049  -6.7127914663047747E-114   6.2681730993594374E-097  -2.1726997920188894E-112  -2.9932496636677363E-113  -8.1462771280656499E-097   4.6298553540295113E-112  -5.1540575088844381E-066  -7.0390435807021653E-065  -2.5611396569878258E-065   2.9012140695753755E-066   3.8129625553602076E-065   2.7863768972277361E-065   1.4088628074850202E-064   1.5297330076638075E-064   2.3126272277906995E-129  -2.1726997920188894E-112   7.5374464725454821E-128   1.0357797578429065E-128   2.8191279516147854E-112  -1.6021891155968448E-127   1.7836955900822571E-081   2.4353933755871690E-080   8.8601274263000774E-081  -1.0041266693353897E-081  -1.3166625738449457E-080   5.4900770834001443E-067   1.9522353953410762E-065   2.1200795207978913E-065   3.2447567148340838E-130  -2.9932496636677363E-113   1.0357797578429065E-128   1.4342117644320825E-129   3.9027201901206677E-113  -2.2181663829700190E-128   2.4690269356656585E-082   3.3738177368211499E-081   1.2278305154778870E-081  -1.3895750519147852E-082  -1.8346254534654659E-081   1.7472042447163479E-050   5.3122363248180358E-049   5.7689304485942452E-049   8.8262480084810369E-114  -8.1462771280656499E-097   2.8191279516147854E-112   3.9027201901206677E-113   1.0619991576631122E-096  -6.0360120293085063E-112   6.7186794667183068E-066   9.1805762344255139E-065   3.3410474563252888E-065  -3.7813183521718009E-066  -4.9914311248774449E-065  -9.5025542047301845E-066  -3.0193033292943092E-064  -3.2788781065894798E-064  -5.0170732939422510E-129   4.6298553540295113E-112  -1.6021891155968448E-127  -2.2181663829700190E-128  -6.0360120293085063E-112   3.4306487343443366E-127  -3.8186464333869274E-081  -5.2179314892773666E-080  -1.8989446024692300E-080   2.1491554817838284E-081   2.8370991928631310E-080   1.1870661028096319E-019   3.3607116063712913E-018   3.6496239249657355E-018   5.5828099835733954E-083  -5.1540575088844381E-066   1.7836955900822571E-081   2.4690269356656585E-082   6.7186794667183068E-066  -3.8186464333869274E-081   4.2505424170554794E-035   5.8079837267097327E-034   2.1136642491791812E-034  -2.3922429077061983E-035  -3.1575082579903108E-034   8.0639679782024757E-019   4.5926177840517387E-017   4.9875219348198106E-017   7.6391507868647721E-082  -7.0390435807021653E-065   2.4353933755871690E-080   3.3738177368211499E-081   9.1805762344255139E-065  -5.2179314892773666E-080   5.8079837267097327E-034   7.9367522996582011E-033   2.8884757190407529E-033  -3.2686966264923909E-034  -4.3174281468496141E-033   1.6882544283692916E-019   1.6714411010251756E-017   1.8151762608334628E-017   2.7817115282552388E-082  -2.5611396569878258E-065   8.8601274263000774E-081   1.2278305154778870E-081   3.3410474563252888E-065  -1.8989446024692300E-080   2.1136642491791812E-034   2.8884757190407529E-033   1.0512379551474824E-033  -1.1895434602735892E-034  -1.5716703839721865E-033  -7.7604505651276861E-020  -1.8913710390342117E-018  -2.0539560496250601E-018  -3.1406329317246403E-083   2.9012140695753755E-066  -1.0041266693353897E-081  -1.3895750519147852E-082  -3.7813183521718009E-066   2.1491554817838284E-081  -2.3922429077061983E-035  -3.2686966264923909E-034  -1.1895434602735892E-034   1.3463871427791674E-035   1.7766795446393832E-034   2.7688417215626559E-018  -2.4987717582663183E-017  -2.7139782130421973E-017  -4.1952670832736234E-082   3.8129625553602076E-065  -1.3166625738449457E-080  -1.8346254534654659E-081  -4.9914311248774449E-065   2.8370991928631310E-080  -3.1575082579903108E-034  -4.3174281468496141E-033  -1.5716703839721865E-033   1.7766795446393832E-034   2.3588755440777551E-033
