   1.0004360244495498        3.1591358339070333E-003   2.3539835826404268E-003  -1.9281041818844400E-065   6.2921759168855063E-049  -6.5939055660620078E-064   1.0616964998430725E-064  -1.5209422481698144E-049   1.8692277100770004E-064   2.3741923436580701E-020   8.9304262819634303E-019   9.7651549346120467E-020   2.1131188507999983E-019   2.7182059633604370E-018   3.1591358339070333E-003  0.26575489107937500       0.28860804733804807       -1.0145954551455376E-063   3.3110982426876617E-047  -3.4698041051688250E-062   5.5867970947620616E-063  -8.0033928470955379E-048   9.8361406068196575E-063   1.0929207460484993E-018   5.0924007875555448E-017   1.6843002022140963E-017   1.0711767216948664E-017  -2.2727047557081118E-017   2.3539835826404268E-003  0.28860804733804807       0.31342758238341084       -1.1018361566165844E-063   3.5958053476310226E-047  -3.7681576435535800E-062   6.0671817594848514E-063  -8.6915701912809246E-048   1.0681908052359365E-062   1.1868931030959642E-018   5.5302824798797572E-017   1.8291498776612838E-017   1.1632817689478282E-017  -2.4684639407218932E-017  -1.9281041818844400E-065  -1.0145954551455376E-063  -1.1018361566165844E-063   3.8735610163178207E-126  -1.2641236464934796E-109   1.3247149736459836E-124  -2.1329485877767925E-125   3.0555656814879260E-110  -3.7552790732549841E-125  -4.1726157357969039E-081  -1.9441906988463316E-079  -6.4302246726420268E-080  -4.0895847147198720E-080   8.6745449177438181E-080   6.2921759168855063E-049   3.3110982426876617E-047   3.5958053476310226E-047  -1.2641236464934796E-109   4.1254251240453936E-093  -4.3231628880903479E-108   6.9608061811986416E-109  -9.9717361237144174E-094   1.2255227310699090E-108   1.3617191508446298E-064   6.3448011422036391E-063   2.0984822590076063E-063   1.3346222558661776E-063  -2.8309086812654627E-063  -6.5939055660620078E-064  -3.4698041051688250E-062  -3.7681576435535800E-062   1.3247149736459836E-124  -4.3231628880903479E-108   4.5303785173624180E-123  -7.2944479778220150E-124   1.0449696272174941E-108  -1.2842638589153244E-123  -1.4269883761292480E-079  -6.6489168997916400E-078  -2.1990656327947222E-078  -1.3985926863600415E-078   2.9665983032948780E-078   1.0616964998430725E-064   5.5867970947620616E-063   6.0671817594848514E-063  -2.1329485877767925E-125   6.9608061811986416E-109  -7.2944479778220150E-124   1.1744928397755578E-124  -1.6825253243033368E-109   2.0678174842902138E-124   2.2976209238692141E-080   1.0705546622373574E-078   3.5407570907044363E-079   2.2519004877171373E-079  -4.7765759353881896E-079  -1.5209422481698144E-049  -8.0033928470955379E-048  -8.6915701912809246E-048   3.0555656814879260E-110  -9.9717361237144174E-094   1.0449696272174941E-108  -1.6825253243033368E-109   2.4103096852110444E-094  -2.9622618082715249E-109  -3.2914678227690173E-065  -1.5336281918719273E-063  -5.0723284719619898E-064  -3.2259707936186913E-064   6.8427066460549165E-064   1.8692277100770004E-064   9.8361406068196575E-063   1.0681908052359365E-062  -3.7552790732549841E-125   1.2255227310699090E-108  -1.2842638589153244E-123   2.0678174842902138E-124  -2.9622618082715249E-109   3.6406089535236461E-124   4.0452019439769395E-080   1.8848234518705326E-078   6.2338731849465025E-079   3.9647063342445050E-079  -8.4096615150064313E-079   2.3741923436580701E-020   1.0929207460484993E-018   1.1868931030959642E-018  -4.1726157357969039E-081   1.3617191508446298E-064  -1.4269883761292480E-079   2.2976209238692141E-080  -3.2914678227690173E-065   4.0452019439769395E-080   4.4947675317433095E-036   2.0942879360522949E-034   6.9265981734185057E-035   4.4053196477239478E-035  -9.3433192331235531E-035   8.9304262819634303E-019   5.0924007875555448E-017   5.5302824798797572E-017  -1.9441906988463316E-079   6.3448011422036391E-063  -6.6489168997916400E-078   1.0705546622373574E-078  -1.5336281918719273E-063   1.8848234518705326E-078   2.0942879360522949E-034   9.7581517838148060E-033   3.2274300783975502E-033   2.0526152265875161E-033  -4.3541022344748444E-033   9.7651549346120467E-020   1.6843002022140963E-017   1.8291498776612838E-017  -6.4302246726420268E-080   2.0984822590076063E-063  -2.1990656327947222E-078   3.5407570907044363E-079  -5.0723284719619898E-064   6.2338731849465025E-079   6.9265981734185057E-035   3.2274300783975502E-033   1.0674855715602537E-033   6.7888131066782399E-034  -1.4407002289091549E-033   2.1131188507999983E-019   1.0711767216948664E-017   1.1632817689478282E-017  -4.0895847147198720E-080   1.3346222558661776E-063  -1.3985926863600415E-078   2.2519004877171373E-079  -3.2259707936186913E-064   3.9647063342445050E-079   4.4053196477239478E-035   2.0526152265875161E-033   6.7888131066782399E-034   4.3176563873354380E-034  -9.1580695404054006E-034   2.7182059633604370E-018  -2.2727047557081118E-017  -2.4684639407218932E-017   8.6745449177438181E-080  -2.8309086812654627E-063   2.9665983032948780E-078  -4.7765759353881896E-079   6.8427066460549165E-064  -8.4096615150064313E-079  -9.3433192331235531E-035  -4.3541022344748444E-033  -1.4407002289091549E-033  -9.1580695404054006E-034   1.9525173415315633E-033
