   1.0004360244495498        3.1591358339070593E-003   2.3539835826408744E-003  -1.5102091408780862E-077  -3.9711404798060025E-062  -1.7807334115040571E-077   4.1986309689685591E-078  -2.2764175118178519E-062  -1.4527891794065941E-077  -1.8797473811770775E-021   6.9177318137566184E-020   2.6594530583945213E-019   1.4328672844438927E-020   2.8799030081885638E-018   3.1591358339070593E-003  0.26575489107937617       0.28860804733804812       -1.2488490440663972E-076  -1.8660608511665300E-060  -1.0331822619362024E-075   1.2416430675760762E-076  -9.6011875202793350E-061  -5.9409424578481364E-076   4.2849132183758928E-020   3.9845779088432046E-018   1.8726346875796875E-017   1.6598565036995955E-018  -2.0260688521916601E-017   2.3539835826408744E-003  0.28860804733804812       0.31342758238340956       -1.3560951931090362E-076  -2.0265108276215069E-060  -1.1220231294996163E-075   1.3483868218232228E-076  -1.0426703724497841E-060  -6.4517437072928034E-076   4.6536444683723109E-020   4.3272016778480652E-018   2.0336641732837387E-017   1.8025989584742553E-018  -2.2006332360010987E-017  -1.5102091408780862E-077  -1.2488490440663972E-076  -1.3560951931090362E-076   5.8871919564126249E-152   8.7714751055699458E-136   4.8559353255280958E-151  -5.8384990111542748E-152   4.5133844809309897E-136   2.7928144494131281E-151  -2.0103363581974144E-095  -1.8727502259458714E-093  -8.8005710948900077E-093  -7.7993475762951381E-094   9.4785268985112712E-093  -3.9711404798060025E-062  -1.8660608511665300E-060  -2.0265108276215069E-060   8.7714751055699458E-136   1.3103294953428106E-119   7.2548305421863033E-135  -8.7189676546054646E-136   6.7418998900315993E-120   4.1717041342513247E-135  -3.0083345911944985E-079  -2.7979038794285072E-077  -1.3149223500773936E-076  -1.1654980534020753E-077   1.4221053741410446E-076  -1.7807334115040571E-077  -1.0331822619362024E-075  -1.1220231294996163E-075   4.8559353255280958E-151   7.2548305421863033E-135   4.0167603032727863E-150  -4.8273187063781763E-151   3.7327415542079290E-135   2.3097170198480727E-150  -1.6657249957511502E-094  -1.5491068537102297E-092  -7.2803149387056334E-092  -6.4530378338820117E-093   7.8750773521313995E-092   4.1986309689685591E-078   1.2416430675760762E-076   1.3483868218232228E-076  -5.8384990111542748E-152  -8.7189676546054646E-136  -4.8273187063781763E-151   5.8018666013304837E-152  -4.4861145719993828E-136  -2.7758924599524371E-151   2.0013196393075122E-095   1.8617084598256056E-093   8.7493224044405594E-093   7.7549287488332098E-094  -9.4575764919621632E-093  -2.2764175118178519E-062  -9.6011875202793350E-061  -1.0426703724497841E-060   4.5133844809309897E-136   6.7418998900315993E-120   3.7327415542079290E-135  -4.4861145719993828E-136   3.4688439448198103E-120   2.1464272399446235E-135  -1.5477815349177389E-079  -1.4395722770749485E-077  -6.7655001182931765E-077  -5.9966650373554633E-078   7.3162366892840986E-077  -1.4527891794065941E-077  -5.9409424578481364E-076  -6.4517437072928034E-076   2.7928144494131281E-151   4.1717041342513247E-135   2.3097170198480727E-150  -2.7758924599524371E-151   2.1464272399446235E-135   1.3281515822730923E-150  -9.5771274696298880E-095  -8.9076744909397557E-093  -4.1863014552289962E-092  -3.7105638160647936E-093   4.5269418034497275E-092  -1.8797473811770775E-021   4.2849132183758928E-020   4.6536444683723109E-020  -2.0103363581974144E-095  -3.0083345911944985E-079  -1.6657249957511502E-094   2.0013196393075122E-095  -1.5477815349177389E-079  -9.5771274696298880E-095   6.9145083590446784E-039   6.4240346476193494E-037   3.0192490698275210E-036   2.6764075482810913E-037  -3.2741958167031071E-036   6.9177318137566184E-020   3.9845779088432046E-018   4.3272016778480652E-018  -1.8727502259458714E-093  -2.7979038794285072E-077  -1.5491068537102297E-092   1.8617084598256056E-093  -1.4395722770749485E-077  -8.9076744909397557E-093   6.4240346476193494E-037   5.9742973767990200E-035   2.8077315481698728E-034   2.4886827955962670E-035  -3.0370921755168353E-034   2.6594530583945213E-019   1.8726346875796875E-017   2.0336641732837387E-017  -8.8005710948900077E-093  -1.3149223500773936E-076  -7.2803149387056334E-092   8.7493224044405594E-093  -6.7655001182931765E-077  -4.1863014552289962E-092   3.0192490698275210E-036   2.8077315481698728E-034   1.3195488700795471E-033   1.1696110775905855E-034  -1.4275287717236784E-033   1.4328672844438927E-020   1.6598565036995955E-018   1.8025989584742553E-018  -7.7993475762951381E-094  -1.1654980534020753E-077  -6.4530378338820117E-093   7.7549287488332098E-094  -5.9966650373554633E-078  -3.7105638160647936E-093   2.6764075482810913E-037   2.4886827955962670E-035   1.1696110775905855E-034   1.0367189690446708E-035  -1.2656141324631464E-034   2.8799030081885638E-018  -2.0260688521916601E-017  -2.2006332360010987E-017   9.4785268985112712E-093   1.4221053741410446E-076   7.8750773521313995E-092  -9.4575764919621632E-093   7.3162366892840986E-077   4.5269418034497275E-092  -3.2741958167031071E-036  -3.0370921755168353E-034  -1.4275287717236784E-033  -1.2656141324631464E-034   1.5543746912469376E-033
