   1.0013028019446355        7.3175911077356717E-007  -3.7575575695557076E-003  -1.2827715236908877E-017   2.2880663476445839E-020  -4.8860152756657951E-035   1.6302832029204677E-017  -2.3718033286672925E-019   9.2040500159051630E-035  -1.6751955652751821E-035  -5.6815534685080499E-037   5.7568610407992115E-018   3.6452276532166214E-052   7.1433827973866086E-022   7.3175911077356717E-007  0.23916034261567440       0.28369984517375951       -9.4881343422191050E-017   9.1279496316724694E-019  -2.2308743137207869E-033  -2.3717888339916476E-016   4.3631584913878247E-018  -1.0576148522119526E-032  -5.7073065085591503E-033  -4.3542030210657670E-034   1.9406422189794181E-017  -1.7493145018240294E-049  -1.1436255353429795E-017  -3.7575575695557076E-003  0.28369984517375951       0.33654817181679914       -1.1250321439469913E-016   1.0827014608773596E-018  -2.6461529324062398E-033  -2.8141056922276988E-016   5.1766120710198224E-018  -1.2546119975236716E-032  -6.7701314215708455E-033  -5.1650772074850246E-034   2.2998926359754474E-017  -2.0751079590120243E-049  -1.3566064132214375E-017  -1.2827715236908877E-017  -9.4881343422191050E-017  -1.1250321439469913E-016   3.7806310816692515E-032  -3.6242340640188300E-034   8.8567371732781139E-049   9.3886384673555894E-032  -1.7279437552542491E-033   4.1946631886741465E-048   2.2644564496022522E-048   1.7275021188343234E-049  -7.7727987463096507E-033   6.9395336813151918E-065   4.5370606346089754E-033   2.2880663476445839E-020   9.1279496316724694E-019   1.0827014608773596E-018  -3.6242340640188300E-034   3.4843555106146556E-036  -8.5156166232837170E-051  -9.0485989129511627E-034   1.6647295864899191E-035  -4.0363514602096205E-050  -2.1783260638395323E-050  -1.6618664767009007E-051   7.4199348741707803E-035  -6.6764644201124890E-067  -4.3648341005566603E-035  -4.8860152756657951E-035  -2.2308743137207869E-033  -2.6461529324062398E-033   8.8567371732781139E-049  -8.5156166232837170E-051   2.0811854498819480E-065   2.2115959261294237E-048  -4.0687726008646706E-050   9.8649230298140167E-065   5.3238252709186813E-065   4.0616039057182740E-066  -1.8130289491638603E-049   1.6317329825610131E-081   1.0667671441876474E-049   1.6302832029204677E-017  -2.3717888339916476E-016  -2.8141056922276988E-016   9.3886384673555894E-032  -9.0485989129511627E-034   2.2115959261294237E-048   2.3547930085549619E-031  -4.3308715048280428E-033   1.0490023595958638E-047   5.6597486208226785E-048   4.3180358696882734E-049  -1.9151904470578291E-032   1.7348807557739927E-064   1.1341517424197843E-032  -2.3718033286672925E-019   4.3631584913878247E-018   5.1766120710198224E-018  -1.7279437552542491E-033   1.6647295864899191E-035  -4.0687726008646706E-050  -4.3308715048280428E-033   7.9656140597056130E-035  -1.9296940277303593E-049  -1.0411815987382225E-049  -7.9435229735887286E-051   3.5268034741015657E-034  -3.1914752912001485E-066  -2.0863926084663845E-034   9.2040500159051630E-035  -1.0576148522119526E-032  -1.2546119975236716E-032   4.1946631886741465E-048  -4.0363514602096205E-050   9.8649230298140167E-065   1.0490023595958638E-047  -1.9296940277303593E-049   4.6770689973626060E-064   2.5238696607714531E-064   1.9255104207308795E-065  -8.5766143443594181E-049   7.7358520491608171E-081   5.0573414601613331E-049  -1.6751955652751821E-035  -5.7073065085591503E-033  -6.7701314215708455E-033   2.2644564496022522E-048  -2.1783260638395323E-050   5.3238252709186813E-065   5.6597486208226785E-048  -1.0411815987382225E-049   2.5238696607714531E-064   1.3619906258072868E-064   1.0390850600880006E-065  -4.6320978014174141E-049   4.1745463905696666E-081   2.7291402455454803E-049  -5.6815534685080499E-037  -4.3542030210657670E-034  -5.1650772074850246E-034   1.7275021188343234E-049  -1.6618664767009007E-051   4.0616039057182740E-066   4.3180358696882734E-049  -7.9435229735887286E-051   1.9255104207308795E-065   1.0390850600880006E-065   7.9273559383849221E-067  -3.5334995368164651E-050   3.1848363583131818E-082   2.0821084319620033E-050   5.7568610407992115E-018   1.9406422189794181E-017   2.2998926359754474E-017  -7.7727987463096507E-033   7.4199348741707803E-035  -1.8130289491638603E-049  -1.9151904470578291E-032   3.5268034741015657E-034  -8.5766143443594181E-049  -4.6320978014174141E-049  -3.5334995368164651E-050   1.6078119904440154E-033  -1.4192535359214378E-065  -9.2797897384540908E-034   3.6452276532166214E-052  -1.7493145018240294E-049  -2.0751079590120243E-049   6.9395336813151918E-065  -6.6764644201124890E-067   1.6317329825610131E-081   1.7348807557739927E-064  -3.1914752912001485E-066   7.7358520491608171E-081   4.1745463905696666E-081   3.1848363583131818E-082  -1.4192535359214378E-065   1.2795199972969009E-097   8.3649353278587469E-066   7.1433827973866086E-022  -1.1436255353429795E-017  -1.3566064132214375E-017   4.5370606346089754E-033  -4.3648341005566603E-035   1.0667671441876474E-049   1.1341517424197843E-032  -2.0863926084663845E-034   5.0573414601613331E-049   2.7291402455454803E-049   2.0821084319620033E-050  -9.2797897384540908E-034   8.3649353278587469E-066   5.4686297574484478E-034
