   1.0013028019871866        7.3304523989992497E-007  -3.7575561680038621E-003  -7.4225647657200251E-019  -1.4427911518084353E-020  -1.5034075691829156E-035  -2.6552265199763848E-017  -2.4683853082084794E-019   1.5182319449233506E-034   2.2229368100602572E-036  -3.0277230221639773E-038   5.7568611365563405E-018   4.6493818596359235E-052   7.1427995561142509E-022   7.3304523989992497E-007  0.23916034923759266       0.28369984586594715        5.0353883879170637E-019  -9.1800988371198940E-019   5.5420376943910454E-034  -3.2874562639397179E-017  -4.6318937282459807E-018   7.0470443207623136E-033   4.5928385074921671E-035  -8.1106542635993383E-035   1.9406422244485331E-017   1.6735015386393550E-049  -1.1436255546743994E-017  -3.7575561680038621E-003  0.28369984586594715       0.33654816414190064        6.0010036833263699E-019  -1.0889192710135201E-018   6.5747111524688974E-034  -3.8897219325666632E-017  -5.4935777085235620E-018   8.3588651804711069E-033   5.4473412549663110E-035  -9.6211126807990804E-035   2.2998925842720590E-017   1.9851449496161347E-049  -1.3566064019021559E-017  -7.4225647657200251E-019   5.0353883879170637E-019   6.0010036833263699E-019   1.6104031993732148E-036  -1.9221256352468918E-036   1.1779911742023125E-051  -4.9532652608123499E-035  -9.5692261452501436E-036   1.4724631266529879E-050   9.5051923645529680E-053  -1.7074306305315071E-052   3.6591672199885700E-035   3.5200218399718955E-067  -2.4078956666616890E-035  -1.4427911518084353E-020  -9.1800988371198940E-019  -1.0889192710135201E-018  -1.9221256352468918E-036   3.5239614335694767E-036  -2.1270780669067653E-051   1.2657054964400679E-034   1.7782942074454348E-035  -2.7052056825903892E-050  -1.7632676172319359E-052   3.1132548297507658E-052  -7.4573908676520596E-035  -6.4237527633176641E-067   4.3897715805592916E-035  -1.5034075691829156E-035   5.5420376943910454E-034   6.5747111524688974E-034   1.1779911742023125E-051  -2.1270780669067653E-051   1.2844763638724505E-066  -7.5781166370190253E-050  -1.0729732399831393E-050   1.6327762423980410E-065   1.0639598715165503E-067  -1.8794688984623406E-067   4.4883853420692844E-050   3.8779178279799602E-082  -2.6501126309379088E-050  -2.6552265199763848E-017  -3.2874562639397179E-017  -3.8897219325666632E-017  -4.9532652608123499E-035   1.2657054964400679E-034  -7.5781166370190253E-050   5.2229799231885579E-033   6.4323719082756803E-034  -9.7269978373650666E-049  -6.3721786084255524E-051   1.1149559554145789E-050  -2.8202294678459466E-033  -2.3015974433016286E-065   1.5719877826252306E-033  -2.4683853082084794E-019  -4.6318937282459807E-018  -5.4935777085235620E-018  -9.5692261452501436E-036   1.7782942074454348E-035  -1.0729732399831393E-050   6.4323719082756803E-034   8.9768186105382255E-035  -1.3651974407647683E-049  -8.9005741003259418E-052   1.5708233311024383E-051  -3.7726935521746013E-034  -3.2412375638447603E-066   2.2148937453231255E-034   1.5182319449233506E-034   7.0470443207623136E-033   8.3588651804711069E-033   1.4724631266529879E-050  -2.7052056825903892E-050   1.6327762423980410E-065  -9.7269978373650666E-049  -1.3651974407647683E-049   2.0766961493260924E-064   1.3536523076520884E-066  -2.3898714450385070E-066   5.7269796773049013E-049   4.9311718857650014E-081  -3.3697798480936998E-049   2.2229368100602572E-036   4.5928385074921671E-035   5.4473412549663110E-035   9.5051923645529680E-053  -1.7632676172319359E-052   1.0639598715165503E-067  -6.3721786084255524E-051  -8.9005741003259418E-052   1.3536523076520884E-066   8.8250275333442065E-069  -1.5575777827503001E-068   3.7395914392541152E-051   3.2138976644389027E-083  -2.1962183631603657E-051  -3.0277230221639773E-038  -8.1106542635993383E-035  -9.6211126807990804E-035  -1.7074306305315071E-052   3.1132548297507658E-052  -1.8794688984623406E-067   1.1149559554145789E-050   1.5708233311024383E-051  -2.3898714450385070E-066  -1.5575777827503001E-068   2.7505694379145782E-068  -6.5814801985019309E-051  -5.6753536962871865E-083   3.8783817872844002E-051   5.7568611365563405E-018   1.9406422244485331E-017   2.2998925842720590E-017   3.6591672199885700E-035  -7.4573908676520596E-035   4.4883853420692844E-050  -2.8202294678459466E-033  -3.7726935521746013E-034   5.7269796773049013E-049   3.7395914392541152E-051  -6.5814801985019309E-051   1.6078119556184044E-033   1.3582127418005004E-065  -9.2797896643449829E-034   4.6493818596359235E-052   1.6735015386393550E-049   1.9851449496161347E-049   3.5200218399718955E-067  -6.4237527633176641E-067   3.8779178279799602E-082  -2.3015974433016286E-065  -3.2412375638447603E-066   4.9311718857650014E-081   3.2138976644389027E-083  -5.6753536962871865E-083   1.3582127418005004E-065   1.1710187581316864E-097  -8.0024094644212131E-066   7.1427995561142509E-022  -1.1436255546743994E-017  -1.3566064019021559E-017  -2.4078956666616890E-035   4.3897715805592916E-035  -2.6501126309379088E-050   1.5719877826252306E-033   2.2148937453231255E-034  -3.3697798480936998E-049  -2.1962183631603657E-051   3.8783817872844002E-051  -9.2797896643449829E-034  -8.0024094644212131E-066   5.4686297909113654E-034
