   1.0013028019446351        7.3175911031508031E-007  -3.7575575695549938E-003   6.2722979933442083E-018   6.0428680903551359E-020   1.0057798339379085E-034  -3.2239741626497253E-016  -2.4683210175792190E-018  -5.9283441274592957E-034   6.8199853903310389E-036   1.5606392532604871E-037   5.7568610408087025E-018   2.5892468018311643E-053   7.1433827026152777E-022   7.3175911031508031E-007  0.23916034261567468       0.28369984517375951        4.5933769168843776E-017   1.4227903246508872E-018   1.1564335352792176E-034  -8.8668498993613590E-017   2.3266480598067450E-018  -7.9654044332249396E-033   2.2860431339771497E-033  -1.0869939719649248E-033   1.9406422189794172E-017  -1.3933215661040288E-049  -1.1436255353429788E-017  -3.7575575695549938E-003  0.28369984517375951       0.33654817181679864        5.4464601292582150E-017   1.6875337594708862E-018   1.3680241846845460E-034  -1.0397135356069083E-016   2.7692112222796718E-018  -9.4465989471574015E-033   2.7117537969570080E-033  -1.2894285116932600E-033   2.2998926359754400E-017  -1.6528047439665502E-049  -1.3566064132214311E-017   6.2722979933442083E-018   4.5933769168843776E-017   5.4464601292582150E-017   8.8614502029443189E-033   2.7364337788306540E-034   2.2840786869114896E-050  -1.9049401537981238E-032   4.3140059259022988E-034  -1.5335700436149020E-048   4.3910617879334256E-049  -2.0876994433228104E-049   3.7633094587088875E-033  -2.6760338362896066E-065  -2.1964728150348067E-033   6.0428680903551359E-020   1.4227903246508872E-018   1.6875337594708862E-018   2.7364337788306540E-034   8.4679773737634639E-036   6.9404404285284610E-052  -5.4695361907548650E-034   1.3692523849260274E-035  -4.7422812026894925E-050   1.3600324971578704E-050  -6.4666331758410081E-051   1.1579826871013174E-034  -8.2890023625702227E-067  -6.8035454685277307E-035   1.0057798339379085E-034   1.1564335352792176E-034   1.3680241846845460E-034   2.2840786869114896E-050   6.9404404285284610E-052   6.6020769574869948E-068  -7.5258428568474127E-050   8.7708950024181513E-052  -3.9111295671328316E-066   1.1060753597852064E-066  -5.2558797083700590E-067   9.9620141466552558E-051  -6.7369888399727437E-083  -5.5298002392286403E-051  -3.2239741626497253E-016  -8.8668498993613590E-017  -1.0397135356069083E-016  -1.9049401537981238E-032  -5.4695361907548650E-034  -7.5258428568474127E-050   1.3667845472263154E-031  -6.7856294968554253E-035   3.1440386948861496E-048  -8.4974222992752241E-049   4.0295079508869450E-049  -9.0484765544558762E-033   5.1648807632169803E-065   4.2397409352979071E-033  -2.4683210175792190E-018   2.3266480598067450E-018   2.7692112222796718E-018   4.3140059259022988E-034   1.3692523849260274E-035   8.7708950024181513E-052  -6.7856294968554253E-035   2.8719285262264452E-035  -7.6029314036058542E-050   2.2222752777912921E-050  -1.0575107719722619E-050   1.7460229769990278E-034  -1.3555441707133970E-066  -1.1125834162956537E-034  -5.9283441274592957E-034  -7.9654044332249396E-033  -9.4465989471574015E-033  -1.5335700436149020E-048  -4.7422812026894925E-050  -3.9111295671328316E-066   3.1440386948861496E-048  -7.6029314036058542E-050   2.6564439722551013E-064  -7.6142317664455099E-065   3.6203008994436372E-065  -6.4975287196668818E-049   4.6405404812652936E-081   3.8089213285183112E-049   6.8199853903310389E-036   2.2860431339771497E-033   2.7117537969570080E-033   4.3910617879334256E-049   1.3600324971578704E-050   1.1060753597852064E-066  -8.4974222992752241E-049   2.2222752777912921E-050  -7.6142317664455099E-065   2.1851466843843069E-065  -1.0390162598599305E-065   1.8553780960825957E-049  -1.3318231344288507E-081  -1.0931482838592002E-049   1.5606392532604871E-037  -1.0869939719649248E-033  -1.2894285116932600E-033  -2.0876994433228104E-049  -6.4666331758410081E-051  -5.2558797083700590E-067   4.0295079508869450E-049  -1.0575107719722619E-050   3.6203008994436372E-065  -1.0390162598599305E-065   4.9404340545489464E-066  -8.8202101338643077E-050   6.3327060699909595E-082   5.1978269154486959E-050   5.7568610408087025E-018   1.9406422189794172E-017   2.2998926359754400E-017   3.7633094587088875E-033   1.1579826871013174E-034   9.9620141466552558E-051  -9.0484765544558762E-033   1.7460229769990278E-034  -6.4975287196668818E-049   1.8553780960825957E-049  -8.8202101338643077E-050   1.6078119904441218E-033  -1.1305814491254609E-065  -9.2797897384546159E-034   2.5892468018311643E-053  -1.3933215661040288E-049  -1.6528047439665502E-049  -2.6760338362896066E-065  -8.2890023625702227E-067  -6.7369888399727437E-083   5.1648807632169803E-065  -1.3555441707133970E-066   4.6405404812652936E-081  -1.3318231344288507E-081   6.3327060699909595E-082  -1.1305814491254609E-065   8.1173366030623475E-098   6.6626352397048899E-066   7.1433827026152777E-022  -1.1436255353429788E-017  -1.3566064132214311E-017  -2.1964728150348067E-033  -6.8035454685277307E-035  -5.5298002392286403E-051   4.2397409352979071E-033  -1.1125834162956537E-034   3.8089213285183112E-049  -1.0931482838592002E-049   5.1978269154486959E-050  -9.2797897384546159E-034   6.6626352397048899E-066   5.4686297574484333E-034
