  0.99963645698808223       -4.6878719547322409E-003  -4.5551385335057372E-003  -7.1751041080514102E-022   9.7953239367068602E-023   6.1992477438873054E-023   1.5990343516294354E-022  -2.1829634306287038E-023  -1.3815459014952469E-023   0.0000000000000000        6.4312770725831373E-017  -8.7514382668013041E-017  -1.0924813510373089E-017   3.0055296597597689E-017  -4.6878719547322409E-003  0.23420713612673072       0.28747549229534286       -1.6500722261782148E-020   2.2526025637055041E-021   1.4256012073674789E-021  -9.0224236434030029E-021   1.2316866866347149E-021   7.7948959702669207E-022   0.0000000000000000        1.1141103855235145E-016  -1.7813904497657004E-016   3.1304287832629286E-017   1.0356594798921890E-017  -4.5551385335057372E-003  0.28747549229534286       0.35286070637660633       -2.0254923439713408E-020   2.7651088106430802E-021   1.7499502686610014E-021  -1.1074519476958821E-020   1.5118263931545097E-021   9.5677980313437357E-022   0.0000000000000000        1.3683031866505946E-016  -2.1876445645400800E-016   3.8411820468965929E-017   1.2748411228755521E-017  -7.1751041080514102E-022  -1.6500722261782148E-020  -2.0254923439713408E-020   1.1636326872855811E-039  -1.5885377427878320E-040  -1.0053355097652708E-040   6.3568338884281473E-040  -8.6779649500706520E-041  -5.4919675914940403E-041   0.0000000000000000       -7.9190568529939598E-036   1.2646002819145698E-035  -2.1947026578488028E-036  -7.6138206422686711E-037   9.7953239367068602E-023   2.2526025637055041E-021   2.7651088106430802E-021  -1.5885377427878320E-040   2.1685985516171966E-041   1.3724377278820485E-041  -8.6780566897992654E-041   1.1846757853132763E-041   7.4973810758648007E-042   0.0000000000000000        1.0810732833485157E-036  -1.7263742133928210E-036   2.9961067224954177E-037   1.0394043206468262E-037   6.1992477438873054E-023   1.4256012073674789E-021   1.7499502686610014E-021  -1.0053355097652708E-040   1.3724377278820485E-041   8.6857261594571579E-042  -5.4920687290240830E-041   7.4974398844369681E-042   4.7448563230440323E-042   0.0000000000000000        6.8417729183335213E-037  -1.0925679474986253E-036   1.8961414710012408E-037   6.5780654407755695E-038   1.5990343516294354E-022  -9.0224236434030029E-021  -1.1074519476958821E-020   6.3568338884281473E-040  -8.6780566897992654E-041  -5.4920687290240830E-041   3.4757364800677208E-040  -4.7448651458392493E-041  -3.0028521537969072E-041   0.0000000000000000       -4.2932943102964678E-036   6.8643828814120028E-036  -1.2057302311698249E-036  -3.9959622939066864E-037  -2.1829634306287038E-023   1.2316866866347149E-021   1.5118263931545097E-021  -8.6779649500706520E-041   1.1846757853132763E-041   7.4974398844369681E-042  -4.7448651458392493E-041   6.4774028127019154E-042   4.0993120751153661E-042   0.0000000000000000        5.8609452421275456E-037  -9.3708396550199242E-037   1.6459900204904836E-037   5.4550441818094241E-038  -1.3815459014952469E-023   7.7948959702669207E-022   9.5677980313437357E-022  -5.4919675914940403E-041   7.4973810758648007E-042   4.7448563230440323E-042  -3.0028521537969072E-041   4.0993120751153661E-042   2.5943051520949896E-042   0.0000000000000000        3.7091783693727345E-037  -5.9304625049658643E-037   1.0416871004257022E-037   3.4522977274990993E-038   0.0000000000000000        0.0000000000000000        0.0000000000000000        0.0000000000000000        0.0000000000000000        0.0000000000000000        0.0000000000000000        0.0000000000000000        0.0000000000000000        0.0000000000000000        0.0000000000000000        0.0000000000000000        0.0000000000000000        0.0000000000000000        6.4312770725831373E-017   1.1141103855235145E-016   1.3683031866505946E-016  -7.9190568529939598E-036   1.0810732833485157E-036   6.8417729183335213E-037  -4.2932943102964678E-036   5.8609452421275456E-037   3.7091783693727345E-037   0.0000000000000000        5.7427580282951868E-032  -9.0803246243594231E-032   1.4205690256656828E-032   6.9412529511683654E-033  -8.7514382668013041E-017  -1.7813904497657004E-016  -2.1876445645400800E-016   1.2646002819145698E-035  -1.7263742133928210E-036  -1.0925679474986253E-036   6.8643828814120028E-036  -9.3708396550199242E-037  -5.9304625049658643E-037   0.0000000000000000       -9.0803246243594231E-032   1.4379275450272518E-031  -2.2871796060845764E-032  -1.0634852779365454E-032  -1.0924813510373089E-017   3.1304287832629286E-017   3.8411820468965929E-017  -2.1947026578488028E-036   2.9961067224954177E-037   1.8961414710012408E-037  -1.2057302311698249E-036   1.6459900204904836E-037   1.0416871004257022E-037   0.0000000000000000        1.4205690256656828E-032  -2.2871796060845764E-032   4.2902548223313274E-033   1.0724758924373503E-033   3.0055296597597689E-017   1.0356594798921890E-017   1.2748411228755521E-017  -7.6138206422686711E-037   1.0394043206468262E-037   6.5780654407755695E-038  -3.9959622939066864E-037   5.4550441818094241E-038   3.4522977274990993E-038   0.0000000000000000        6.9412529511683654E-033  -1.0634852779365454E-032   1.0724758924373503E-033   1.3742102689828382E-033
