  0.99963645685571645       -4.6878680181886246E-003  -4.5551333383505570E-003   1.2205980225801549E-021   9.5581977334274105E-022   5.3983681508896706E-024  -9.9474709877559490E-022  -7.7896156591743302E-022  -4.3994918419867186E-024   0.0000000000000000       -1.9360934175326258E-017  -1.2061555892255182E-016   1.7074312492485431E-016   1.6380283730204277E-017  -4.6878680181886246E-003  0.23420715661101152       0.28747549492482721       -1.3085002779667343E-023  -1.0246538263840990E-023  -5.7871358185654561E-026   1.0573492469607635E-023   8.2798374000659566E-024   4.6763640496377460E-026   0.0000000000000000       -2.2284802714035583E-017   3.3668247513273199E-016  -1.3943214593357573E-016   3.3078197089421913E-017  -4.5551333383505570E-003  0.28747549492482721       0.35286068196961173       -1.4597280660283210E-023  -1.1430765227544498E-023  -6.4559746419415537E-026   1.1785396894195098E-023   9.2288494304529024E-024   5.2123559672570111E-026   0.0000000000000000       -2.7377041654837858E-017   4.1312132018048655E-016  -1.7094329126785961E-016   4.0621981606298570E-017   1.2205980225801549E-021  -1.3085002779667343E-023  -1.4597280660283210E-023   1.4906327266883351E-042   1.1672771941308361E-042   6.5926571136955184E-045  -1.2148136293138610E-042  -9.5129016023502181E-043  -5.3727853625682782E-045   0.0000000000000000       -2.2937201487819367E-038  -1.5784149449972469E-037   2.1284198353219729E-037   1.8958883208558387E-038   9.5581977334274105E-022  -1.0246538263840990E-023  -1.1430765227544498E-023   1.1672771941308361E-042   9.1406556661682630E-043   5.1625448440527817E-045  -9.5129015969464073E-043  -7.4493152415242563E-043  -4.2072937957153100E-045   0.0000000000000000       -1.7961548623058382E-038  -1.2360172525032019E-037   1.6667123218761444E-037   1.4846227113914019E-038   5.3983681508896706E-024  -5.7871358185654561E-026  -6.4559746419415537E-026   6.5926571136955184E-045   5.1625448440527817E-045   2.9157502744032737E-047  -5.3727853761145435E-045  -4.2072938087130084E-045  -2.3762346691247936E-047   0.0000000000000000       -1.0144491093302875E-040  -6.9808936725293982E-040   9.4134134715530103E-040   8.3849907141030358E-041  -9.9474709877559490E-022   1.0573492469607635E-023   1.1785396894195098E-023  -1.2148136293138610E-042  -9.5129015969464073E-043  -5.3727853761145435E-045   9.9003072956839565E-043   7.7526829518752235E-043   4.3786326428699598E-045   0.0000000000000000        1.8701695010043361E-038   1.2850592799910073E-037  -1.7340570454819332E-037  -1.5463655823438766E-038  -7.7896156591743302E-022   8.2798374000659566E-024   9.2288494304529024E-024  -9.5129016023502181E-043  -7.4493152415242563E-043  -4.2072938087130084E-045   7.7526829518752235E-043   6.0709320586946983E-043   3.4287976755732754E-045   0.0000000000000000        1.4644829474856629E-038   1.0062977715579595E-037  -1.3578966886027345E-037  -1.2109201999776642E-038  -4.3994918419867186E-024   4.6763640496377460E-026   5.2123559672570111E-026  -5.3727853625682782E-045  -4.2072937957153100E-045  -2.3762346691247936E-047   4.3786326428699598E-045   3.4287976755732754E-045   1.9365483563893609E-047   0.0000000000000000        8.2712434700702879E-041   5.6834625125418314E-040  -7.6692556786370660E-040  -6.8391481075185972E-041   0.0000000000000000        0.0000000000000000        0.0000000000000000        0.0000000000000000        0.0000000000000000        0.0000000000000000        0.0000000000000000        0.0000000000000000        0.0000000000000000        0.0000000000000000        0.0000000000000000        0.0000000000000000        0.0000000000000000        0.0000000000000000       -1.9360934175326258E-017  -2.2284802714035583E-017  -2.7377041654837858E-017  -2.2937201487819367E-038  -1.7961548623058382E-038  -1.0144491093302875E-040   1.8701695010043361E-038   1.4644829474856629E-038   8.2712434700702879E-041   0.0000000000000000        2.5128943534167885E-033  -2.9778742390168940E-032   9.9388136444356864E-033  -3.4851017863250177E-033  -1.2061555892255182E-016   3.3668247513273199E-016   4.1312132018048655E-016  -1.5784149449972469E-037  -1.2360172525032019E-037  -6.9808936725293982E-040   1.2850592799910073E-037   1.0062977715579595E-037   5.6834625125418314E-040   0.0000000000000000       -2.9778742390168940E-032   4.9696878780577630E-031  -2.1957405402204652E-031   4.5609661674517723E-032   1.7074312492485431E-016  -1.3943214593357573E-016  -1.7094329126785961E-016   2.1284198353219729E-037   1.6667123218761444E-037   9.4134134715530103E-040  -1.7340570454819332E-037  -1.3578966886027345E-037  -7.6692556786370660E-040   0.0000000000000000        9.9388136444356864E-033  -2.1957405402204652E-031   1.1122996226786943E-031  -1.6829053952684029E-032   1.6380283730204277E-017   3.3078197089421913E-017   4.0621981606298570E-017   1.8958883208558387E-038   1.4846227113914019E-038   8.3849907141030358E-041  -1.5463655823438766E-038  -1.2109201999776642E-038  -6.8391481075185972E-041   0.0000000000000000       -3.4851017863250177E-033   4.5609661674517723E-032  -1.6829053952684029E-032   4.9623674140821281E-033
