   1.0016283464369062        6.3414040467925448E-003   2.5414876340545418E-003   1.8152880646846357E-016   1.3651297401271006E-016  -1.6106464095677653E-016   1.1268375216009823E-016   8.2998106506104002E-017  -9.8022825490600089E-017   0.0000000000000000       -1.9354033928969204E-016  -4.1789732863652720E-017  -9.9308502405515557E-017   3.2542581766370388E-017   6.3414040467925448E-003  0.29081600516791706       0.29308601749225566        2.9432941191619895E-016   3.8742485372727282E-016  -5.0627275321751212E-016   2.1536499037690601E-016   1.9978882825151495E-016  -2.0071045265912925E-016   0.0000000000000000        4.9072404449573277E-017   8.7898950901829861E-018  -1.2453716454800140E-017  -3.2594850817327622E-017   2.5414876340545418E-003  0.29308601749225566       0.29538854472351450       -2.8791301674398729E-016  -3.0011967047185734E-016   3.6813510708185081E-016  -1.3754256526897341E-016  -2.1755424603807028E-016   3.3054591897458472E-016   0.0000000000000000        5.0203468809380499E-017   9.0198694728024930E-018  -1.2170258894509954E-017  -3.2977090730028641E-017   1.8152880646846357E-016   2.9432941191619895E-016  -2.8791301674398729E-016  0.50946279040787246       -4.7184478546569153E-016   1.1102230246251565E-016  0.30904008905653485       -6.9388939039072284E-018  -2.0816681711721685E-016   0.0000000000000000        2.4029792114209385E-016   2.3692734878127169E-017  -2.1394524752341303E-017   4.3559479537618391E-018   1.3651297401271006E-016   3.8742485372727282E-016  -3.0011967047185734E-016  -4.7184478546569153E-016  0.50946279040787279        2.7755575615628914E-017  -4.1633363423443370E-016  0.30904008905653513       -8.3266726846886741E-017   0.0000000000000000       -6.4214518456836176E-017   1.0678263054978974E-018  -4.5882015450858339E-017  -7.0516606487251460E-018  -1.6106464095677653E-016  -5.0627275321751212E-016   3.6813510708185081E-016   1.1102230246251565E-016   2.7755575615628914E-017  0.50946279040787235       -1.3877787807814457E-017  -1.2490009027033011E-016  0.30904008905653513        0.0000000000000000       -1.9553037582321775E-016  -2.3475653007993514E-017  -7.8029147876103810E-017  -1.5672007239549184E-017   1.1268375216009823E-016   2.1536499037690601E-016  -1.3754256526897341E-016  0.30904008905653485       -4.1633363423443370E-016  -1.3877787807814457E-017  0.18746369399737656       -8.3266726846886741E-017  -1.8041124150158794E-016   0.0000000000000000        1.4576470028439073E-016   1.4372011135233928E-017  -1.2977917051591642E-017   2.6423176901270080E-018   8.2998106506104002E-017   1.9978882825151495E-016  -2.1755424603807028E-016  -6.9388939039072284E-018  0.30904008905653513       -1.2490009027033011E-016  -8.3266726846886741E-017  0.18746369399737670       -1.2490009027033011E-016   0.0000000000000000       -3.8952521903975365E-017   6.4774335390381275E-019  -2.7832027005690924E-017  -4.2775368013310388E-018  -9.8022825490600089E-017  -2.0071045265912925E-016   3.3054591897458472E-016  -2.0816681711721685E-016  -8.3266726846886741E-017  0.30904008905653513       -1.8041124150158794E-016  -1.2490009027033011E-016  0.18746369399737695        0.0000000000000000       -1.1860871077412314E-016  -1.4240329289686493E-017  -4.7332475035774554E-017  -9.5066383731919950E-018   0.0000000000000000        0.0000000000000000        0.0000000000000000        0.0000000000000000        0.0000000000000000        0.0000000000000000        0.0000000000000000        0.0000000000000000        0.0000000000000000        0.0000000000000000        0.0000000000000000        0.0000000000000000        0.0000000000000000        0.0000000000000000       -1.9354033928969204E-016   4.9072404449573277E-017   5.0203468809380499E-017   2.4029792114209385E-016  -6.4214518456836176E-017  -1.9553037582321775E-016   1.4576470028439073E-016  -3.8952521903975365E-017  -1.1860871077412314E-016   0.0000000000000000        2.4257631839380431E-031   2.9691501850067363E-032   4.2782857626894169E-032  -3.0036275264377572E-033  -4.1789732863652720E-017   8.7898950901829861E-018   9.0198694728024930E-018   2.3692734878127169E-017   1.0678263054978974E-018  -2.3475653007993514E-017   1.4372011135233928E-017   6.4774335390381275E-019  -1.4240329289686493E-017   0.0000000000000000        2.9691501850067363E-032   4.2113064292970439E-033   6.2795063957116478E-033  -1.4691729744667206E-033  -9.9308502405515557E-017  -1.2453716454800140E-017  -1.2170258894509954E-017  -2.1394524752341303E-017  -4.5882015450858339E-017  -7.8029147876103810E-017  -1.2977917051591642E-017  -2.7832027005690924E-017  -4.7332475035774554E-017   0.0000000000000000        4.2782857626894169E-032   6.2795063957116478E-033   2.7308514000643548E-032   9.5987671531175010E-034   3.2542581766370388E-017  -3.2594850817327622E-017  -3.2977090730028641E-017   4.3559479537618391E-018  -7.0516606487251460E-018  -1.5672007239549184E-017   2.6423176901270080E-018  -4.2775368013310388E-018  -9.5066383731919950E-018   0.0000000000000000       -3.0036275264377572E-033  -1.4691729744667206E-033   9.5987671531175010E-034   5.3743391809370956E-033
