   1.0016283506481776        6.3413836038351580E-003   2.5414566309944430E-003  -1.0533072833723328E-016  -1.8184530779388705E-017   4.3628329977898840E-017  -4.8335236621791187E-017  -5.1315474719525543E-018   4.9265705388539529E-017  -3.3327464436481136E-017   3.8925832013836996E-017   4.2546729195357118E-017   7.5716266634254179E-017  -2.7922925577620733E-018   6.3413836038351580E-003  0.29081587887332627       0.29308601666157058       -3.7847441423722338E-016   1.7585575742684148E-017   1.5097076221005223E-016  -5.2893510785734956E-017  -1.3351445304746477E-016   2.6436581862148957E-017   1.3003432926752224E-017  -1.7111285776382702E-016  -3.7422166236721108E-017  -9.0017050426196286E-017  -4.1947419999018274E-017   2.5414566309944430E-003  0.29308601666157058       0.29538867142421815        2.0010306511374416E-016   1.0464109307511215E-016  -1.5910157319789654E-016   2.9940598086870196E-016  -8.1866813533859403E-017  -1.6225497425952310E-016   1.3234129699646922E-017  -1.7261254269655551E-016  -3.7880960804386777E-017  -9.1018307874153616E-017  -4.2267648782629622E-017  -1.0533072833723328E-016  -3.7847441423722338E-016   2.0010306511374416E-016  0.50946261586630104        1.3877787807814457E-016  -2.4980018054066022E-016  0.30904013934002605        4.8572257327350599E-017   2.7755575615628914E-017  -2.2969957716066632E-018   7.5759183870676696E-017  -3.0330430196902407E-017  -8.8448790661048412E-017  -7.9166579351017747E-018  -1.8184530779388705E-017   1.7585575742684148E-017   1.0464109307511215E-016   1.3877787807814457E-016  0.50946261586630193        1.5265566588595902E-016   3.4694469519536142E-017  0.30904013934002611        2.5847379792054426E-016   1.3021774177003255E-018  -1.2002948984727661E-017  -2.6140294966778911E-017   3.5987820575723820E-017  -4.2978794806837054E-018   4.3628329977898840E-017   1.5097076221005223E-016  -1.5910157319789654E-016  -2.4980018054066022E-016   1.5265566588595902E-016  0.50946261586630159        1.3877787807814457E-016  -3.4694469519536142E-017  0.30904013934002611        4.3075939997278252E-018  -3.0505421974506144E-017  -4.4583652529803212E-017  -1.4903901608129954E-016   8.0901241691689258E-018  -4.8335236621791187E-017  -5.2893510785734956E-017   2.9940598086870196E-016  0.30904013934002605        3.4694469519536142E-017   1.3877787807814457E-016  0.18746381922626965        0.0000000000000000        2.0122792321330962E-016  -1.3933581605663082E-018   4.5955538268238166E-017  -1.8398445896476792E-017  -5.3653056650422867E-017  -4.8022465146161791E-018  -5.1315474719525543E-018  -1.3351445304746477E-016  -8.1866813533859403E-017   4.8572257327350599E-017  0.30904013934002611       -3.4694469519536142E-017   0.0000000000000000       0.18746381922626940        7.9797279894933126E-017   7.8990111949087225E-019  -7.2809916001861704E-018  -1.5856708907259121E-017   2.1830220194575087E-017  -2.6070946762572372E-018   4.9265705388539529E-017   2.6436581862148957E-017  -1.6225497425952310E-016   2.7755575615628914E-017   2.5847379792054426E-016  0.30904013934002611        2.0122792321330962E-016   7.9797279894933126E-017  0.18746381922626956        2.6129875057319186E-018  -1.8504595948805939E-017  -2.7044453824485325E-017  -9.0407101252258487E-017   4.9074711718871280E-018  -3.3327464436481136E-017   1.3003432926752224E-017   1.3234129699646922E-017  -2.2969957716066632E-018   1.3021774177003255E-018   4.3075939997278252E-018  -1.3933581605663082E-018   7.8990111949087225E-019   2.6129875057319186E-018   1.7595560393500286E-033  -9.7128699883002601E-033  -3.4356046156883425E-033  -7.4013588231968137E-033  -1.7194952621562045E-033   3.8925832013836996E-017  -1.7111285776382702E-016  -1.7261254269655551E-016   7.5759183870676696E-017  -1.2002948984727661E-017  -3.0505421974506144E-017   4.5955538268238166E-017  -7.2809916001861704E-018  -1.8504595948805939E-017  -9.7128699883002601E-033   1.1587291898601604E-031   2.2640934160632509E-032   5.1197204598253542E-032   2.3041026527680202E-032   4.2546729195357118E-017  -3.7422166236721108E-017  -3.7880960804386777E-017  -3.0330430196902407E-017  -2.6140294966778911E-017  -4.4583652529803212E-017  -1.8398445896476792E-017  -1.5856708907259121E-017  -2.7044453824485325E-017  -3.4356046156883425E-033   2.2640934160632509E-032   1.3741520533498648E-032   3.1408535416406002E-032   5.3003517465597421E-033   7.5716266634254179E-017  -9.0017050426196286E-017  -9.1018307874153616E-017  -8.8448790661048412E-017   3.5987820575723820E-017  -1.4903901608129954E-016  -5.3653056650422867E-017   2.1830220194575087E-017  -9.0407101252258487E-017  -7.4013588231968137E-033   5.1197204598253542E-032   3.1408535416406002E-032   9.5386314682176476E-032   1.1542599301010230E-032  -2.7922925577620733E-018  -4.1947419999018274E-017  -4.2267648782629622E-017  -7.9166579351017747E-018  -4.2978794806837054E-018   8.0901241691689258E-018  -4.8022465146161791E-018  -2.6070946762572372E-018   4.9074711718871280E-018  -1.7194952621562045E-033   2.3041026527680202E-032   5.3003517465597421E-033   1.1542599301010230E-032   6.3417809384885145E-033
