   1.0005940609131398       -6.9959914184074875E-004  -2.4780691362848539E-003   2.6659744458405365E-034  -2.4045750533505981E-050  -9.1728122088247940E-051   7.8078230119155681E-035   4.6495755980268320E-051   2.9544352318645714E-051  -7.3453713079855980E-017  -9.1855203151393256E-019   3.6693559759997147E-017  -7.6437499272923503E-020   4.5424121136952398E-018  -6.9959914184074875E-004  0.28446754728599455       0.27609737472612295        1.5277780409190883E-032  -1.2011129587829293E-048  -4.6163310903182151E-049   5.9877493724638489E-032  -2.0505474526393316E-049   3.9680711824486520E-049  -2.3678527488491423E-017  -4.7896880902010473E-017  -1.1927678213221037E-016   3.3182719529022424E-017   3.6257927634114748E-017  -2.4780691362848539E-003  0.27609737472612295       0.26797672079027995        1.4827700132493286E-032  -1.1657228682548706E-048  -4.4803148343076806E-049   5.8115253312315071E-032  -1.9902866800621954E-049   3.8512439970120277E-049  -2.2849636798893327E-017  -4.6485699831132566E-017  -1.1583262955482653E-016   3.2206341958845563E-017   3.5182746903206927E-017   2.6659744458405365E-034   1.5277780409190883E-032   1.4827700132493286E-032   8.2060987178543025E-064  -6.4515882443718568E-080  -2.4795871218623358E-080   3.2158841856925598E-063  -1.1011529909752292E-080   2.1312349864756992E-080  -1.2940397713429859E-048  -2.5726929281080888E-048  -6.3948832773718431E-048   1.7821321069259642E-048   1.9486974166249827E-048  -2.4045750533505981E-050  -1.2011129587829293E-048  -1.1657228682548706E-048  -6.4515882443718568E-080   5.0722115851701959E-096   1.9494407700958789E-096  -2.5282800804312210E-079   8.6569485708757331E-097  -1.6755526085415989E-096   1.0196193975049874E-064   2.0226391328293716E-064   5.0264250694522306E-064  -1.4010819334870235E-064  -1.5321754315608438E-064  -9.1728122088247940E-051  -4.6163310903182151E-049  -4.4803148343076806E-049  -2.4795871218623358E-080   1.9494407700958789E-096   7.4924306219191089E-097  -9.7171344225817233E-080   3.3271953996318649E-097  -6.4397792847477055E-097   3.9182766942799827E-065   7.7737595589004444E-065   1.9318701972070465E-064  -5.3848874076330997E-065  -5.8886974234791489E-065   7.8078230119155681E-035   5.9877493724638489E-032   5.8115253312315071E-032   3.2158841856925598E-063  -2.5282800804312210E-079  -9.7171344225817233E-080   1.2603647497568364E-062  -4.3160981914547447E-080   8.3524703422526283E-080  -5.0006416966330861E-048  -1.0082034328584365E-047  -2.5098338751902197E-047   6.9846224306037234E-048   7.6329639997166424E-048   4.6495755980268320E-051  -2.0505474526393316E-049  -1.9902866800621954E-049  -1.1011529909752292E-080   8.6569485708757331E-097   3.3271953996318649E-097  -4.3160981914547447E-080   1.4782822913853680E-097  -2.8601698666421232E-097   1.6763812604002177E-065   3.4521552538628366E-065   8.6129922508278787E-065  -2.3919311965841937E-065  -2.6116869463090173E-065   2.9544352318645714E-051   3.9680711824486520E-049   3.8512439970120277E-049   2.1312349864756992E-080  -1.6755526085415989E-096  -6.4397792847477055E-097   8.3524703422526283E-080  -2.8601698666421232E-097   5.5352634163810797E-097  -3.3318209732351097E-065  -6.6815991710362900E-065  -1.6623760279236543E-064   4.6286984979539164E-065   5.0594801325670002E-065  -7.3453713079855980E-017  -2.3678527488491423E-017  -2.2849636798893327E-017  -1.2940397713429859E-048   1.0196193975049874E-064   3.9182766942799827E-065  -5.0006416966330861E-048   1.6763812604002177E-065  -3.3318209732351097E-065   7.3717618927789942E-033   4.0629822933246782E-033   7.2541013811475250E-033  -2.7624450933658290E-033  -3.3583147161501078E-033  -9.1855203151393256E-019  -4.7896880902010473E-017  -4.6485699831132566E-017  -2.5726929281080888E-048   2.0226391328293716E-064   7.7737595589004444E-065  -1.0082034328584365E-047   3.4521552538628366E-065  -6.6815991710362900E-065   4.0629822933246782E-033   8.0656530529883299E-033   2.0045383738706228E-032  -5.5871058179149288E-033  -6.1096820081483189E-033   3.6693559759997147E-017  -1.1927678213221037E-016  -1.1583262955482653E-016  -6.3948832773718431E-048   5.0264250694522306E-064   1.9318701972070465E-064  -2.5098338751902197E-047   8.6129922508278787E-065  -1.6623760279236543E-064   7.2541013811475250E-033   2.0045383738706228E-032   5.1336753253375455E-032  -1.3913272521206845E-032  -1.5034399564350559E-032  -7.6437499272923503E-020   3.3182719529022424E-017   3.2206341958845563E-017   1.7821321069259642E-048  -1.4010819334870235E-064  -5.3848874076330997E-065   6.9846224306037234E-048  -2.3919311965841937E-065   4.6286984979539164E-065  -2.7624450933658290E-033  -5.5871058179149288E-033  -1.3913272521206845E-032   3.8707152835008908E-033   4.2294576731282430E-033   4.5424121136952398E-018   3.6257927634114748E-017   3.5182746903206927E-017   1.9486974166249827E-048  -1.5321754315608438E-064  -5.8886974234791489E-065   7.6329639997166424E-048  -2.6116869463090173E-065   5.0594801325670002E-065  -3.3583147161501078E-033  -6.1096820081483189E-033  -1.5034399564350559E-032   4.2294576731282430E-033   4.6428353162887858E-033
