   1.0005940609131398       -6.9959914183987813E-004  -2.4780691362861025E-003  -7.8777499406309420E-034  -6.7367313868672147E-051  -3.4870584921728584E-050   3.3779696985707375E-034  -7.7983968608565842E-052   2.1889605723685104E-050  -9.6770289793450863E-017  -2.0689860503588724E-018   1.4833663750089970E-016  -1.0341155285495213E-020   5.3520891883158085E-018  -6.9959914183987813E-004  0.28446754728599238       0.27609737472612239       -3.1769861695966204E-032  -3.6635240121566070E-049  -1.2378696359250703E-048   4.3514214034241186E-032  -8.8358369402135030E-049   5.7991109195074326E-048   5.5494927106874696E-017   2.5710771458631048E-018  -1.6502759912291223E-016   1.6342606094394352E-017  -1.4805709718841788E-017  -2.4780691362861025E-003  0.27609737472612239       0.26797672079028090       -3.0833508453972595E-032  -3.5555911634238246E-049  -1.2013783915238828E-048   4.2233052116050511E-032  -8.5757981990469880E-049   5.6284128909756096E-048   5.4035791100176904E-017   2.4991344241747473E-018  -1.6043780542662054E-016   1.5861687613128994E-017  -1.4379624078892088E-017  -7.8777499406309420E-034  -3.1769861695966204E-032  -3.0833508453972595E-032   3.5488662525023531E-063   4.0921523235222916E-080   1.3828038128426951E-079  -4.8601328250750507E-063   9.8682816193888285E-080  -6.4768671609670375E-079  -6.1141496691043246E-048  -2.8535763188279424E-049   1.8302568881495059E-047  -1.8251983007145417E-048   1.6489288790564781E-048  -6.7367313868672147E-051  -3.6635240121566070E-049  -3.5555911634238246E-049   4.0921523235222916E-080   4.7186636102417559E-097   1.5944836101546514E-096  -5.6043309033662946E-080   1.1379485037876393E-096  -7.4686786938952003E-096  -7.0731687374389007E-065  -3.2954248697976495E-066   2.1140211462165207E-064  -2.1047103121419659E-065   1.9027002987855031E-065  -3.4870584921728584E-050  -1.2378696359250703E-048  -1.2013783915238828E-048   1.3828038128426951E-079   1.5944836101546514E-096   5.3880660263007794E-096  -1.8937035002143519E-079   3.8450546133953329E-096  -2.5236386627594902E-095  -2.3782625781788341E-064  -1.1109965094844495E-065   7.1251741669198022E-064  -7.1116504553628112E-065   6.4226095551180823E-065   3.3779696985707375E-034   4.3514214034241186E-032   4.2233052116050511E-032  -4.8601328250750507E-063  -5.6043309033662946E-080  -1.8937035002143519E-079   6.6564467266788473E-063  -1.3516066688178125E-079   8.8709003148013285E-079   8.4459470311823492E-048   3.9237360532898617E-049  -2.5178052927734793E-047   2.4998965300855764E-048  -2.2624253905764694E-048  -7.7983968608565842E-052  -8.8358369402135030E-049  -8.5757981990469880E-049   9.8682816193888285E-080   1.1379485037876393E-096   3.8450546133953329E-096  -1.3516066688178125E-079   2.7445050611420321E-096  -1.8012705653956786E-095  -1.7208742945471487E-064  -7.9799269410682512E-066   5.1215511122120821E-064  -5.0761802040769073E-065   4.5972278103384231E-065   2.1889605723685104E-050   5.7991109195074326E-048   5.6284128909756096E-048  -6.4768671609670375E-079  -7.4686786938952003E-096  -2.5236386627594902E-095   8.8709003148013285E-079  -1.8012705653956786E-095   1.1822107420497504E-094   1.1278195114586546E-063   5.2339052234714552E-065  -3.3588820630314834E-063   3.3315888986338688E-064  -3.0163482619317895E-064  -9.6770289793450863E-017   5.5494927106874696E-017   5.4035791100176904E-017  -6.1141496691043246E-048  -7.0731687374389007E-065  -2.3782625781788341E-064   8.4459470311823492E-048  -1.7208742945471487E-064   1.1278195114586546E-063   2.0158710160773875E-032   7.0077972887626592E-034  -4.6480815294065400E-032   3.1852900533726862E-033  -3.4017198312049109E-033  -2.0689860503588724E-018   2.5710771458631048E-018   2.4991344241747473E-018  -2.8535763188279424E-049  -3.2954248697976495E-066  -1.1109965094844495E-065   3.9237360532898617E-049  -7.9799269410682512E-066   5.2339052234714552E-065   7.0077972887626592E-034   2.7489992281627057E-035  -1.7965046334601748E-033   1.4764635402896171E-034  -1.4477505803389874E-034   1.4833663750089970E-016  -1.6502759912291223E-016  -1.6043780542662054E-016   1.8302568881495059E-047   2.1140211462165207E-064   7.1251741669198022E-064  -2.5178052927734793E-047   5.1215511122120821E-064  -3.3588820630314834E-063  -4.6480815294065400E-032  -1.7965046334601748E-033   1.1760769772000733E-031  -9.4763907338008111E-033   9.3750940276688818E-033  -1.0341155285495213E-020   1.6342606094394352E-017   1.5861687613128994E-017  -1.8251983007145417E-048  -2.1047103121419659E-065  -7.1116504553628112E-065   2.4998965300855764E-048  -5.0761802040769073E-065   3.3315888986338688E-064   3.1852900533726862E-033   1.4764635402896171E-034  -9.4763907338008111E-033   9.3888047980574394E-034  -8.5042660427909316E-034   5.3520891883158085E-018  -1.4805709718841788E-017  -1.4379624078892088E-017   1.6489288790564781E-048   1.9027002987855031E-065   6.4226095551180823E-065  -2.2624253905764694E-048   4.5972278103384231E-065  -3.0163482619317895E-064  -3.4017198312049109E-033  -1.4477505803389874E-034   9.3750940276688818E-033  -8.5042660427909316E-034   7.9883388921145648E-034
