   1.0005940609541835       -6.9958916585720983E-004  -2.4780595801861529E-003   1.4584297380957801E-035  -9.4719454198457264E-051  -3.0172938872277992E-051  -3.9651788936741677E-036   1.3439131837050648E-051   6.1633832641643107E-052  -2.9993768017171011E-017  -4.9223987933870970E-019  -9.7513373692612011E-017   6.0822584426571073E-020   5.0580940652216290E-018  -6.9958916585720983E-004  0.28446760905251856       0.27609737368897175        9.1377841520488102E-034  -2.2878376365175429E-049  -1.5816216967673354E-049  -3.7203878313354074E-033  -4.5696798880191357E-049  -1.5593328548390182E-050   1.9624543668017061E-017  -1.8583100526226567E-017  -2.9352206140474499E-017  -1.6943695378686996E-017   7.2008152932557047E-017  -2.4780595801861529E-003  0.27609737368897175       0.26797666059285469        8.8686094202894271E-034  -2.2203393948717897E-049  -1.5350224797076363E-049  -3.6108947692877612E-033  -4.4352246134590789E-049  -1.5135546356361808E-050   1.9100948652935821E-017  -1.8035340215413521E-017  -2.8313082706665599E-017  -1.6445174923239903E-017   6.9879956934260349E-017   1.4584297380957801E-035   9.1377841520488102E-034   8.8686094202894271E-034   2.9355592965745145E-066  -7.3507730159867796E-082  -5.0811224820211710E-082  -1.1951001606822085E-065  -1.4678874434939434E-081  -5.0079801009008234E-083   6.2535025978759022E-050  -5.9702439790991935E-050  -9.5927892996080047E-050  -5.4426904740460263E-050   2.3139557948768280E-049  -9.4719454198457264E-051  -2.2878376365175429E-049  -2.2203393948717897E-049  -7.3507730159867796E-082   1.8410052952551943E-097   1.2723646828546894E-097   2.9922624480928866E-081   3.6751540465950100E-097   1.2535175799239347E-098  -1.5482773748323215E-065   1.4950898436802370E-065   2.4585234438116758E-065   1.3626815971831594E-065  -5.7965233249686372E-065  -3.0172938872277992E-051  -1.5816216967673354E-049  -1.5350224797076363E-049  -5.0811224820211710E-082   1.2723646828546894E-097   8.7948749645394835E-098   2.0685564646358603E-081   2.5407052733697132E-097   8.6678232371772457E-099  -1.0809178834386142E-065   1.0333916220238561E-065   1.6651843827504415E-065   9.4205209674819550E-066  -4.0053893929936976E-065  -3.9651788936741677E-036  -3.7203878313354074E-033  -3.6108947692877612E-033  -1.1951001606822085E-065   2.9922624480928866E-081   2.0685564646358603E-081   4.8656979119028521E-065   5.9764179475008913E-081   2.0392857710637868E-082  -2.5626559698772894E-049   2.4304470730383661E-049   3.8515962719282826E-049   2.2159657088007431E-049  -9.4182172865730777E-049   1.3439131837050648E-051  -4.5696798880191357E-049  -4.4352246134590789E-049  -1.4678874434939434E-081   3.6751540465950100E-097   2.5407052733697132E-097   5.9764179475008913E-081   7.3407217523696710E-097   2.5049207449968545E-098  -3.1531400206432398E-065   2.9851723508854759E-065   4.7129838243594376E-065   2.7218310106807016E-065  -1.1567254828128633E-064   6.1633832641643107E-052  -1.5593328548390182E-050  -1.5135546356361808E-050  -5.0079801009008234E-083   1.2535175799239347E-098   8.6678232371772457E-099   2.0392857710637868E-082   2.5049207449968545E-098   8.5509514591374231E-100  -1.0930336299887255E-066   1.0183373682953353E-066   1.5525955241516688E-066   9.2879381598460649E-067  -3.9441626926749814E-066  -2.9993768017171011E-017   1.9624543668017061E-017   1.9100948652935821E-017   6.2535025978759022E-050  -1.5482773748323215E-065  -1.0809178834386142E-065  -2.5626559698772894E-049  -3.1531400206432398E-065  -1.0930336299887255E-066   2.2500392318488231E-033  -1.2658914515241602E-033   8.9560072158690412E-034  -1.1694665355827336E-033   4.8109431528803282E-033  -4.9223987933870970E-019  -1.8583100526226567E-017  -1.8035340215413521E-017  -5.9702439790991935E-050   1.4950898436802370E-065   1.0333916220238561E-065   2.4304470730383661E-049   2.9851723508854759E-065   1.0183373682953353E-066  -1.2658914515241602E-033   1.2142468417455087E-033   1.9699232839001925E-033   1.1068517303506457E-033  -4.7068114306046777E-033  -9.7513373692612011E-017  -2.9352206140474499E-017  -2.8313082706665599E-017  -9.5927892996080047E-050   2.4585234438116758E-065   1.6651843827504415E-065   3.8515962719282826E-049   4.7129838243594376E-065   1.5525955241516688E-066   8.9560072158690412E-034   1.9699232839001925E-033   1.2545951033740632E-032   1.7464324599539849E-033  -7.9405892519497396E-033   6.0822584426571073E-020  -1.6943695378686996E-017  -1.6445174923239903E-017  -5.4426904740460263E-050   1.3626815971831594E-065   9.4205209674819550E-066   2.2159657088007431E-049   2.7218310106807016E-065   9.2879381598460649E-067  -1.1694665355827336E-033   1.1068517303506457E-033   1.7464324599539849E-033   1.0092147866477757E-033  -4.2889090448438153E-033   5.0580940652216290E-018   7.2008152932557047E-017   6.9879956934260349E-017   2.3139557948768280E-049  -5.7965233249686372E-065  -4.0053893929936976E-065  -9.4182172865730777E-049  -1.1567254828128633E-064  -3.9441626926749814E-066   4.8109431528803282E-033  -4.7068114306046777E-033  -7.9405892519497396E-033  -4.2889090448438153E-033   1.8255034150031319E-032
