   1.0014904127128346        7.0363341288673517E-004  -3.8767144960855310E-003  -7.0943653626882370E-038   2.4124173613995594E-055   2.8671078898712448E-056  -3.1252125252177779E-035   5.9646846493970136E-053   3.8651052135378497E-053   1.0092100014525354E-016  -1.1756336237194760E-018  -5.5275065419349252E-017   3.2483887692821096E-021   6.0128740217398512E-018   7.0363341288673517E-004   4.9436317457049756E-007  -2.7237263752521828E-006  -4.9844036937826511E-041   1.6949313141308223E-058   2.0143906362517053E-059  -2.1957314091092503E-038   4.1907055358419751E-056   2.7155698527368414E-056   7.0905708994050159E-020  -8.2598404184556965E-022  -3.8835502002660194E-020   2.2822733469025249E-024   4.2245627271800438E-021  -3.8767144960855310E-003  -2.7237263752521828E-006   1.5006549332259112E-005   2.7461899477960033E-040  -9.3383353817763658E-058  -1.1098417495976703E-058   1.2097526392730249E-037  -2.3088967354424988E-055  -1.4961610435819919E-055  -3.9065966009875151E-019   4.5508133211313040E-021   2.1396674862099866E-019  -1.2574334882233471E-023  -2.3275505773512486E-020  -7.0943653626882370E-038  -4.9844036937826511E-041   2.7461899477960033E-040   5.0255119031021749E-075  -1.7089100356638343E-092  -2.0310040562340422E-093   2.2138404130985751E-072  -4.2252678247229422E-090  -2.7379661554414833E-090  -7.1490494438076778E-054   8.3279623583562045E-056   3.9155792661971250E-054  -2.3010960940620027E-058  -4.2594042487624543E-055   2.4124173613995594E-055   1.6949313141308223E-058  -9.3383353817763658E-058  -1.7089100356638343E-092   5.8110965933437826E-110   6.9063675125907737E-111  -7.5280969824526263E-090   1.4367894710545533E-107   9.3103706260324189E-108   2.4310125168420097E-071  -2.8318982673268627E-073  -1.3314808187621669E-071   7.8248072713587943E-076   1.4483974582104066E-072   2.8671078898712448E-056   2.0143906362517053E-059  -1.1098417495976703E-058  -2.0310040562340422E-093   6.9063675125907737E-111   8.2080742339757343E-112  -8.9469867857293139E-091   1.7075944214539073E-108   1.1065181965046319E-108   2.8892078455984333E-072  -3.3656522272974879E-074  -1.5824372771345498E-072   9.2996207967179101E-077   1.7213902729067271E-073  -3.1252125252177779E-035  -2.1957314091092503E-038   1.2097526392730249E-037   2.2138404130985751E-072  -7.5280969824526263E-090  -8.9469867857293139E-091   9.7524181997123500E-070  -1.8613165876221738E-087  -1.2061298911402171E-087  -3.1493019774108273E-051   3.6686371424793426E-053   1.7248924661480040E-051  -1.0136797257037895E-055  -1.8763543781108781E-052   5.9646846493970136E-053   4.1907055358419751E-056  -2.3088967354424988E-055  -4.2252678247229422E-090   1.4367894710545533E-107   1.7075944214539073E-108  -1.8613165876221738E-087   3.5524516775333117E-105   2.3019824696119261E-105   6.0106610380582143E-069  -7.0018481851660350E-071  -3.2920767889142565E-069   1.9346779940634719E-073   3.5811523426449020E-070   3.8651052135378497E-053   2.7155698527368414E-056  -1.4961610435819919E-055  -2.7379661554414833E-090   9.3103706260324189E-108   1.1065181965046319E-108  -1.2061298911402171E-087   2.3019824696119261E-105   1.4916806114249901E-105   3.8948978329233546E-069  -4.5371853694933619E-071  -2.1332599974896850E-069   1.2536679541185166E-073   2.3205804503729083E-070   1.0092100014525354E-016   7.0905708994050159E-020  -3.9065966009875151E-019  -7.1490494438076778E-054   2.4310125168420097E-071   2.8892078455984333E-072  -3.1493019774108273E-051   6.0106610380582143E-069   3.8948978329233546E-069   1.0169890935579736E-032  -1.1846955258290481E-034  -5.5701131178123308E-033   3.2734276763422324E-037   6.0592218589255595E-034  -1.1756336237194760E-018  -8.2598404184556965E-022   4.5508133211313040E-021   8.3279623583562045E-056  -2.8318982673268627E-073  -3.3656522272974879E-074   3.6686371424793426E-053  -7.0018481851660350E-071  -4.5371853694933619E-071  -1.1846955258290481E-034   1.3800575618851097E-036   6.4886517769305727E-035  -3.8132317709723339E-039  -7.0584169208354205E-036  -5.5275065419349252E-017  -3.8835502002660194E-020   2.1396674862099866E-019   3.9155792661971250E-054  -1.3314808187621669E-071  -1.5824372771345498E-072   1.7248924661480040E-051  -3.2920767889142565E-069  -2.1332599974896850E-069  -5.5701131178123308E-033   6.4886517769305727E-035   3.0507859269836265E-033  -1.7928768907849068E-037  -3.3186738553959253E-034   3.2483887692821096E-021   2.2822733469025249E-024  -1.2574334882233471E-023  -2.3010960940620027E-058   7.8248072713587943E-076   9.2996207967179101E-077  -1.0136797257037895E-055   1.9346779940634719E-073   1.2536679541185166E-073   3.2734276763422324E-037  -3.8132317709723339E-039  -1.7928768907849068E-037   1.0536326121999338E-041   1.9503084797805741E-038   6.0128740217398512E-018   4.2245627271800438E-021  -2.3275505773512486E-020  -4.2594042487624543E-055   1.4483974582104066E-072   1.7213902729067271E-073  -1.8763543781108781E-052   3.5811523426449020E-070   2.3205804503729083E-070   6.0592218589255595E-034  -7.0584169208354205E-036  -3.3186738553959253E-034   1.9503084797805741E-038   3.6100848837262791E-035
