   1.0000006294958708        4.8534851342298893E-007   1.2346264679519838E-005  -1.7832717422105729E-006   1.5537074615447219E-016   4.0327989114601679E-019   1.2156618368094316E-018  -3.5167120885927196E-017   2.2032126287906220E-018   1.8129759415883595E-019  -6.0198233673460593E-017  -1.1237068830355469E-018  -4.3348173238414349E-020  -1.6794536685508773E-017  -4.2438009080060044E-017  -7.6907820033906067E-019  -2.4065273014208183E-017  -1.0494881516648430E-016   4.8534851342298893E-007   1.0035927986398536        1.0511396610761111E-004  -8.2049054253521686E-003   1.7072439373173165E-016   4.0317721459229689E-018  -1.5035796509639347E-018   2.0107669433100635E-016   4.0138734644319440E-018   3.1863194326478743E-018  -1.5921856413385603E-016  -2.6445289603482892E-018   2.3501795187278108E-019  -3.9011149656740146E-018  -1.1449187710466923E-016  -1.6983867718502380E-017  -5.8926354752620153E-017  -1.1002785451814813E-016   1.2346264679519838E-005   1.0511396610761111E-004  0.30684666188435844       0.28195571315161344        1.0458501205900645E-016   9.4361124400690551E-017  -2.2976918528061706E-017   1.9956606160326520E-016  -1.4536759195899702E-015  -4.7780640494540917E-016  -4.1735481141748113E-016  -1.0769349946696539E-015  -2.7622600309766600E-016  -1.3549585788774463E-018  -1.9380984247945975E-017  -3.6136694545286871E-017   4.3831719167040550E-017  -9.8841245633201000E-018  -1.7832717422105729E-006  -8.2049054253521686E-003  0.28195571315161344       0.25915254972084140       -5.8339588293579430E-017   7.4277143982573000E-017  -1.0377679251919685E-017   1.8171235930095849E-016  -1.3357934633558690E-015  -4.3907495932945092E-016  -3.8216355773004548E-016  -9.8955520528304006E-016  -2.5382304414401201E-016  -1.2125606229583914E-018  -1.6861274403034320E-017  -3.3064944775360473E-017   4.0764020300349119E-017  -8.1708640491622592E-018   1.5537074615447219E-016   1.7072439373173165E-016   1.0458501205900645E-016  -5.8339588293579430E-017   1.0000213020863002        3.4694469519536080E-018   5.2041704279304197E-018   1.9368182013945035E-005   5.2558394377118156E-019  -2.5758271926003639E-018  -1.2690592914374522E-004   1.3661582648026968E-018   4.8789097761845571E-019   1.7477528400090415E-016   2.0488405201862029E-017  -2.4077690565501293E-018   3.5474711321453143E-017   4.2178355696114891E-016   4.0327989114601679E-019   4.0317721459229689E-018   9.4361124400690551E-017   7.4277143982573000E-017   3.4694469519536080E-018   1.0000213020863018        1.7021974108022426E-017   4.6803864291719902E-018   1.9368182014599984E-005  -9.4824147305035568E-018  -1.6058685888756350E-018  -1.2690592914299254E-004   3.0908817889183181E-017  -6.8434390115023582E-017  -9.8682318082529021E-017   2.7066990168586447E-016   2.8215148471400645E-016   7.6874741382655850E-017   1.2156618368094316E-018  -1.5035796509639347E-018  -2.2976918528061706E-017  -1.0377679251919685E-017   5.2041704279304197E-018   1.7021974108022426E-017   1.0000213020862996       -9.3333501666767410E-018   9.8276468309589057E-018   1.9368182015550433E-005  -1.5228805358685041E-017   1.8039237516618349E-018  -1.2690592914364006E-004  -7.4658413563689670E-017  -1.4359926771322446E-016   1.1062250442449892E-017  -3.2405639184768327E-017  -1.3969324926224283E-016  -3.5167120885927196E-017   2.0107669433100635E-016   1.9956606160326520E-016   1.8171235930095849E-016   1.9368182013945035E-005   4.6803864291719902E-018  -9.3333501666767410E-018   3.7511848371899100E-010   1.0082636870010837E-022  -2.3065575982946830E-022  -2.4578847762312506E-009  -5.6749113735151805E-022   1.1938930423728633E-021   3.3850074043478974E-021   3.9681470811080064E-022  -4.6633115977857994E-023   6.8706602984537105E-022   8.1690066848041889E-021   2.2032126287906220E-018   4.0138734644319440E-018  -1.4536759195899702E-015  -1.3357934633558690E-015   5.2558394377118156E-019   1.9368182014599984E-005   9.8276468309589057E-018   1.0082636870010837E-022   3.7511848374436032E-010   6.6808274045903750E-024  -9.7793102824496801E-023  -2.4578847762997841E-009  -6.4849230710191424E-022  -1.3254214895572404E-021  -1.9112563844068207E-021   5.2422722505610373E-021   5.4646449030848936E-021   1.4888922669579596E-021   1.8129759415883595E-019   3.1863194326478743E-018  -4.7780640494540917E-016  -4.3907495932945092E-016  -2.5758271926003639E-018  -9.4824147305035568E-018   1.9368182015550433E-005  -2.3065575982946830E-022   6.6808274045903750E-024   3.7511848378117720E-010   3.1949851809727997E-023   1.2383339587762730E-021  -2.4578847764329453E-009  -1.4459669407789296E-021  -2.7811975090294607E-021   2.1425111612886139E-022  -6.2762494841125391E-022  -2.7055466442534838E-021  -6.0198233673460593E-017  -1.5921856413385603E-016  -4.1735481141748113E-016  -3.8216355773004548E-016  -1.2690592914374522E-004  -1.6058685888756350E-018  -1.5228805358685041E-017  -2.4578847762312506E-009  -9.7793102824496801E-023   3.1949851809727997E-023   1.6104771786598845E-008   3.0385964278967987E-023   1.8705655580878004E-021  -2.2179547336860504E-020  -2.6000447123895925E-021   3.0555366040589313E-022  -4.5018553024937707E-021  -5.3525693984716650E-020  -1.1237068830355469E-018  -2.6445289603482892E-018  -1.0769349946696539E-015  -9.8955520528304006E-016   1.3661582648026968E-018  -1.2690592914299254E-004   1.8039237516618349E-018  -5.6749113735151805E-022  -2.4578847762997841E-009   1.2383339587762730E-021   3.0385964278967987E-023   1.6104771786407779E-008  -4.1515843544140361E-021   8.6845448639617938E-021   1.2523104498062994E-020  -3.4348883661476059E-020  -3.5805933585772179E-020  -9.7556526670027811E-021  -4.3348173238414349E-020   2.3501795187278108E-019  -2.7622600309766600E-016  -2.5382304414401201E-016   4.8789097761845571E-019   3.0908817889183181E-017  -1.2690592914364006E-004   1.1938930423728633E-021  -6.4849230710191424E-022  -2.4578847764329453E-009   1.8705655580878004E-021  -4.1515843544140361E-021   1.6104771786572160E-008   9.4743935173410248E-021   1.8223210301108951E-020  -1.4038352661578657E-021   4.1123801479290282E-021   1.7727523959485221E-020  -1.6794536685508773E-017  -3.9011149656740146E-018  -1.3549585788774463E-018  -1.2125606229583914E-018   1.7477528400090415E-016  -6.8434390115023582E-017  -7.4658413563689670E-017   3.3850074043478974E-021  -1.3254214895572404E-021  -1.4459669407789296E-021  -2.2179547336860504E-020   8.6845448639617938E-021   9.4743935173410248E-021   4.1105873341316564E-032   2.2297835820690933E-032  -1.9530991876970331E-032  -1.0249451400509356E-032   8.1117889522278022E-032  -4.2438009080060044E-017  -1.1449187710466923E-016  -1.9380984247945975E-017  -1.6861274403034320E-017   2.0488405201862029E-017  -9.8682318082529021E-017  -1.4359926771322446E-016   3.9681470811080064E-022  -1.9112563844068207E-021  -2.7811975090294607E-021  -2.6000447123895925E-021   1.2523104498062994E-020   1.8223210301108951E-020   2.2297835820690933E-032   4.6863067390311584E-032  -2.4096528928935055E-032  -1.7486032497620827E-032   3.8743985893142379E-032  -7.6907820033906067E-019  -1.6983867718502380E-017  -3.6136694545286871E-017  -3.3064944775360473E-017  -2.4077690565501293E-018   2.7066990168586447E-016   1.1062250442449892E-017  -4.6633115977857994E-023   5.2422722505610373E-021   2.1425111612886139E-022   3.0555366040589313E-022  -3.4348883661476059E-020  -1.4038352661578657E-021  -1.9530991876970331E-032  -2.4096528928935055E-032   7.7932136137355826E-032   7.1777648416872865E-032   2.1351598084936975E-032  -2.4065273014208183E-017  -5.8926354752620153E-017   4.3831719167040550E-017   4.0764020300349119E-017   3.5474711321453143E-017   2.8215148471400645E-016  -3.2405639184768327E-017   6.8706602984537105E-022   5.4646449030848936E-021  -6.2762494841125391E-022  -4.5018553024937707E-021  -3.5805933585772179E-020   4.1123801479290282E-021  -1.0249451400509356E-032  -1.7486032497620827E-032   7.1777648416872865E-032   9.2218336257680787E-032   4.8754608555912205E-032  -1.0494881516648430E-016  -1.1002785451814813E-016  -9.8841245633201000E-018  -8.1708640491622592E-018   4.2178355696114891E-016   7.6874741382655850E-017  -1.3969324926224283E-016   8.1690066848041889E-021   1.4888922669579596E-021  -2.7055466442534838E-021  -5.3525693984716650E-020  -9.7556526670027811E-021   1.7727523959485221E-020   8.1117889522278022E-032   3.8743985893142379E-032   2.1351598084936975E-032   4.8754608555912205E-032   2.2671555423257735E-031
