   1.0033395421104128        1.2117918384673399E-002   4.3405485531008078E-003   1.7708124001491618E-017   1.0430385574146139E-017   5.5862442358566276E-018   2.3493473791372131E-017   1.9248683130128846E-018   3.7890237600933289E-018   2.1110998316363558E-019   3.4512033248867401E-019   1.3847965014216228E-018   5.6805017945324248E-019  -3.3573924791180516E-018   1.2117918384673399E-002  0.29778173328368751       0.29212690254413409        1.5408326709873805E-016  -1.4338494173239224E-017  -8.6074353467651587E-018   1.1926915677798425E-016  -8.9069149002154653E-018  -5.3620213462687905E-018   1.3909337297765222E-018   2.6799816472724915E-018   1.5011028388050001E-017   2.9314870576058103E-018  -3.2570748070920916E-017   4.3405485531008078E-003  0.29212690254413409       0.28663625554137467       -1.6476167296914343E-016   9.5759377542881890E-018   4.7521795004454799E-018  -9.5339838016088573E-017   7.1855415744853851E-018   3.6059847965329096E-018   1.3633573091416346E-018   2.6273126380601882E-018   1.4720146667345167E-017   2.8724412908466107E-018  -3.1936942233930458E-017   1.7708124001491618E-017   1.5408326709873805E-016  -1.6476167296914343E-016  0.46444844843250704       -6.9388939039072284E-017   0.0000000000000000       0.31205662365735359        0.0000000000000000        1.9428902930940239E-016  -5.2467980691399876E-017   3.6547661046860372E-018  -9.3772081446501875E-017   6.5241692177778711E-018  -2.5520981248423543E-017   1.0430385574146139E-017  -1.4338494173239224E-017   9.5759377542881890E-018  -6.9388939039072284E-017  0.46444844843250699       -1.3530843112619095E-016   1.7347234759768071E-017  0.31205662365735393       -1.8214596497756474E-016   2.6576426472435200E-017  -2.8270697730284613E-018  -2.0054910573282683E-017   7.9729214109196039E-017  -9.1942369658572114E-017   5.5862442358566276E-018  -8.6074353467651587E-018   4.7521795004454799E-018   0.0000000000000000       -1.3530843112619095E-016  0.46444844843250610        0.0000000000000000        1.1102230246251565E-016  0.31205662365735354        4.9709413628202137E-017   6.7392987167926415E-017   8.2295166871892094E-017  -9.1423180087044942E-017   1.1748357577061819E-016   2.3493473791372131E-017   1.1926915677798425E-016  -9.5339838016088573E-017  0.31205662365735359        1.7347234759768071E-017   0.0000000000000000       0.20966662004594516        4.5102810375396984E-017   1.2490009027033011E-016  -3.5252525786092183E-017   2.4555878585336609E-018  -6.3004191807026960E-017   4.3835009571893562E-018  -1.7147201735055441E-017   1.9248683130128846E-018  -8.9069149002154653E-018   7.1855415744853851E-018   0.0000000000000000       0.31205662365735393        1.1102230246251565E-016   4.5102810375396984E-017  0.20966662004594563        6.9388939039072284E-018   1.7856341089857759E-017  -1.8994699006798611E-018  -1.3474622861525597E-017   5.3568979389938683E-017  -6.1774833231851563E-017   3.7890237600933289E-018  -5.3620213462687905E-018   3.6059847965329096E-018   1.9428902930940239E-016  -1.8214596497756474E-016  0.31205662365735354        1.2490009027033011E-016   6.9388939039072284E-018  0.20966662004594555        3.3399081928589580E-017   4.5280435546255523E-017   5.5293008307020035E-017  -6.1425996788806864E-017   7.8935623778921175E-017   2.1110998316363558E-019   1.3909337297765222E-018   1.3633573091416346E-018  -5.2467980691399876E-017   2.6576426472435200E-017   4.9709413628202137E-017  -3.5252525786092183E-017   1.7856341089857759E-017   3.3399081928589580E-017   1.2774829706979655E-032   6.6509107818956403E-033   1.8323904830293424E-032  -5.9459630021160253E-033   1.0043674387018270E-032   3.4512033248867401E-019   2.6799816472724915E-018   2.6273126380601882E-018   3.6547661046860372E-018  -2.8270697730284613E-018   6.7392987167926415E-017   2.4555878585336609E-018  -1.8994699006798611E-018   4.5280435546255523E-017   6.6509107818956403E-033   9.8490852448143340E-033   1.1460752508595275E-032  -1.3673281559061405E-032   1.7112463417547896E-032   1.3847965014216228E-018   1.5011028388050001E-017   1.4720146667345167E-017  -9.3772081446501875E-017  -2.0054910573282683E-017   8.2295166871892094E-017  -6.3004191807026960E-017  -1.3474622861525597E-017   5.5293008307020035E-017   1.8323904830293424E-032   1.1460752508595275E-032   3.5137639204419522E-032  -2.0811003793727737E-032   2.8296116323224484E-032   5.6805017945324248E-019   2.9314870576058103E-018   2.8724412908466107E-018   6.5241692177778711E-018   7.9729214109196039E-017  -9.1423180087044942E-017   4.3835009571893562E-018   5.3568979389938683E-017  -6.1425996788806864E-017  -5.9459630021160253E-033  -1.3673281559061405E-032  -2.0811003793727737E-032   3.1803329203758532E-032  -3.9589024978304106E-032  -3.3573924791180516E-018  -3.2570748070920916E-017  -3.1936942233930458E-017  -2.5520981248423543E-017  -9.1942369658572114E-017   1.1748357577061819E-016  -1.7147201735055441E-017  -6.1774833231851563E-017   7.8935623778921175E-017   1.0043674387018270E-032   1.7112463417547896E-032   2.8296116323224484E-032  -3.9589024978304106E-032   5.2887742345700434E-032
