  0.99951402317635274       -1.2695368938352204E-002  -1.4704969622894602E-002   4.9469773201325096E-019  -2.1056744016472463E-019  -5.1422793316771163E-021   1.7367631998208020E-016   5.1876192974322652E-020  -1.2030161736935889E-020  -1.9573563506495925E-020  -3.8258645871353143E-020  -7.1140361614252867E-019   4.6145295209262319E-020   5.8919096547034097E-019  -1.2695368938352204E-002  0.19830494024918410       0.28197696494559726        2.3166026863993507E-017   3.5476202980548842E-018   1.0202497214411399E-019   1.2496037802998293E-017   1.2769089780006704E-017   2.1480493432546509E-019  -4.6412941794393177E-019   2.8897219830562806E-018   6.4691050641518386E-018  -5.8562587417331168E-019  -6.3714523508350638E-018  -1.4704969622894602E-002  0.28197696494559726       0.40096445952282866        3.2947239530847517E-017   5.0445450410832134E-018   1.4507765304530032E-019   1.8353305633452862E-017   1.8159743984078664E-017   3.0544467264198538E-019  -6.6012758094539479E-019   4.1094919572071374E-018   9.1976581864729303E-018  -8.3269360338948208E-019  -9.0591908925603634E-018   4.9469773201325096E-019   2.3166026863993507E-017   3.2947239530847517E-017   2.7101770432802803E-033   4.1446655888920871E-034   1.1921331047639305E-035   1.8053132594369599E-033   1.4934094902833131E-033   2.5096969030673391E-035  -5.4317306003049984E-035   3.3786855481087219E-034   7.5513361261392917E-034  -6.8395806168903700E-035  -7.4395544390290878E-034  -2.1056744016472463E-019   3.5476202980548842E-018   5.0445450410832134E-018   4.1446655888920871E-034   6.3466215944213383E-035   1.8252214339618162E-036   2.2644184065746328E-034   2.2844987498069393E-034   3.8428291358113726E-036  -8.3039630842197660E-036   5.1698755181421024E-035   1.1572556695136566E-034  -1.0476540819553165E-035  -1.1398050859018287E-034  -5.1422793316771163E-021   1.0202497214411399E-019   1.4507765304530032E-019   1.1921331047639305E-035   1.8252214339618162E-036   5.2492278737166575E-038   6.6717428172529764E-036   6.5707180483918998E-036   1.1051637099949319E-037  -2.3885631556150445E-037   1.4869235460747697E-036   3.3278457978152568E-036  -3.0128385172599661E-037  -3.2777662287571400E-036   1.7367631998208020E-016   1.2496037802998293E-017   1.8353305633452862E-017   1.8053132594369599E-033   2.2644184065746328E-034   6.6717428172529764E-036   3.1268998201080374E-032   9.5651219508308294E-034   1.3836528960708928E-035  -3.7857341697191476E-035   2.0772956997542508E-034   3.5571439113944010E-034  -3.5390920078407542E-035  -3.6981963264724591E-034   5.1876192974322652E-020   1.2769089780006704E-017   1.8159743984078664E-017   1.4934094902833131E-033   2.2844987498069393E-034   6.5707180483918998E-036   9.5651219508308294E-034   8.2297354740071369E-034   1.3833042474143486E-035  -2.9928745538071656E-035   1.8620035170293114E-034   4.1629457704461720E-034  -3.7701610094092227E-035  -4.1010754458209390E-034  -1.2030161736935889E-020   2.1480493432546509E-019   3.0544467264198538E-019   2.5096969030673391E-035   3.8428291358113726E-036   1.1051637099949319E-037   1.3836528960708928E-035   1.3833042474143486E-035   2.3268078054227437E-037  -5.0283233896696520E-037   3.1304147049372174E-036   7.0068555809057855E-036  -6.3433805089292146E-037  -6.9012775476596027E-036  -1.9573563506495925E-020  -4.6412941794393177E-019  -6.6012758094539479E-019  -5.4317306003049984E-035  -8.3039630842197660E-036  -2.3885631556150445E-037  -3.7857341697191476E-035  -2.9928745538071656E-035  -5.0283233896696520E-037   1.0887195453709927E-036  -6.7705880352873535E-036  -1.5126163093669329E-035   1.3702205523605610E-036   1.4903331325915891E-035  -3.8258645871353143E-020   2.8897219830562806E-018   4.1094919572071374E-018   3.3786855481087219E-034   5.1698755181421024E-035   1.4869235460747697E-036   2.0772956997542508E-034   1.8620035170293114E-034   3.1304147049372174E-036  -6.7705880352873535E-036   4.2130915603249813E-035   9.4224853659598346E-035  -8.5325348543080945E-036  -9.2818885501457195E-035  -7.1140361614252867E-019   6.4691050641518386E-018   9.1976581864729303E-018   7.5513361261392917E-034   1.1572556695136566E-034   3.3278457978152568E-036   3.5571439113944010E-034   4.1629457704461720E-034   7.0068555809057855E-036  -1.5126163093669329E-035   9.4224853659598346E-035   2.1112366348424034E-034  -1.9106866866833724E-035  -2.0790352119819063E-034   4.6145295209262319E-020  -5.8562587417331168E-019  -8.3269360338948208E-019  -6.8395806168903700E-035  -1.0476540819553165E-035  -3.0128385172599661E-037  -3.5390920078407542E-035  -3.7701610094092227E-035  -6.3433805089292146E-037   1.3702205523605610E-036  -8.5325348543080945E-036  -1.9106866866833724E-035   1.7295208798347408E-036   1.8817478133733489E-035   5.8919096547034097E-019  -6.3714523508350638E-018  -9.0591908925603634E-018  -7.4395544390290878E-034  -1.1398050859018287E-034  -3.2777662287571400E-036  -3.6981963264724591E-034  -4.1010754458209390E-034  -6.9012775476596027E-036   1.4903331325915891E-035  -9.2818885501457195E-035  -2.0790352119819063E-034   1.8817478133733489E-035   2.0474493116833663E-034
