  0.99951402317635252       -1.2695368938351922E-002  -1.4704969622894731E-002   5.8787519608134218E-018   5.2158028075609888E-020   2.0058013168462114E-026   6.8144031038371814E-017   4.8409002769157662E-019  -8.0741665475590646E-026   1.4255192941270639E-020   9.5873691381789703E-020  -3.9583264444941873E-019  -8.0215414011851582E-020   4.6022568505191399E-019  -1.2695368938351922E-002  0.19830494024918435       0.28197696494559737       -2.2203066742654351E-017  -1.0464258788064720E-018   2.3919847948531722E-024  -9.2325184413825939E-017  -4.0758407564452432E-018   1.5614548854438807E-024  -5.6420119549740113E-019  -8.5897486067275619E-018   8.3503156223687834E-018   5.6223932843879954E-019  -2.5901149798539499E-017  -1.4704969622894731E-002  0.28197696494559737       0.40096445952282839       -3.1556405211523698E-017  -1.4880005072408110E-018   3.4018301021300765E-024  -1.3107194975990838E-016  -5.7948374622098028E-018   2.2203535810860472E-024  -8.0233135742422203E-019  -1.2215595790237767E-017   1.1874080722416752E-017   7.9932022855836307E-019  -3.6833796242638836E-017   5.8787519608134218E-018  -2.2203066742654351E-017  -3.1556405211523698E-017   2.5058436095107368E-033   1.1709609970574848E-034  -2.6704384315571509E-040   1.0614876638692559E-032   4.5734448847864428E-034  -1.7474135834968978E-040   6.3072787222579726E-035   9.5971846090058544E-034  -9.3431768830083993E-034  -6.3148077205581282E-035   2.8946565813541871E-033   5.2158028075609888E-020  -1.0464258788064720E-018  -1.4880005072408110E-018   1.1709609970574848E-034   5.5220551193675688E-036  -1.2624722838508329E-041   4.8626201750486218E-034   2.1504295126845303E-035  -8.2398522920100889E-042   2.9775311248302933E-036   4.5333578382040521E-035  -4.4065442974626394E-035  -2.9661970794944508E-036   1.3669433471038964E-034   2.0058013168462114E-026   2.3919847948531722E-024   3.4018301021300765E-024  -2.6704384315571509E-040  -1.2624722838508329E-041   2.8882524071020421E-047  -1.1028483061135634E-039  -4.9124721089145204E-041   1.8837843195713721E-047  -6.8092735919204892E-042  -1.0368961103249847E-040   1.0074685732557641E-040   6.7741488618564859E-042  -3.1263141111738048E-040   6.8144031038371814E-017  -9.2325184413825939E-017  -1.3107194975990838E-016   1.0614876638692559E-032   4.8626201750486218E-034  -1.1028483061135634E-039   4.6862036391593417E-032   1.9115023306514780E-033  -7.2577154048800707E-040   2.6131367474606610E-034   3.9708515365983566E-033  -3.8790252210759469E-033  -2.6451837995847185E-034   1.1984194916607624E-032   4.8409002769157662E-019  -4.0758407564452432E-018  -5.7948374622098028E-018   4.5734448847864428E-034   2.1504295126845303E-035  -4.9124721089145204E-041   1.9115023306514780E-033   8.3822249173092744E-035  -3.2088911768673171E-041   1.1591367250135420E-035   1.7644708557346600E-034  -1.7159637375276703E-034  -1.1565810904809645E-035   5.3208901308786462E-034  -8.0741665475590646E-026   1.5614548854438807E-024   2.2203535810860472E-024  -1.7474135834968978E-040  -8.2398522920100889E-042   1.8837843195713721E-047  -7.2577154048800707E-040  -3.2088911768673171E-041   1.2295279787798719E-047  -4.4429461185259681E-042  -6.7644496640470459E-041   6.5753130899644445E-041   4.4262264204120788E-042  -2.0396894347974917E-040   1.4255192941270639E-020  -5.6420119549740113E-019  -8.0233135742422203E-019   6.3072787222579726E-035   2.9775311248302933E-036  -6.8092735919204892E-042   2.6131367474606610E-034   1.1591367250135420E-035  -4.4429461185259681E-042   1.6056983455854875E-036   2.4448799064060439E-035  -2.3760681070196641E-035  -1.5986697779230468E-036   7.3718085763282189E-035   9.5873691381789703E-020  -8.5897486067275619E-018  -1.2215595790237767E-017   9.5971846090058544E-034   4.5333578382040521E-035  -1.0368961103249847E-040   3.9708515365983566E-033   1.7644708557346600E-034  -6.7644496640470459E-041   2.4448799064060439E-035   3.7227874756017396E-034  -3.6176416414280272E-034  -2.4333774676066373E-035   1.1224751449141438E-033  -3.9583264444941873E-019   8.3503156223687834E-018   1.1874080722416752E-017  -9.3431768830083993E-034  -4.4065442974626394E-035   1.0074685732557641E-040  -3.8790252210759469E-033  -1.7159637375276703E-034   6.5753130899644445E-041  -2.3760681070196641E-035  -3.6176416414280272E-034   3.5163820698801239E-034   2.3668888552409772E-035  -1.0908239589982157E-033  -8.0215414011851582E-020   5.6223932843879954E-019   7.9932022855836307E-019  -6.3148077205581282E-035  -2.9661970794944508E-036   6.7741488618564859E-042  -2.6451837995847185E-034  -1.1565810904809645E-035   4.4262264204120788E-042  -1.5986697779230468E-036  -2.4333774676066373E-035   2.3668888552409772E-035   1.5960336341535376E-036  -7.3382570417667209E-035   4.6022568505191399E-019  -2.5901149798539499E-017  -3.6833796242638836E-017   2.8946565813541871E-033   1.3669433471038964E-034  -3.1263141111738048E-040   1.1984194916607624E-032   5.3208901308786462E-034  -2.0396894347974917E-040   7.3718085763282189E-035   1.1224751449141438E-033  -1.0908239589982157E-033  -7.3382570417667209E-035   3.3844568619507289E-033
