  0.99951402344085682       -1.2695370956097459E-002  -1.4704973276416421E-002   2.7565422071387755E-018  -2.6057267538857646E-020  -5.4405810551055695E-037   9.4818096887566459E-017   1.6283157191263838E-019   1.5491970876235081E-034   3.5029912990168211E-021   1.8702005683413120E-020  -7.0744640069381307E-019  -1.7921374697831660E-020   6.4428729603602286E-019  -1.2695370956097459E-002  0.19830492852585116       0.28197696220055474       -3.5001023883113575E-017   1.5487446739723965E-018  -1.3917997791281828E-033  -1.0746226825133401E-016   4.0293091983383732E-018  -3.4716231465690563E-033  -1.0201766433354010E-018  -1.9530346141871042E-018   4.6460498057518907E-018  -2.1350421281118612E-018  -5.5841380029589246E-019  -1.4704973276416421E-002  0.28197696220055474       0.40096447542043256       -4.9767495268299187E-017   2.2024611222025409E-018  -1.9793509685102046E-033  -1.5250977674508972E-016   5.7308309415419239E-018  -4.9366523789903585E-033  -1.4508332718671509E-018  -2.7774470274212104E-018   6.6050124406356939E-018  -3.0364118949218560E-018  -7.9198936695453165E-019   2.7565422071387755E-018  -3.5001023883113575E-017  -4.9767495268299187E-017   6.1779831129422070E-033  -2.7331727830544838E-034   2.4560779342397180E-049   1.9012618180328733E-032  -7.1095989660228382E-034   6.1271028208341222E-049   1.8003030515048001E-034   3.4465770248902538E-034  -8.2024432618004981E-034   3.7675728328245860E-034   9.8874899923883053E-035  -2.6057267538857646E-020   1.5487446739723965E-018   2.2024611222025409E-018  -2.7331727830544838E-034   1.2100914019499323E-035  -1.0876399233122156E-050  -8.3283520339480530E-034   3.1499359397971063E-035  -2.7118010193977827E-050  -7.9720166526517548E-036  -1.5260816749986742E-035   3.6255247414348582E-035  -1.6685813156495145E-035  -4.3166270181591348E-036  -5.4405810551055695E-037  -1.3917997791281828E-033  -1.9793509685102046E-033   2.4560779342397180E-049  -1.0876399233122156E-050   9.7763700661146001E-066   7.4632850180357615E-049  -2.8317409239275144E-050   2.4371572086754222E-065   7.1656405543924962E-051   1.3716884834648995E-050  -3.2571418221585506E-050   1.4998634824679677E-050   3.8645936705789113E-051   9.4818096887566459E-017  -1.0746226825133401E-016  -1.5250977674508972E-016   1.9012618180328733E-032  -8.3283520339480530E-034   7.4632850180357615E-049   6.5977474047763879E-032  -2.1464481177744723E-033   1.8753583288491325E-048   5.4739560075424873E-034   1.0489949390618625E-033  -2.5538161981859503E-033   1.1433747872167853E-033   3.5619022661654765E-034   1.6283157191263838E-019   4.0293091983383732E-018   5.7308309415419239E-018  -7.1095989660228382E-034   3.1499359397971063E-035  -2.8317409239275144E-050  -2.1464481177744723E-033   8.2047836065771227E-035  -7.0567428170150954E-050  -2.0754760771960684E-035  -3.9728031647827698E-035   9.4229196092690471E-035  -4.3446537690751125E-035  -1.1089875969125459E-035   1.5491970876235081E-034  -3.4716231465690563E-033  -4.9366523789903585E-033   6.1271028208341222E-049  -2.7118010193977827E-050   2.4371572086754222E-065   1.8753583288491325E-048  -7.0567428170150954E-050   6.0780473569392405E-065   1.7863878739704333E-050   3.4197948640911583E-050  -8.1308379600487739E-050   3.7387515960316726E-050   9.7348381650265339E-051   3.5029912990168211E-021  -1.0201766433354010E-018  -1.4508332718671509E-018   1.8003030515048001E-034  -7.9720166526517548E-036   7.1656405543924962E-051   5.4739560075424873E-034  -2.0754760771960684E-035   1.7863878739704333E-050   5.2521082071181833E-036   1.0053937039475970E-035  -2.3876156654229208E-035   1.0993259578289574E-035   2.8350896582987894E-036   1.8702005683413120E-020  -1.9530346141871042E-018  -2.7774470274212104E-018   3.4465770248902538E-034  -1.5260816749986742E-035   1.3716884834648995E-050   1.0489949390618625E-033  -3.9728031647827698E-035   3.4197948640911583E-050   1.0053937039475970E-035   1.9246063146412721E-035  -4.5713636820802252E-035   2.1043730135802814E-035   5.4348285425755196E-036  -7.0744640069381307E-019   4.6460498057518907E-018   6.6050124406356939E-018  -8.2024432618004981E-034   3.6255247414348582E-035  -3.2571418221585506E-050  -2.5538161981859503E-033   9.4229196092690471E-035  -8.1308379600487739E-050  -2.3876156654229208E-035  -4.5713636820802252E-035   1.0901977481075848E-034  -4.9958038406078265E-035  -1.3332804955431859E-035  -1.7921374697831660E-020  -2.1350421281118612E-018  -3.0364118949218560E-018   3.7675728328245860E-034  -1.6685813156495145E-035   1.4998634824679677E-050   1.1433747872167853E-033  -4.3446537690751125E-035   3.7387515960316726E-050   1.0993259578289574E-035   2.1043730135802814E-035  -4.9958038406078265E-035   2.3010780149734558E-035   5.9179342656918864E-036   6.4428729603602286E-019  -5.5841380029589246E-019  -7.9198936695453165E-019   9.8874899923883053E-035  -4.3166270181591348E-036   3.8645936705789113E-051   3.5619022661654765E-034  -1.1089875969125459E-035   9.7348381650265339E-051   2.8350896582987894E-036   5.4348285425755196E-036  -1.3332804955431859E-035   5.9179342656918864E-036   1.9432570086007182E-036
