   1.0008190325688706        4.2223970974304505E-007  -2.1002891444727909E-003   3.1768160013065560E-016  -1.5485139823571235E-016  -1.5420755013352688E-016   1.9619749291722508E-016  -4.8723013409763151E-017  -1.3893299643170229E-017   0.0000000000000000       -4.3062433995730415E-017   1.0324102618949795E-016  -8.6274143534206018E-018  -7.4023388946431319E-017   4.2223970974304505E-007  0.26815854705310271       0.29269133769193001        9.7089140937789229E-016  -5.9872534455628893E-016  -3.1484077386550828E-016   6.7528979310169075E-016  -3.5810954868710589E-016  -3.5088098780876673E-016   0.0000000000000000        2.4787246938151396E-018  -1.5458710551480786E-016   7.1108636937331139E-018   1.6909002282437810E-016  -2.1002891444727909E-003  0.29269133769193001       0.31947294821266548       -8.5001657105516928E-016   3.6986408839316953E-016   4.1045869822364790E-016  -5.1232903626955020E-016   2.7854424735380791E-016   1.1020021115713491E-016   0.0000000000000000        2.7958830357228748E-018  -1.6894638985126313E-016   7.7795184043451736E-018   1.8471479442466527E-016   3.1768160013065560E-016   9.7089140937789229E-016  -8.5001657105516928E-016  0.48507471482726661        2.2204460492503131E-016  -9.0205620750793969E-017  0.31735539759654829        5.5511151231257827E-017  -8.6736173798840355E-017   0.0000000000000000        1.2429657958151103E-016  -8.8631653123650822E-017   1.1285828025875162E-016   8.7975227627374866E-017  -1.5485139823571235E-016  -5.9872534455628893E-016   3.6986408839316953E-016   2.2204460492503131E-016  0.48507471482726761       -3.0531133177191805E-016  -1.9428902930940239E-016  0.31735539759654802        4.0245584642661925E-016   0.0000000000000000       -8.7895730747375734E-018   3.1610973244035309E-017  -9.9095044073894113E-017  -2.6564411759019563E-017  -1.5420755013352688E-016  -3.1484077386550828E-016   4.1045869822364790E-016  -9.0205620750793969E-017  -3.0531133177191805E-016  0.48507471482726738       -4.8572257327350599E-017  -2.9143354396410359E-016  0.31735539759654791        0.0000000000000000       -9.2271414625512553E-017   5.8448061700458852E-017  -4.9766389714141949E-017  -1.0604229713625294E-016   1.9619749291722508E-016   6.7528979310169075E-016  -5.1232903626955020E-016  0.31735539759654829       -1.9428902930940239E-016  -4.8572257327350599E-017  0.20762667132531792       -1.6653345369377348E-016  -4.8572257327350599E-017   0.0000000000000000        8.1319823992532946E-017  -5.7986393965539445E-017   7.3836428304313566E-017   5.7556933991652022E-017  -4.8723013409763151E-017  -3.5810954868710589E-016   2.7854424735380791E-016   5.5511151231257827E-017  0.31735539759654802       -2.9143354396410359E-016  -1.6653345369377348E-016  0.20762667132531723        2.0122792321330962E-016   0.0000000000000000       -5.7504923933843071E-018   2.0681170705521041E-017  -6.4831965366648104E-017  -1.7379507110990237E-017  -1.3893299643170229E-017  -3.5088098780876673E-016   1.1020021115713491E-016  -8.6736173798840355E-017   4.0245584642661925E-016  0.31735539759654791       -4.8572257327350599E-017   2.0122792321330962E-016  0.20762667132531717        0.0000000000000000       -6.0367672402184349E-017   3.8239073884322921E-017  -3.2559174724867626E-017  -6.9377137873926469E-017   0.0000000000000000        0.0000000000000000        0.0000000000000000        0.0000000000000000        0.0000000000000000        0.0000000000000000        0.0000000000000000        0.0000000000000000        0.0000000000000000        0.0000000000000000        0.0000000000000000        0.0000000000000000        0.0000000000000000        0.0000000000000000       -4.3062433995730415E-017   2.4787246938151396E-018   2.7958830357228748E-018   1.2429657958151103E-016  -8.7895730747375734E-018  -9.2271414625512553E-017   8.1319823992532946E-017  -5.7504923933843071E-018  -6.0367672402184349E-017   0.0000000000000000        5.1437020249182517E-032  -4.0273115813373363E-032   4.0618210019820547E-032   4.7943798527316338E-032   1.0324102618949795E-016  -1.5458710551480786E-016  -1.6894638985126313E-016  -8.8631653123650822E-017   3.1610973244035309E-017   5.8448061700458852E-017  -5.7986393965539445E-017   2.0681170705521041E-017   3.8239073884322921E-017   0.0000000000000000       -4.0273115813373363E-032   1.2506300616336504E-031  -3.8064655402777579E-032  -1.3569555924248031E-031  -8.6274143534206018E-018   7.1108636937331139E-018   7.7795184043451736E-018   1.1285828025875162E-016  -9.9095044073894113E-017  -4.9766389714141949E-017   7.3836428304313566E-017  -6.4831965366648104E-017  -3.2559174724867626E-017   0.0000000000000000        4.0618210019820547E-032  -3.8064655402777579E-032   5.1870473034228133E-032   4.1896635555347047E-032  -7.4023388946431319E-017   1.6909002282437810E-016   1.8471479442466527E-016   8.7975227627374866E-017  -2.6564411759019563E-017  -1.0604229713625294E-016   5.7556933991652022E-017  -1.7379507110990237E-017  -6.9377137873926469E-017   0.0000000000000000        4.7943798527316338E-032  -1.3569555924248031E-031   4.1896635555347047E-032   1.5268865968407332E-031
