   1.0008190326127111        4.2204323333558690E-007  -2.1002894719808936E-003  -4.7794490865069603E-017   6.4169111042800891E-017  -4.2722652865143114E-017   3.4793240555039547E-018  -1.4983221326240804E-016  -1.7433999138566398E-019   0.0000000000000000       -1.1568211087376579E-017   5.1941139354259840E-017   2.2016418401367498E-017  -1.7889853951316800E-016   4.2204323333558690E-007  0.26815854580781789       0.29269133762600502       -4.3124507750416173E-018   2.6281466086898178E-016  -6.4503531889618535E-017  -1.0920919822298965E-016  -9.9351451914970016E-019  -5.1553068719928354E-017   0.0000000000000000        1.1079973460521833E-017  -5.3564860745998137E-017   1.9600723140023652E-017  -1.2888695970739904E-017  -2.1002894719808936E-003  0.29269133762600502       0.31947294955278754        1.2156427748446717E-016   1.4612988603667977E-016   9.7571811664187050E-017  -3.6661526841561718E-017  -9.2752146546586863E-017   5.3569237119025532E-017   0.0000000000000000        1.2117919597675261E-017  -5.8574329641860273E-017   2.1347704676003059E-017  -1.3692319560396798E-017  -4.7794490865069603E-017  -4.3124507750416173E-018   1.2156427748446717E-016  0.48507471304064664        2.0122792321330962E-016  -3.3306690738754696E-016  0.31735539804537838       -3.1225022567582528E-017  -5.5511151231257827E-017   0.0000000000000000       -7.0770369079350016E-017  -5.3247298526444112E-018   1.2030821992773922E-017   1.5156862433671278E-017   6.4169111042800891E-017   2.6281466086898178E-016   1.4612988603667977E-016   2.0122792321330962E-016  0.48507471304064709        2.6367796834847468E-016   1.6306400674181987E-016  0.31735539804537838        1.0755285551056204E-016   0.0000000000000000        2.0268291648639701E-018  -5.8855360742761211E-017  -2.7741419812331940E-017   1.0367615281608359E-016  -4.2722652865143114E-017  -6.4503531889618535E-017   9.7571811664187050E-017  -3.3306690738754696E-016   2.6367796834847468E-016  0.48507471304064620       -1.1102230246251565E-016  -2.4286128663675299E-017  0.31735539804537855        0.0000000000000000       -1.6626375448055605E-016  -1.0812219524114442E-016   6.2252589290380307E-018   4.5339665404890211E-017   3.4793240555039547E-018  -1.0920919822298965E-016  -3.6661526841561718E-017  0.31735539804537838        1.6306400674181987E-016  -1.1102230246251565E-016  0.20762667267733081        0.0000000000000000        2.7755575615628914E-017   0.0000000000000000       -4.6300823450909299E-017  -3.4836525517430557E-018   7.8710479018722304E-018   9.9162293589889406E-018  -1.4983221326240804E-016  -9.9351451914970016E-019  -9.2752146546586863E-017  -3.1225022567582528E-017  0.31735539804537838       -2.4286128663675299E-017   0.0000000000000000       0.20762667267733068       -6.2450045135165055E-017   0.0000000000000000        1.3260332049746137E-018  -3.8505545503581312E-017  -1.8149553234181545E-017   6.7829111393000277E-017  -1.7433999138566398E-019  -5.1553068719928354E-017   5.3569237119025532E-017  -5.5511151231257827E-017   1.0755285551056204E-016  0.31735539804537855        2.7755575615628914E-017  -6.2450045135165055E-017  0.20762667267733129        0.0000000000000000       -1.0877643910346366E-016  -7.0737891268758596E-017   4.0728149133489682E-018   2.9663033703856487E-017   0.0000000000000000        0.0000000000000000        0.0000000000000000        0.0000000000000000        0.0000000000000000        0.0000000000000000        0.0000000000000000        0.0000000000000000        0.0000000000000000        0.0000000000000000        0.0000000000000000        0.0000000000000000        0.0000000000000000        0.0000000000000000       -1.1568211087376579E-017   1.1079973460521833E-017   1.2117919597675261E-017  -7.0770369079350016E-017   2.0268291648639701E-018  -1.6626375448055605E-016  -4.6300823450909299E-017   1.3260332049746137E-018  -1.0877643910346366E-016   0.0000000000000000        6.7913503091891798E-032   3.4777188988812683E-032  -3.4495297849030343E-033  -1.5783404444973546E-032   5.1941139354259840E-017  -5.3564860745998137E-017  -5.8574329641860273E-017  -5.3247298526444112E-018  -5.8855360742761211E-017  -1.0812219524114442E-016  -3.4836525517430557E-018  -3.8505545503581312E-017  -7.0737891268758596E-017   0.0000000000000000        3.4777188988812683E-032   4.4695048056761706E-032  -9.2636030078107923E-034  -2.9561872034969996E-032   2.2016418401367498E-017   1.9600723140023652E-017   2.1347704676003059E-017   1.2030821992773922E-017  -2.7741419812331940E-017   6.2252589290380307E-018   7.8710479018722304E-018  -1.8149553234181545E-017   4.0728149133489682E-018   0.0000000000000000       -3.4495297849030343E-033  -9.2636030078107923E-034   3.8818282724115653E-033  -9.8490059740447182E-033  -1.7889853951316800E-016  -1.2888695970739904E-017  -1.3692319560396798E-017   1.5156862433671278E-017   1.0367615281608359E-016   4.5339665404890211E-017   9.9162293589889406E-018   6.7829111393000277E-017   2.9663033703856487E-017   0.0000000000000000       -1.5783404444973546E-032  -2.9561872034969996E-032  -9.8490059740447182E-033   5.9468385575237314E-032
