   1.0008190326127129        4.2204323363124767E-007  -2.1002894719807891E-003   3.0101256604248584E-017   4.7939926213812581E-017  -2.3767066801783039E-016  -4.6511277283094455E-017   8.3397058366245014E-017  -1.8408220042215255E-016   0.0000000000000000        1.1788058326121389E-016   2.6331211500408162E-017  -2.4276228388875374E-016   2.9108476929556188E-018   4.2204323363124767E-007  0.26815854580781834       0.29269133762600480        6.4244873951496936E-018   1.0667846357618460E-016  -5.7788523050829047E-016  -3.8703771130901803E-017   1.0583846994797958E-016  -3.6679717397368193E-016   0.0000000000000000       -5.3336794178296677E-018  -3.9974771024672923E-017   1.1969969349849483E-016   8.1763540199199396E-018  -2.1002894719807891E-003  0.29269133762600480       0.31947294955278643        5.0547565079396457E-017  -2.3422664995970087E-016   5.9524068919252637E-016  -1.3623102027468770E-017  -1.1400696305491975E-016   4.0180085634459294E-016   0.0000000000000000       -6.0690722011466611E-018  -4.3687178914783186E-017   1.3116012305280118E-016   8.9182672034737796E-018   3.0101256604248584E-017   6.4244873951496936E-018   5.0547565079396457E-017  0.48507471304064759        4.1633363423443370E-016  -1.3183898417423734E-016  0.31735539804537860        1.9428902930940239E-016  -7.6327832942979512E-017   0.0000000000000000        5.4621269725117535E-017   1.1300851732271451E-016  -8.4361101718967581E-017   3.0765045465098607E-017   4.7939926213812581E-017   1.0667846357618460E-016  -2.3422664995970087E-016   4.1633363423443370E-016  0.48507471304064592        6.0021432268797525E-016  -1.3877787807814457E-016  0.31735539804537921        8.3266726846886741E-017   0.0000000000000000       -1.6295174788047777E-016   6.4924380449821816E-017   9.1846992478924376E-017  -1.7747279013472913E-018  -2.3767066801783039E-016  -5.7788523050829047E-016   5.9524068919252637E-016  -1.3183898417423734E-016   6.0021432268797525E-016  0.48507471304064637        6.9388939039072284E-018   2.2204460492503131E-016  0.31735539804537860        0.0000000000000000       -1.1362709151922481E-016   5.0889998835137887E-017  -2.5979052469346397E-016   6.1462674716956217E-017  -4.6511277283094455E-017  -3.8703771130901803E-017  -1.3623102027468770E-017  0.31735539804537860       -1.3877787807814457E-016   6.9388939039072284E-018  0.20762667267733079       -1.8041124150158794E-016   3.4694469519536142E-018   0.0000000000000000        3.5735432768077855E-017   7.3934719813899739E-017  -5.5192427673149512E-017   2.0127730815443273E-017   8.3397058366245014E-017   1.0583846994797958E-016  -1.1400696305491975E-016   1.9428902930940239E-016  0.31735539804537921        2.2204460492503131E-016  -1.8041124150158794E-016  0.20762667267733231       -5.3776427755281020E-017   0.0000000000000000       -1.0660959110120845E-016   4.2476142430406056E-017   6.0089998661665223E-017  -1.1610984131162688E-018  -1.8408220042215255E-016  -3.6679717397368193E-016   4.0180085634459294E-016  -7.6327832942979512E-017   8.3266726846886741E-017  0.31735539804537860        3.4694469519536142E-018  -5.3776427755281020E-017  0.20762667267733129        0.0000000000000000       -7.4339415946426748E-017   3.3294285194991649E-017  -1.6996541595769303E-016   4.0211355231165840E-017   0.0000000000000000        0.0000000000000000        0.0000000000000000        0.0000000000000000        0.0000000000000000        0.0000000000000000        0.0000000000000000        0.0000000000000000        0.0000000000000000        0.0000000000000000        0.0000000000000000        0.0000000000000000        0.0000000000000000        0.0000000000000000        1.1788058326121389E-016  -5.3336794178296677E-018  -6.0690722011466611E-018   5.4621269725117535E-017  -1.6295174788047777E-016  -1.1362709151922481E-016   3.5735432768077855E-017  -1.0660959110120845E-016  -7.4339415946426748E-017   0.0000000000000000        1.0149845254666182E-031  -1.7109238617809000E-032  -1.0473009716488786E-032  -1.0156750516978026E-032   2.6331211500408162E-017  -3.9974771024672923E-017  -4.3687178914783186E-017   1.1300851732271451E-016   6.4924380449821816E-017   5.0889998835137887E-017   7.3934719813899739E-017   4.2476142430406056E-017   3.3294285194991649E-017   0.0000000000000000       -1.7109238617809000E-032   4.7008311277202844E-032  -5.8846418001037532E-032   1.2235712377128037E-032  -2.4276228388875374E-016   1.1969969349849483E-016   1.3116012305280118E-016  -8.4361101718967581E-017   9.1846992478924376E-017  -2.5979052469346397E-016  -5.5192427673149512E-017   6.0089998661665223E-017  -1.6996541595769303E-016   0.0000000000000000       -1.0473009716488786E-032  -5.8846418001037532E-032   2.8351444887063709E-031  -3.5660274270197635E-032   2.9108476929556188E-018   8.1763540199199396E-018   8.9182672034737796E-018   3.0765045465098607E-017  -1.7747279013472913E-018   6.1462674716956217E-017   2.0127730815443273E-017  -1.1610984131162688E-018   4.0211355231165840E-017   0.0000000000000000       -1.0156750516978026E-032   1.2235712377128037E-032  -3.5660274270197635E-032   1.0003274205112262E-032
