   1.0025893901277698        1.1279526646361967E-002   5.1549109222906913E-003   6.0975757618342153E-016  -7.1091127802135977E-017   1.8266749074637530E-017   3.2676754095552338E-016   1.4686713448874907E-016   1.1253461558836163E-017   0.0000000000000000        1.9201415740720506E-017  -2.0911762235482442E-016  -5.3706069743081741E-017  -2.3708537254069101E-018   1.1279526646361967E-002  0.30485085325557010       0.29255030837417445        1.1271057930941086E-015  -2.7895109630193158E-016  -2.5434624216223162E-017   8.8510149432226480E-016   1.0702127356374861E-017  -7.2595647819231874E-017   0.0000000000000000       -2.0459559450760090E-017  -6.8295653073157027E-018  -9.3095947761335161E-017  -2.8976646447432876E-017   5.1549109222906913E-003  0.29255030837417445       0.28077815642570947       -1.5933955181294594E-015   3.6923650133201604E-017   1.0525433237182410E-016  -7.4942546399668534E-016   1.9133100351691671E-016   7.8292024133507950E-018   0.0000000000000000       -1.9746937688285484E-017  -5.3724046100369020E-018  -8.9055243695616859E-017  -2.7800109452518670E-017   6.0975757618342153E-016   1.1271057930941086E-015  -1.5933955181294594E-015  0.51108081400966943        8.3266726846886741E-017   1.6653345369377348E-016  0.30551311234820455       -3.1225022567582528E-016  -5.5511151231257827E-017   0.0000000000000000       -3.9311756188104645E-017   2.5958573116411467E-016   1.3993195666599710E-016   1.8970563438905245E-017  -7.1091127802135977E-017  -2.7895109630193158E-016   3.6923650133201604E-017   8.3266726846886741E-017  0.51108081400966976        1.3530843112619095E-016   2.2898349882893854E-016  0.30551311234820477       -3.4694469519536142E-017   0.0000000000000000        7.7020278605524224E-020  -1.2803339178132978E-017  -7.2506837053074450E-017  -1.3196097479014357E-016   1.8266749074637530E-017  -2.5434624216223162E-017   1.0525433237182410E-016   1.6653345369377348E-016   1.3530843112619095E-016  0.51108081400966976       -2.7755575615628914E-017   1.5959455978986625E-016  0.30551311234820433        0.0000000000000000       -6.4107538405290841E-017  -6.6095274871628201E-017  -8.8881506969957555E-019   1.1938485102696735E-016   3.2676754095552338E-016   8.8510149432226480E-016  -7.4942546399668534E-016  0.30551311234820455        2.2898349882893854E-016  -2.7755575615628914E-017  0.18262916403455665       -7.9797279894933126E-017  -1.1102230246251565E-016   0.0000000000000000       -2.3499721875050491E-017   1.5517476390266637E-016   8.3648312411887931E-017   1.1340194584391694E-017   1.4686713448874907E-016   1.0702127356374861E-017   1.9133100351691671E-016  -3.1225022567582528E-016  0.30551311234820477        1.5959455978986625E-016  -7.9797279894933126E-017  0.18262916403455681        2.7755575615628914E-017   0.0000000000000000        4.6041065102982160E-020  -7.6535606376474695E-018  -4.3343026870482134E-017  -7.8883430979032945E-017   1.1253461558836163E-017  -7.2595647819231874E-017   7.8292024133507950E-018  -5.5511151231257827E-017  -3.4694469519536142E-017  0.30551311234820433       -1.1102230246251565E-016   2.7755575615628914E-017  0.18262916403455623        0.0000000000000000       -3.8322106888582733E-017  -3.9510332972818601E-017  -5.3131452170060773E-019   7.1365694826856544E-017   0.0000000000000000        0.0000000000000000        0.0000000000000000        0.0000000000000000        0.0000000000000000        0.0000000000000000        0.0000000000000000        0.0000000000000000        0.0000000000000000        0.0000000000000000        0.0000000000000000        0.0000000000000000        0.0000000000000000        0.0000000000000000        1.9201415740720506E-017  -2.0459559450760090E-017  -1.9746937688285484E-017  -3.9311756188104645E-017   7.7020278605524224E-020  -6.4107538405290841E-017  -2.3499721875050491E-017   4.6041065102982160E-020  -3.8322106888582733E-017   0.0000000000000000        1.2835755666225090E-032  -1.5379518152930710E-032  -5.4158314948425607E-033  -1.4535291358099911E-032  -2.0911762235482442E-016  -6.8295653073157027E-018  -5.3724046100369020E-018   2.5958573116411467E-016  -1.2803339178132978E-017  -6.6095274871628201E-017   1.5517476390266637E-016  -7.6535606376474695E-018  -3.9510332972818601E-017   0.0000000000000000       -1.5379518152930710E-032   1.8439904035834740E-031   8.5565662154989808E-032  -1.5782982634368849E-033  -5.3706069743081741E-017  -9.3095947761335161E-017  -8.9055243695616859E-017   1.3993195666599710E-016  -7.2506837053074450E-017  -8.8881506969957555E-019   8.3648312411887931E-017  -4.3343026870482134E-017  -5.3131452170060773E-019   0.0000000000000000       -5.4158314948425607E-033   8.5565662154989808E-032   7.9551458694581525E-032   3.2621777203060437E-032  -2.3708537254069101E-018  -2.8976646447432876E-017  -2.7800109452518670E-017   1.8970563438905245E-017  -1.3196097479014357E-016   1.1938485102696735E-016   1.1340194584391694E-017  -7.8883430979032945E-017   7.1365694826856544E-017   0.0000000000000000       -1.4535291358099911E-032  -1.5782982634368849E-033   3.2621777203060437E-032   6.5419880959126251E-032
