   1.0025893901649485        1.1279527340914162E-002   5.1549114993960973E-003   9.1347592404526948E-017   2.9760905190883138E-016  -2.2504228428504209E-016  -1.7903931419154026E-017  -5.2906929760224290E-018  -9.6724479737041393E-017   0.0000000000000000        3.2350626327039462E-017  -5.3234177730620926E-017   1.3217268761301233E-017  -2.5753965774051386E-018   1.1279527340914162E-002  0.30485085644195342       0.29255030830948464        3.0977972876223126E-016   7.8436628069235052E-016  -4.5144702003338480E-016  -1.4017724906272869E-016   6.8162746493053681E-016  -1.8758970796230960E-016   0.0000000000000000       -3.5766390053163724E-016  -1.4610273663767304E-016  -4.9833887994030998E-017  -2.8595047602121868E-017   5.1549114993960973E-003  0.29255030830948464       0.28077815336682144       -2.7766988273889317E-017  -7.6881253611405392E-016   2.2946823282611562E-016  -3.2848535686368846E-016  -2.5433283433668208E-016   2.1593037525503286E-016   0.0000000000000000       -3.4349025739388449E-016  -1.3993700450724226E-016  -4.7908324595198145E-017  -2.7432670577574736E-017   9.1347592404526948E-017   3.0977972876223126E-016  -2.7766988273889317E-017  0.51108081816311313       -1.9428902930940239E-016   3.9898639947466563E-017  0.30551311113385793       -3.0531133177191805E-016   2.3418766925686896E-016   0.0000000000000000       -4.4459561867994013E-017  -1.9231718319588490E-016  -4.8980874075554785E-017  -6.6627738529587503E-017   2.9760905190883138E-016   7.8436628069235052E-016  -7.6881253611405392E-016  -1.9428902930940239E-016  0.51108081816311457       -3.3306690738754696E-016   3.4694469519536142E-016  0.30551311113385726        8.2399365108898337E-017   0.0000000000000000       -1.6358639854846144E-016  -3.1976653901055236E-017   2.1291934216323011E-017  -6.4305297870199357E-017  -2.2504228428504209E-016  -4.5144702003338480E-016   2.2946823282611562E-016   3.9898639947466563E-017  -3.3306690738754696E-016  0.51108081816311202       -1.7867651802561113E-016  -3.5995512126518747E-016  0.30551311113385843        0.0000000000000000        7.5287251216289953E-017   2.3043850259407011E-016  -5.6253474860566781E-017  -4.3605187270537698E-017  -1.7903931419154026E-017  -1.4017724906272869E-016  -3.2848535686368846E-016  0.30551311113385793        3.4694469519536142E-016  -1.7867651802561113E-016  0.18262916109854826        8.3266726846886741E-017   1.8214596497756474E-017   0.0000000000000000       -2.6576969010024426E-017  -1.1496307212986204E-016  -2.9279712118059805E-017  -3.9828627807140540E-017  -5.2906929760224290E-018   6.8162746493053681E-016  -2.5433283433668208E-016  -3.0531133177191805E-016  0.30551311113385726       -3.5995512126518747E-016   8.3266726846886741E-017  0.18262916109854699       -4.5102810375396984E-017   0.0000000000000000       -9.7788427551145114E-017  -1.9114955345172251E-017   1.2727859926079577E-017  -3.8440322775807693E-017  -9.6724479737041393E-017  -1.8758970796230960E-016   2.1593037525503286E-016   2.3418766925686896E-016   8.2399365108898337E-017  0.30551311113385843        1.8214596497756474E-017  -4.5102810375396984E-017  0.18262916109854926        0.0000000000000000        4.5005098079153763E-017   1.3775117623387921E-016  -3.3627116311097936E-017  -2.6066242267665807E-017   0.0000000000000000        0.0000000000000000        0.0000000000000000        0.0000000000000000        0.0000000000000000        0.0000000000000000        0.0000000000000000        0.0000000000000000        0.0000000000000000        0.0000000000000000        0.0000000000000000        0.0000000000000000        0.0000000000000000        0.0000000000000000        3.2350626327039462E-017  -3.5766390053163724E-016  -3.4349025739388449E-016  -4.4459561867994013E-017  -1.6358639854846144E-016   7.5287251216289953E-017  -2.6576969010024426E-017  -9.7788427551145114E-017   4.5005098079153763E-017   0.0000000000000000        4.8901858536985928E-031   2.3014925290017367E-031   4.8311392091393257E-032   5.3435250764144352E-032  -5.3234177730620926E-017  -1.4610273663767304E-016  -1.3993700450724226E-016  -1.9231718319588490E-016  -3.1976653901055236E-017   2.3043850259407011E-016  -1.1496307212986204E-016  -1.9114955345172251E-017   1.3775117623387921E-016   0.0000000000000000        2.3014925290017367E-031   2.5057361623276644E-031   1.4899852336342528E-032   2.3211021017471600E-032   1.3217268761301233E-017  -4.9833887994030998E-017  -4.7908324595198145E-017  -4.8980874075554785E-017   2.1291934216323011E-017  -5.6253474860566781E-017  -2.9279712118059805E-017   1.2727859926079577E-017  -3.3627116311097936E-017   0.0000000000000000        4.8311392091393257E-032   1.4899852336342528E-032   2.0145622488638947E-032   1.3157602466768619E-032  -2.5753965774051386E-018  -2.8595047602121868E-017  -2.7432670577574736E-017  -6.6627738529587503E-017  -6.4305297870199357E-017  -4.3605187270537698E-017  -3.9828627807140540E-017  -3.8440322775807693E-017  -2.6066242267665807E-017   0.0000000000000000        5.3435250764144352E-032   2.3211021017471600E-032   1.3157602466768619E-032   2.3181938451315618E-032
