   1.0025893901649467        1.1279527340913940E-002   5.1549114993962846E-003   1.3436431622563978E-017  -1.4309769442849973E-016   1.0093622850020684E-016  -3.2762697586845861E-016  -2.2596750906512524E-016   4.9784732390592736E-017   6.7353525226837959E-019   6.1469110104160424E-018   2.0909748646011051E-017   1.8616236611534395E-016  -2.2503127994359022E-017   1.1279527340913940E-002  0.30485085644195342       0.29255030830948481       -4.9364766044587116E-016  -2.9809933558290784E-016   2.0659922364793250E-016  -2.7254903273676017E-016  -2.5594788739957972E-016   1.1706252702388644E-016   4.8205919829044971E-018  -1.2379605211052969E-017  -9.3598509058070119E-017   4.3657976995080913E-019  -1.6589503788126894E-017   5.1549114993962846E-003  0.29255030830948481       0.28077815336682183        1.8899644695492220E-016   3.5683543282782799E-016  -1.5376831716567719E-016   1.3651493724073891E-016   1.3947335383648037E-016  -9.8039308594276429E-017   4.6232827112308756E-018  -1.1917461219274537E-017  -8.9959748246856880E-017  -6.3410343247434197E-019  -1.5796294961267463E-017   1.3436431622563978E-017  -4.9364766044587116E-016   1.8899644695492220E-016  0.51108081816311479        6.1756155744774333E-016  -2.1250362580715887E-016  0.30551311113385715       -5.5511151231257827E-017  -1.3617579286417936E-016  -5.3425255401230098E-017   1.6201722529900356E-018   1.7309811513544618E-017   1.6838272498275704E-016   6.5813640442215272E-017  -1.4309769442849973E-016  -2.9809933558290784E-016   3.5683543282782799E-016   6.1756155744774333E-016  0.51108081816311257        2.0816681711721685E-016  -2.7061686225238191E-016  0.30551311113385782        8.3266726846886741E-017   3.2551002432918512E-018  -1.0409087792128902E-016  -9.6755902924626659E-017   1.4932189242129785E-016  -1.0407612984978584E-017   1.0093622850020684E-016   2.0659922364793250E-016  -1.5376831716567719E-016  -2.1250362580715887E-016   2.0816681711721685E-016  0.51108081816311413        1.5916087892087205E-016  -2.0816681711721685E-017  0.30551311113385754        1.6229509403466760E-018   5.5572445595897651E-017  -7.9948231764069315E-017   2.2969490318222525E-016   9.8977812179453811E-017  -3.2762697586845861E-016  -2.7254903273676017E-016   1.3651493724073891E-016  0.30551311113385715       -2.7061686225238191E-016   1.5916087892087205E-016  0.18262916109854674       -4.1980308118638732E-016   8.9338259012805565E-017  -3.1936467600984010E-017   9.6850409562004000E-019   1.0347432696947526E-017   1.0065556824372988E-016   3.9341977495482936E-017  -2.2596750906512524E-016  -2.5594788739957972E-016   1.3947335383648037E-016  -5.5511151231257827E-017  0.30551311113385782       -2.0816681711721685E-017  -4.1980308118638732E-016  0.18262916109854835       -3.4694469519536142E-017   1.9458288533601422E-018  -6.2223286071828693E-017  -5.7838595917786946E-017   8.9261412858320504E-017  -6.2214469992164462E-018   4.9784732390592736E-017   1.1706252702388644E-016  -9.8039308594276429E-017  -1.3617579286417936E-016   8.3266726846886741E-017  0.30551311113385754        8.9338259012805565E-017  -3.4694469519536142E-017  0.18262916109854740        9.7016513510527673E-019   3.3220011677098549E-017  -4.7791331914351090E-017   1.3730666851283618E-016   5.9166805439598019E-017   6.7353525226837959E-019   4.8205919829044971E-018   4.6232827112308756E-018  -5.3425255401230098E-017   3.2551002432918512E-018   1.6229509403466760E-018  -3.1936467600984010E-017   1.9458288533601422E-018   9.7016513510527673E-019   5.6871067419392858E-033  -8.4834587168518948E-034  -4.1476088053523125E-033  -1.5822378152587310E-032  -6.9048789192385991E-033   6.1469110104160424E-018  -1.2379605211052969E-017  -1.1917461219274537E-017   1.6201722529900356E-018  -1.0409087792128902E-016   5.5572445595897651E-017   9.6850409562004000E-019  -6.2223286071828693E-017   3.3220011677098549E-017  -8.4834587168518948E-034   2.7794059964680708E-032   1.5029335186423073E-032  -3.6933208503010369E-033   1.3620114803460543E-032   2.0909748646011051E-017  -9.3598509058070119E-017  -8.9959748246856880E-017   1.7309811513544618E-017  -9.6755902924626659E-017  -7.9948231764069315E-017   1.0347432696947526E-017  -5.7838595917786946E-017  -4.7791331914351090E-017  -4.1476088053523125E-033   1.5029335186423073E-032   6.0740358549347660E-032  -5.4104163308988057E-032  -6.7225639186247658E-033   1.8616236611534395E-016   4.3657976995080913E-019  -6.3410343247434197E-019   1.6838272498275704E-016   1.4932189242129785E-016   2.2969490318222525E-016   1.0065556824372988E-016   8.9261412858320504E-017   1.3730666851283618E-016  -1.5822378152587310E-032  -3.6933208503010369E-033  -5.4104163308988057E-032   2.3691090102363792E-031   5.9036473729276406E-032  -2.2503127994359022E-017  -1.6589503788126894E-017  -1.5796294961267463E-017   6.5813640442215272E-017  -1.0407612984978584E-017   9.8977812179453811E-017   3.9341977495482936E-017  -6.2214469992164462E-018   5.9166805439598019E-017  -6.9048789192385991E-033   1.3620114803460543E-032  -6.7225639186247658E-033   5.9036473729276406E-032   2.9236278984059301E-032
