   1.0000181177492804       -9.7049320615711638E-006   2.2492409376490989E-004  -4.1820341103519483E-006   1.9374514649391518E-017   2.3253189161178895E-017   1.8755251578524209E-017  -5.3294070618676999E-018   1.7785962802566212E-018   2.1295218642854478E-018  -5.3047932598747130E-018   2.1729457673753554E-018   2.7434434324475561E-018  -9.3635336245907263E-018   2.8997187761930181E-016  -1.7310980881318322E-019  -1.1469637352750396E-018   1.8735784527102453E-019  -9.7049320615711638E-006   1.0062103960403943        2.3674220177806195E-003  -7.8797002888194891E-003   1.3780279703460118E-016   1.6721741571905897E-016   1.2836210880900260E-016   6.1044072011745355E-018   4.9704297378808823E-018  -1.3024240087506776E-018   5.7625582048219533E-018   4.5379747415609359E-018  -2.2205461026772723E-018  -2.6323853513572493E-016   1.3876839930238888E-016  -2.5220810125624862E-017   1.5767729149426057E-017   2.3911819379278418E-018   2.2492409376490989E-004   2.3674220177806195E-003  0.29986500170993075       0.29860359051480118        2.2294888521225649E-016   2.6971162647459639E-016   2.0766006573697653E-016   1.2455134308354014E-018  -6.2519575851444934E-018   2.4533127968964309E-019   5.5045163040740843E-018   7.5444884087583112E-018   3.5115018243543424E-018  -2.0798903903311841E-016   1.2827725102335700E-016  -5.7839897876556960E-017   1.9449287278852499E-017  -1.6554287827268484E-017  -4.1820341103519483E-006  -7.8797002888194891E-003  0.29860359051480118       0.29745169229961038       -2.2689950340030293E-016  -2.7627736784709999E-016  -2.1118716889084471E-016  -5.0485120698814028E-018  -6.5401790790986850E-018  -4.5477663296610467E-018  -8.3635220678306530E-019   7.5648673131941155E-018  -1.2617354303198714E-018  -2.0445048402052627E-016   1.2626992009098046E-016  -5.7344604270869209E-017   1.9208875807409605E-017  -1.6510354224862258E-017   1.9374514649391518E-017   1.3780279703460118E-016   2.2294888521225649E-016  -2.2689950340030293E-016   1.0001390498149632       -4.9959655605050270E-016  -3.7469705473276873E-016  -6.0931968520340778E-004  -1.8919327909872052E-017   3.2275343422177860E-017  -1.3345298641858402E-003  -6.9117888495950908E-019   1.9474981523270873E-017  -1.6787677612298433E-017   1.1346086218401443E-016   5.4265917215507373E-017   2.1856283741923626E-017   2.5823251227609480E-017   2.3253189161178895E-017   1.6721741571905897E-016   2.6971162647459639E-016  -2.7627736784709999E-016  -4.9959655605050270E-016   1.0001390498149625       -4.0243709589649389E-016   1.9928991182999178E-017  -6.0931968520305780E-004   2.1331677743652300E-017   1.9678269430611905E-017  -1.3345298641855945E-003   5.8716323903668100E-017  -3.7822946492242892E-017  -2.0874725038674319E-017   1.2726342185868719E-016   4.0100643242534841E-018  -2.3425908318373211E-017   1.8755251578524209E-017   1.2836210880900260E-016   2.0766006573697653E-016  -2.1118716889084471E-016  -3.7469705473276873E-016  -4.0243709589649389E-016   1.0001390498149640        1.4792583390849101E-017  -1.7035526635178488E-017  -6.0931968520333384E-004  -1.1357017756785659E-017   3.9573379295720912E-018  -1.3345298641862849E-003   3.8688209453378021E-018  -8.7769433140990073E-017  -2.5672582824296744E-016  -5.9804453862838380E-018   5.5005563746696015E-018  -5.3294070618676999E-018   6.1044072011745355E-018   1.2455134308354014E-018  -5.0485120698814028E-018  -6.0931968520340778E-004   1.9928991182999178E-017   1.4792583390849101E-017  0.29036042917041516        9.7144514654701197E-017   4.1633363423443370E-017  0.30631769669884046        2.7755575615628914E-017  -4.1633363423443370E-017  -3.2478665169168903E-018  -5.5081707665046447E-019  -1.2289563994075586E-017  -6.8892157324812527E-019   8.0123024733076087E-017   1.7785962802566212E-018   4.9704297378808823E-018  -6.2519575851444934E-018  -6.5401790790986850E-018  -1.8919327909872052E-017  -6.0931968520305780E-004  -1.7035526635178488E-017   9.7144514654701197E-017  0.29036042917041749        2.7755575615628914E-017   1.6653345369377348E-016  0.30631769669884007        4.1633363423443370E-017  -1.3175205717783906E-017   2.8647251610133310E-017   3.8695814128716061E-019   4.5695024674343194E-019  -3.7851883812619533E-017   2.1295218642854478E-018  -1.3024240087506776E-018   2.4533127968964309E-019  -4.5477663296610467E-018   3.2275343422177860E-017   2.1331677743652300E-017  -6.0931968520333384E-004   4.1633363423443370E-017   2.7755575615628914E-017  0.29036042917041310       -2.2204460492503131E-016  -1.6653345369377348E-016  0.30631769669884018       -1.2552362719810978E-017  -9.1765723054777797E-018  -5.9182853360953177E-017   9.1582468349430534E-018   1.5509279019478118E-016  -5.3047932598747130E-018   5.7625582048219533E-018   5.5045163040740843E-018  -8.3635220678306530E-019  -1.3345298641858402E-003   1.9678269430611905E-017  -1.1357017756785659E-017  0.30631769669884046        1.6653345369377348E-016  -2.2204460492503131E-016  0.32315240231621978        1.1102230246251565E-016  -3.1918911957973251E-016  -3.4147431747992778E-018  -6.5956018132480225E-019  -1.3002472602014251E-017  -7.4189790101566579E-019   8.4508349938478494E-017   2.1729457673753554E-018   4.5379747415609359E-018   7.5444884087583112E-018   7.5648673131941155E-018  -6.9117888495950908E-019  -1.3345298641855945E-003   3.9573379295720912E-018   2.7755575615628914E-017  0.30631769669884007       -1.6653345369377348E-016   1.1102230246251565E-016  0.32315240231621623       -1.9428902930940239E-016  -1.3873093739974840E-017   3.0236007633691059E-017   3.2020451442037057E-019   4.7928861176583429E-019  -3.9915843623738239E-017   2.7434434324475561E-018  -2.2205461026772723E-018   3.5115018243543424E-018  -1.2617354303198714E-018   1.9474981523270873E-017   5.8716323903668100E-017  -1.3345298641862849E-003  -4.1633363423443370E-017   4.1633363423443370E-017  0.30631769669884018       -3.1918911957973251E-016  -1.9428902930940239E-016  0.32315240231622139       -1.3244857435927441E-017  -9.6201697851364683E-018  -6.2257706210651772E-017   9.6656773355050542E-018   1.6361215752652739E-016  -9.3635336245907263E-018  -2.6323853513572493E-016  -2.0798903903311841E-016  -2.0445048402052627E-016  -1.6787677612298433E-017  -3.7822946492242892E-017   3.8688209453378021E-018  -3.2478665169168903E-018  -1.3175205717783906E-017  -1.2552362719810978E-017  -3.4147431747992778E-018  -1.3873093739974840E-017  -1.3244857435927441E-017   2.1526553948265224E-031  -1.2981054443038193E-031   4.2522241624473124E-032  -1.8489614767223821E-032   5.4168170673133590E-033   2.8997187761930181E-016   1.3876839930238888E-016   1.2827725102335700E-016   1.2626992009098046E-016   1.1346086218401443E-016  -2.0874725038674319E-017  -8.7769433140990073E-017  -5.5081707665046447E-019   2.8647251610133310E-017  -9.1765723054777797E-018  -6.5956018132480225E-019   3.0236007633691059E-017  -9.6201697851364683E-018  -1.2981054443038193E-031   1.8188975815603086E-031  -1.8907943326166511E-034   1.2797170296601338E-032  -1.2540160791037447E-032  -1.7310980881318322E-019  -2.5220810125624862E-017  -5.7839897876556960E-017  -5.7344604270869209E-017   5.4265917215507373E-017   1.2726342185868719E-016  -2.5672582824296744E-016  -1.2289563994075586E-017   3.8695814128716061E-019  -5.9182853360953177E-017  -1.3002472602014251E-017   3.2020451442037057E-019  -6.2257706210651772E-017   4.2522241624473124E-032  -1.8907943326166511E-034   1.0944807437589036E-031  -2.7459964040815065E-033  -3.5000127500805893E-032  -1.1469637352750396E-018   1.5767729149426057E-017   1.9449287278852499E-017   1.9208875807409605E-017   2.1856283741923626E-017   4.0100643242534841E-018  -5.9804453862838380E-018  -6.8892157324812527E-019   4.5695024674343194E-019   9.1582468349430534E-018  -7.4189790101566579E-019   4.7928861176583429E-019   9.6656773355050542E-018  -1.8489614767223821E-032   1.2797170296601338E-032  -2.7459964040815065E-033   2.3255337871195252E-033   4.0462590704805821E-033   1.8735784527102453E-019   2.3911819379278418E-018  -1.6554287827268484E-017  -1.6510354224862258E-017   2.5823251227609480E-017  -2.3425908318373211E-017   5.5005563746696015E-018   8.0123024733076087E-017  -3.7851883812619533E-017   1.5509279019478118E-016   8.4508349938478494E-017  -3.9915843623738239E-017   1.6361215752652739E-016   5.4168170673133590E-033  -1.2540160791037447E-032  -3.5000127500805893E-032   4.0462590704805821E-033   1.1206701338927228E-031
