   1.0000346054647973        1.4122970129377120E-005  -2.9700986295226665E-004  -7.4958143106022910E-004   8.0278603964867000E-018  -1.5772081291561973E-018  -7.7194757083819870E-018   9.2633257142988017E-020   1.3870550659973847E-019   7.3789173460400201E-020  -1.1842006487386373E-019  -1.3679136315461031E-019  -6.7221326029570542E-020  -1.4410130435029232E-017  -1.0764795214716679E-016  -2.0624727542193306E-019   6.2682312256194666E-020   2.9425230333062079E-019   1.4122970129377120E-005   1.0056075653830379       -2.9325630588485562E-003  -1.2287861813667365E-002   2.0218243015742506E-017  -3.1923972503098785E-018  -1.9340034451989293E-017  -7.4831367641122642E-019   8.1153715878822459E-021  -7.9250122196383536E-019   6.4251664756800570E-020   1.9791247582308349E-020   1.5632852761785973E-019  -2.5441155999701765E-016  -1.2520316856399356E-015  -1.8347460145788127E-017  -1.0705161060541316E-018  -8.0441206734899107E-020  -2.9700986295226665E-004  -2.9325630588485562E-003  0.28396240577080500       0.29844011322182085        3.2698356906966296E-017  -4.8620366956106392E-018  -2.9293842418250063E-017  -6.5981598279727551E-019  -6.9421392449215419E-020  -7.9270477989202608E-019  -3.1529380170688238E-019   1.1109794501407450E-020  -2.0597925753998975E-019  -4.6867264782949448E-016  -9.0827724891456678E-016   2.7084299848421375E-017  -4.5815012562074875E-018  -5.2905326717949186E-017  -7.4958143106022910E-004  -1.2287861813667365E-002  0.29844011322182085       0.31374042834317850       -3.1747495889689654E-017   4.8065964974387463E-018   2.9336431016772905E-017  -7.3132939247032663E-019  -6.6378696842156439E-020  -7.8513613302805702E-019  -1.5231252502579354E-019  -1.5375059807524815E-020  -3.8113536004894277E-019  -4.9018783901264116E-016  -9.4299003164826526E-016   2.8630664852051319E-017  -4.8048791192287916E-018  -5.5597049435152673E-017   8.0278603964867000E-018   2.0218243015742506E-017   3.2698356906966296E-017  -3.1747495889689654E-017   1.0006780025314781       -2.2204460492503131E-016  -2.7755575615628914E-016   6.7923575854529487E-004  -2.1372335325120506E-017   1.0028870095490916E-018  -2.7257462069178286E-003   6.5052130349130266E-019  -2.4042183174866061E-017  -2.5977751831835485E-017   4.0021236003911716E-016  -2.0979361108237462E-016  -2.4799744541268599E-017   2.0352227539764731E-017  -1.5772081291561973E-018  -3.1923972503098785E-018  -4.8620366956106392E-018   4.8065964974387463E-018  -2.2204460492503131E-016   1.0006780025314788       -2.6020852139652106E-017  -5.5158785525200038E-018   6.7923575854546194E-004  -7.6063558663436170E-019   1.1329912702473521E-017  -2.7257462069180142E-003   7.1828393927164669E-018   4.4042164132148026E-017   1.6440511540546453E-017   4.7773978831783376E-017  -1.3917211565769317E-017  -7.5820583012245730E-017  -7.7194757083819870E-018  -1.9340034451989293E-017  -2.9293842418250063E-017   2.9336431016772905E-017  -2.7755575615628914E-016  -2.6020852139652106E-017   1.0006780025314790        4.6485168145316003E-018  -1.7358246188082377E-017   6.7923575854560408E-004   1.0191500421363742E-017   1.6052968416363500E-017  -2.7257462069182267E-003  -5.6774147300080195E-018   1.6479918776887442E-016   1.5965665990466727E-016   5.6582075037961441E-018   1.3570218254875462E-017   9.2633257142988017E-020  -7.4831367641122642E-019  -6.5981598279727551E-019  -7.3132939247032663E-019   6.7923575854529487E-004  -5.5158785525200038E-018   4.6485168145316003E-018   4.6104862355269889E-007  -1.8158268806764064E-020   3.9704669402545343E-021  -1.8501698726005039E-006   1.5087774372967225E-020  -2.9487334476290331E-020  -1.7633062709642288E-020   2.7165436360416558E-019  -1.4240277312082742E-019  -1.6833460166611500E-020   1.3814594381097408E-020   1.3870550659973847E-019   8.1153715878822459E-021  -6.9421392449215419E-020  -6.6378696842156439E-020  -2.1372335325120506E-017   6.7923575854546194E-004  -1.7358246188082377E-017  -1.8158268806764064E-020   4.6104862355292542E-007  -1.2287354409168950E-020   6.5486234734598095E-020  -1.8501698726010837E-006   5.2104106784715213E-020   2.9894744050140145E-020   1.1159417213986407E-020   3.2427808614212157E-020  -9.4466628933568438E-021  -5.1465157708473250E-020   7.3789173460400201E-020  -7.9250122196383536E-019  -7.9270477989202608E-019  -7.8513613302805702E-019   1.0028870095490916E-018  -7.6063558663436170E-019   6.7923575854560408E-004   3.9704669402545343E-021  -1.2287354409168950E-020   4.6104862355311828E-007   3.6395946952333225E-021   1.2938759141554459E-020  -1.8501698726016152E-006  -3.8536902889421301E-021   1.1186165882403664E-019   1.0837103666000937E-019   3.8406528934650956E-021   9.2111323189499270E-021  -1.1842006487386373E-019   6.4251664756800570E-020  -3.1529380170688238E-019  -1.5231252502579354E-019  -2.7257462069178286E-003   1.1329912702473521E-017   1.0191500421363742E-017  -1.8501698726005039E-006   6.5486234734598095E-020   3.6395946952333225E-021   7.4246584473042983E-006  -3.0916702574781962E-020   3.9863488080155510E-020   7.0760782530194172E-020  -1.0901382058750097E-018   5.7145669056054868E-019   6.7552009182661642E-020  -5.5437420307535814E-020  -1.3679136315461031E-019   1.9791247582308349E-020   1.1109794501407450E-020  -1.5375059807524815E-020   6.5052130349130266E-019  -2.7257462069180142E-003   1.6052968416363500E-017   1.5087774372967225E-020  -1.8501698726010837E-006   1.2938759141554459E-020  -3.0916702574781962E-020   7.4246584473053028E-006  -6.3183363909250466E-020  -1.1996642428830323E-019  -4.4782299459035000E-020  -1.3013151209548658E-019   3.7909084181230401E-020   2.0652764028900516E-019  -6.7221326029570542E-020   1.5632852761785973E-019  -2.0597925753998975E-019  -3.8113536004894277E-019  -2.4042183174866061E-017   7.1828393927164669E-018  -2.7257462069182267E-003  -2.9487334476290331E-020   5.2104106784715213E-020  -1.8501698726016152E-006   3.9863488080155510E-020  -6.3183363909250466E-020   7.4246584473064607E-006   1.5464706555229408E-020  -4.4889640806318441E-019  -4.3488867951874931E-019  -1.5412388003345662E-020  -3.6963909311193911E-020  -1.4410130435029232E-017  -2.5441155999701765E-016  -4.6867264782949448E-016  -4.9018783901264116E-016  -2.5977751831835485E-017   4.4042164132148026E-017  -5.6774147300080195E-018  -1.7633062709642288E-020   2.9894744050140145E-020  -3.8536902889421301E-021   7.0760782530194172E-020  -1.1996642428830323E-019   1.5464706555229408E-020   8.4323773069473528E-031   1.8153141545217791E-030  -3.3398082579598597E-032   7.8481536222619770E-033   8.3534543680259434E-032  -1.0764795214716679E-016  -1.2520316856399356E-015  -9.0827724891456678E-016  -9.4299003164826526E-016   4.0021236003911716E-016   1.6440511540546453E-017   1.6479918776887442E-016   2.7165436360416558E-019   1.1159417213986407E-020   1.1186165882403664E-019  -1.0901382058750097E-018  -4.4782299459035000E-020  -4.4889640806318441E-019   1.8153141545217791E-030   4.6867963525141639E-030  -1.2077435899934097E-031   6.8349933918704073E-033   1.7911125799371619E-031  -2.0624727542193306E-019  -1.8347460145788127E-017   2.7084299848421375E-017   2.8630664852051319E-017  -2.0979361108237462E-016   4.7773978831783376E-017   1.5965665990466727E-016  -1.4240277312082742E-019   3.2427808614212157E-020   1.0837103666000937E-019   5.7145669056054868E-019  -1.3013151209548658E-019  -4.3488867951874931E-019  -3.3398082579598597E-032  -1.2077435899934097E-031   7.4645285205520421E-032   5.0207225184220702E-033  -1.0756447156384388E-032   6.2682312256194666E-020  -1.0705161060541316E-018  -4.5815012562074875E-018  -4.8048791192287916E-018  -2.4799744541268599E-017  -1.3917211565769317E-017   5.6582075037961441E-018  -1.6833460166611500E-020  -9.4466628933568438E-021   3.8406528934650956E-021   6.7552009182661642E-020   3.7909084181230401E-020  -1.5412388003345662E-020   7.8481536222619770E-033   6.8349933918704073E-033   5.0207225184220702E-033   9.1532653192272342E-034   1.4811339707522110E-033   2.9425230333062079E-019  -8.0441206734899107E-020  -5.2905326717949186E-017  -5.5597049435152673E-017   2.0352227539764731E-017  -7.5820583012245730E-017   1.3570218254875462E-017   1.3814594381097408E-020  -5.1465157708473250E-020   9.2111323189499270E-021  -5.5437420307535814E-020   2.0652764028900516E-019  -3.6963909311193911E-020   8.3534543680259434E-032   1.7911125799371619E-031  -1.0756447156384388E-032   1.4811339707522110E-033   1.6200117759085962E-032
