   1.0000267709583923        1.5479258966445797E-005   1.0077362154293735E-003   5.7043675042999366E-004   8.8874925941624895E-017   2.7450118525271749E-018  -2.4794293430426236E-016  -8.4902925866474649E-018   1.7137633969580150E-018   2.0830236754070324E-017  -3.5745713362013680E-016   4.0095200296678126E-018  -3.1652178316561333E-017   4.5454910409417400E-018  -1.9310011109076663E-018  -1.9773436197344939E-017   1.6437167595056896E-018  -3.6855390495693699E-017   1.5479258966445797E-005   1.0053450713805130        7.4692647066797050E-003  -2.4145225131581615E-003   2.0746500022320034E-016  -1.1731361675160703E-018  -8.0107534102375681E-016  -1.6219313818663614E-017  -7.0817985925851855E-017   3.8453761153265989E-017   3.0137859093975623E-016  -3.0041736715853160E-017   1.7642852014574026E-016   1.4977285385148728E-017   1.3810597651042732E-017  -2.9206897358540651E-017   1.8163625996209062E-018  -3.4419460942036571E-017   1.0077362154293735E-003   7.4692647066797050E-003  0.32567805092932434       0.29269605876471466        7.9992862322187347E-017   3.4977577926155963E-017  -7.3275356256061861E-016   4.6795879122125868E-016  -1.4168830712137430E-016   3.5764146245883424E-015   1.5486608816815689E-015  -4.2899321144166757E-016   4.4765328038952670E-015   1.3117096037896788E-017  -9.4018455721647595E-019  -1.3718018526258760E-016   5.6534506696730492E-016  -4.6246781554260210E-016   5.7043675042999366E-004  -2.4145225131581615E-003  0.29269605876471466       0.26313720363412402       -3.3984392696937636E-016   8.1674618542886878E-018   8.5960978945945330E-016   4.2085702247032393E-016  -1.2672411626421896E-016   3.2144653220886296E-015   1.3908043021735223E-015  -3.8529439737148218E-016   4.0178435075040488E-015   1.1653926187439271E-017  -9.6992523627067014E-019  -1.2304457597277627E-016   5.0819284982726092E-016  -4.1540477290398142E-016   8.8874925941624895E-017   2.0746500022320034E-016   7.9992862322187347E-017  -3.3984392696937636E-016   1.0005432199248567       -1.1102230246251565E-016  -2.7755575615628914E-016  -1.0053625021959545E-004  -1.4152565295903749E-016   9.3427734082148502E-017  -3.1046149102422053E-003   1.0267394573437737E-016  -1.0733601507607520E-017   3.0674468437900887E-017  -2.7510379552990762E-017   5.5394696861331959E-017   1.4719813775134540E-017   1.1303266905259245E-016   2.7450118525271749E-018  -1.1731361675160703E-018   3.4977577926155963E-017   8.1674618542886878E-018  -1.1102230246251565E-016   1.0005432199248570       -6.9388939039072361E-018  -1.8212224805504158E-016  -1.0053625022033145E-004   3.6436816292038527E-017   1.1525069093520924E-016  -3.1046149102415431E-003   2.9815559743387656E-019  -1.7945041570630472E-016  -1.4856752663666660E-016  -1.5364290483805670E-016  -7.0529671250930311E-019   4.9851118746785744E-017  -2.4794293430426236E-016  -8.0107534102375681E-016  -7.3275356256061861E-016   8.5960978945945330E-016  -2.7755575615628914E-016  -6.9388939039072361E-018   1.0005432199248570       -3.5778671692021776E-017  -3.3844048440492787E-017  -1.0053625022072943E-004   3.9052962252927825E-016   1.1546753136970742E-017  -3.1046149102414928E-003   5.5110209916323961E-017   2.9428838021745600E-017  -1.1718320800997732E-018  -4.4976728724137451E-017  -1.5753164089581333E-016  -8.4902925866474649E-018  -1.6219313818663614E-017   4.6795879122125868E-016   4.2085702247032393E-016  -1.0053625021959545E-004  -1.8212224805504158E-016  -3.5778671692021776E-017   1.0102049973389665E-008   3.2521432962931169E-020  -5.7894371021200226E-021   3.1195688025854469E-007   5.5480658045095033E-019   1.1220539573802243E-019  -3.0822217099310967E-021   2.7642887856533983E-021  -5.5661514602798201E-021  -1.4790714190028608E-021  -1.1357710964630738E-020   1.7137633969580150E-018  -7.0817985925851855E-017  -1.4168830712137430E-016  -1.2672411626421896E-016  -1.4152565295903749E-016  -1.0053625022033145E-004  -3.3844048440492787E-017   3.2521432962931169E-020   1.0102049973537572E-008  -2.6056189451073941E-022   4.2759943713003755E-019   3.1195688026076180E-007   1.0498576334328277E-019   1.8031476838085610E-020   1.4928312675672124E-020   1.5438295135907421E-020   7.0869388858426175E-023  -5.0091234922111067E-021   2.0830236754070324E-017   3.8453761153265989E-017   3.5764146245883424E-015   3.2144653220886296E-015   9.3427734082148502E-017   3.6436816292038527E-017  -1.0053625022072943E-004  -5.7894371021200226E-021  -2.6056189451073941E-022   1.0102049973617547E-008  -3.2904583021167998E-019  -1.1422702515338343E-019   3.1195688026199159E-007  -5.5375657376807045E-021  -2.9570586898791510E-021   1.1774763885135523E-022   4.5193366656092365E-021   1.5829041810812396E-020  -3.5745713362013680E-016   3.0137859093975623E-016   1.5486608816815689E-015   1.3908043021735223E-015  -3.1046149102422053E-003   1.1525069093520924E-016   3.9052962252927825E-016   3.1195688025854469E-007   4.2759943713003755E-019  -3.2904583021167998E-019   9.6334006857016158E-006  -6.7572053367415891E-019  -1.1756817307676814E-018  -9.5180708018937648E-020   8.5362763792498779E-020  -1.7188583001704331E-019  -4.5674541998329404E-020  -3.5073238486764847E-019   4.0095200296678126E-018  -3.0041736715853160E-017  -4.2899321144166757E-016  -3.8529439737148218E-016   1.0267394573437737E-016  -3.1046149102415431E-003   1.1546753136970742E-017   5.5480658045095033E-019   3.1195688026076180E-007  -1.1422702515338343E-019  -6.7572053367415891E-019   9.6334006856975009E-006  -3.6845933211456024E-020   5.5682195946784217E-019   4.6099453695617636E-019   4.7674307687484423E-019   2.1884858599326485E-021  -1.5468449885103090E-019  -3.1652178316561333E-017   1.7642852014574026E-016   4.4765328038952670E-015   4.0178435075040488E-015  -1.0733601507607520E-017   2.9815559743387656E-019  -3.1046149102414928E-003   1.1220539573802243E-019   1.0498576334328277E-019   3.1195688026199159E-007  -1.1756817307676814E-018  -3.6845933211456024E-020   9.6334006856971926E-006  -1.7100308712843705E-019  -9.1315604857395839E-020   3.6361121377275363E-021   1.3955961105718256E-019   4.8880955006653573E-019   4.5454910409417400E-018   1.4977285385148728E-017   1.3117096037896788E-017   1.1653926187439271E-017   3.0674468437900887E-017  -1.7945041570630472E-016   5.5110209916323961E-017  -3.0822217099310967E-021   1.8031476838085610E-020  -5.5375657376807045E-021  -9.5180708018937648E-020   5.5682195946784217E-019  -1.7100308712843705E-019   3.6923758518206723E-032   2.7578980151476679E-032   2.3197267098437679E-032   2.0707162180603888E-032  -3.3286253659163118E-032  -1.9310011109076663E-018   1.3810597651042732E-017  -9.4018455721647595E-019  -9.6992523627067014E-019  -2.7510379552990762E-017  -1.4856752663666660E-016   2.9428838021745600E-017   2.7642887856533983E-021   1.4928312675672124E-020  -2.9570586898791510E-021   8.5362763792498779E-020   4.6099453695617636E-019  -9.1315604857395839E-020   2.7578980151476679E-032   2.3879097835829797E-032   2.1331086824926561E-032  -3.4081874063902351E-033  -1.4067892657257309E-032  -1.9773436197344939E-017  -2.9206897358540651E-017  -1.3718018526258760E-016  -1.2304457597277627E-016   5.5394696861331959E-017  -1.5364290483805670E-016  -1.1718320800997732E-018  -5.5661514602798201E-021   1.5438295135907421E-020   1.1774763885135523E-022  -1.7188583001704331E-019   4.7674307687484423E-019   3.6361121377275363E-021   2.3197267098437679E-032   2.1331086824926561E-032   8.5493879722267161E-032  -2.3686425691988023E-031   1.9488817055592197E-031   1.6437167595056896E-018   1.8163625996209062E-018   5.6534506696730492E-016   5.0819284982726092E-016   1.4719813775134540E-017  -7.0529671250930311E-019  -4.4976728724137451E-017  -1.4790714190028608E-021   7.0869388858426175E-023   4.5193366656092365E-021  -4.5674541998329404E-020   2.1884858599326485E-021   1.3955961105718256E-019   2.0707162180603888E-032  -3.4081874063902351E-033  -2.3686425691988023E-031   9.8374598028412563E-031  -7.9382157688863918E-031  -3.6855390495693699E-017  -3.4419460942036571E-017  -4.6246781554260210E-016  -4.1540477290398142E-016   1.1303266905259245E-016   4.9851118746785744E-017  -1.5753164089581333E-016  -1.1357710964630738E-020  -5.0091234922111067E-021   1.5829041810812396E-020  -3.5073238486764847E-019  -1.5468449885103090E-019   4.8880955006653573E-019  -3.3286253659163118E-032  -1.4067892657257309E-032   1.9488817055592197E-031  -7.9382157688863918E-031   6.9858636162863694E-031
