   1.0002005554122475       -2.1763510876342259E-005  -3.4643035942818627E-004  -1.1112995907331408E-003  -3.4535815084113801E-004  -1.2105558458897952E-017   8.2920872466913917E-016  -2.8483584914174310E-017  -1.0382811584094175E-017   4.2242825702857880E-016   5.7340144348309622E-019   1.9625297643655837E-016  -5.5385666627461335E-016  -1.1010286016884543E-017   9.8655725871420141E-018  -2.7292078826438646E-016  -6.0667399866147483E-019  -1.1152891372071975E-019   1.6642337508285564E-019  -1.1493021870684678E-018   1.2636725958029715E-019   2.1477815279669413E-019   2.6986246710770988E-019   1.9106078471264524E-020  -3.5328987929780835E-020   1.1016080912397906E-016  -5.1310415782265185E-018  -5.2782197312457419E-017   1.7999265197584909E-017   4.3490644724427657E-018  -4.6054246871126582E-021  -1.6337947653519288E-017   7.3009773767981248E-021  -1.2769803791768690E-016  -2.1763510876342259E-005  0.95647380609276689       -5.5369128113065124E-004   3.4614069850460435E-002   1.9344559223378015E-003   8.6632547765218462E-016   2.9723888648165488E-015  -4.3925004238784708E-016   7.4708474168641988E-017   1.3159492666690282E-016   3.7870245507575928E-018  -3.5196351295894936E-017   4.0194654800309179E-016  -1.2085716416687266E-016  -1.0673876466190338E-017  -1.1430880972769539E-016  -7.4374389749310123E-018  -1.9995142357864479E-018   1.5760672377182446E-018   1.3756976809659140E-016   2.5819981368499906E-018   4.5569917544726413E-018   2.9709401424469019E-018  -4.6022677215025521E-018  -8.5531994695203971E-018  -2.8975224002241136E-017   6.2469016134940914E-017  -9.6118072847304718E-018   1.5100022106864632E-017   3.1214207221447199E-018  -7.8779359888365501E-019  -1.2647277508594761E-017   8.3558595256994252E-019  -2.4077970708589908E-017  -3.4643035942818627E-004  -5.5369128113065124E-004  0.38224249463486326        8.1910083205436690E-002  0.22066792071981098        7.7227241870878141E-016   3.3678498115571212E-015  -2.0293032939992136E-016   5.6563349252258040E-017   6.4414499208375581E-016   8.2419457076995019E-016  -1.8824459148060893E-016   1.6219067328114985E-016  -5.7273267381277723E-017   2.5059345729294676E-016  -7.4568317817438845E-016   3.5659114774314427E-016   5.0084898746203912E-020   4.9976555320046633E-018   1.8421833160430624E-016   2.3949450517582937E-017  -9.3759818930546893E-017  -3.4323224991687595E-017  -8.7946883691631727E-018  -1.6262214638602719E-017   4.8660196355924711E-017   6.2725082277295922E-017  -9.6040155575632641E-016   3.4718965589188721E-016   2.3983741290698137E-016   4.8940002367843548E-018  -2.3927073727278105E-016  -8.7165293327684970E-018  -9.1162422938225726E-016  -1.1112995907331408E-003   3.4614069850460435E-002   8.1910083205436690E-002   1.8814704387157936E-002   4.7368551614268672E-002  -9.6269225576730199E-016  -3.1346897376828975E-015   3.9594144766431319E-016   1.5395673504696177E-017   1.4428070906358749E-016   1.7657947310521699E-016  -2.9067889308687980E-016  -8.0059025721601186E-016   8.1058480171451024E-017   5.4976125867242849E-017  -1.5801822063599002E-016   7.5509773259582749E-017  -6.1758228047841615E-020   1.1282569397695888E-018   4.4482148571508103E-017   5.2269535811441906E-018  -1.9931216384323418E-017  -7.2492326748526315E-018  -2.0521962630732433E-018  -3.7962003364867809E-018   9.2635052159025792E-018   1.5718262392038470E-017  -2.0614675663075868E-016   7.4946291162406948E-017   5.1515578253022349E-017   1.0203770641842089E-018  -5.1727611328431827E-017  -1.8379649884714172E-018  -1.9613952560006135E-016  -3.4535815084113801E-004   1.9344559223378015E-003  0.22066792071981098        4.7368551614268672E-002  0.12739653632074821        5.6177560014490688E-016  -1.6997307104934274E-016  -9.2153985651877478E-017   3.2777837033059389E-017   3.7311735752838294E-016   4.7580531981788780E-016  -8.4344861674264796E-017  -3.6049393862250878E-016  -2.7761805073209973E-017   1.4447818819489353E-016  -4.2767434094219132E-016   2.0580587611651010E-016   2.4218082987032305E-020   2.8888442650505801E-018   1.0667389830696392E-016   1.3832120894479275E-017  -5.4116978345584362E-017  -1.9807887808375416E-017  -5.0880358448772672E-018  -9.4083533123880647E-018   2.8007315863062734E-017   3.6359250416156434E-017  -5.5445626679295454E-016   2.0046608886630383E-016   1.3846522867610257E-016   2.8234578966868036E-018  -1.3815879355293698E-016  -5.0300975355268628E-018  -5.2632024994452503E-016  -1.2105558458897952E-017   8.6632547765218462E-016   7.7227241870878141E-016  -9.6269225576730199E-016   5.6177560014490688E-016  0.77631271900388998        8.8817841970012563E-016  -6.9388939039072247E-017  -3.6698546590254095E-004  -3.6347877832576129E-017   1.8038413644728098E-017  0.16658269928335237       -4.4408920985006291E-016  -2.6020852139652106E-017  -1.1124067678603563E-003  -2.5565487227208239E-016  -5.3261431723350183E-017   3.2584014653273293E-017   1.9768036880448785E-018  -2.8129058458980409E-017   1.6537761380876436E-017   2.6584085531956657E-017  -6.0346203600438434E-017  -8.6672889622511176E-018   5.5881382743653945E-017   2.8782532046241139E-017  -2.2672861230378844E-016  -2.9493541151513847E-016   1.5090382847667020E-016   3.5679368344438595E-017   1.2794379042642055E-017  -1.7603672299571500E-017  -1.8882789008161863E-017  -1.8307377556742676E-016   8.2920872466913917E-016   2.9723888648165488E-015   3.3678498115571212E-015  -3.1346897376828975E-015  -1.6997307104934274E-016   8.8817841970012563E-016  0.77631271900389398       -7.2858385991025799E-017   2.7519761643113326E-016  -3.6698546590014036E-004  -2.9595331177063849E-017  -4.1633363423443420E-016  0.16658269928335021       -1.2143064331837653E-017   2.6259376617598962E-016  -1.1124067678627328E-003   4.1951847811611591E-017   3.3337061344134133E-017  -5.9289777915247370E-018  -3.4121341790941804E-017  -2.5891440355545153E-017  -1.8062098681783400E-017  -6.5405730052879027E-017   1.8960909215617680E-017   2.6628451033058733E-017  -1.1356332184489616E-016   1.9600836916336442E-017  -4.4851786089777827E-016   1.9719132977133058E-016   1.6097828981380860E-016  -6.3183600672773387E-018  -1.0861010727503681E-016   5.7398024306602708E-018  -3.4211715261188636E-016  -2.8483584914174310E-017  -4.3925004238784708E-016  -2.0293032939992136E-016   3.9594144766431319E-016  -9.2153985651877478E-017  -6.9388939039072247E-017  -7.2858385991025799E-017  0.77631271900389309        3.1143707404646121E-017   8.1179637664852243E-017  -3.6698546590052775E-004   6.7654215563095427E-017   8.2399365108898275E-017  0.16658269928335001        1.5422775903606338E-017   1.7062631689490515E-017  -1.1124067678615942E-003   1.1832674996638599E-019   7.5019260849523028E-018   1.5046623059239864E-016  -1.3799473672190769E-017  -3.3085433176377927E-017   2.7341952160845374E-019  -5.0803867413359100E-017  -1.4905236530695990E-017  -7.0013385803861499E-017  -1.5078655239300390E-017   8.5635170079915694E-018   4.3080911646507324E-017  -3.8113740557814855E-018  -1.7241111875367268E-017  -1.1510121892330913E-017  -7.3182988095585046E-018   6.1113533300211185E-017  -1.0382811584094175E-017   7.4708474168641988E-017   5.6563349252258040E-017   1.5395673504696177E-017   3.2777837033059389E-017  -3.6698546590254095E-004   2.7519761643113326E-016   3.1143707404646121E-017   1.7348463948460720E-007  -1.1310536823795481E-019  -2.3233849045266916E-020  -7.8748457949067325E-005   5.9353292680003272E-017   6.6864780856254469E-018   5.2586683946154296E-007  -2.7409456777568156E-019  -1.9395731003090430E-020  -1.5403405748447775E-020  -9.3449225382600424E-022   1.3297419160205729E-020  -7.8178779205602764E-021  -1.2567065791570271E-020   2.8527395083969638E-020   4.0972780685692791E-021  -2.6416745184553418E-020  -1.3606335017193236E-020   1.0718116988540735E-019   1.3942449576851995E-019  -7.1336602433810955E-020  -1.6866668926564897E-020  -6.0482728660226056E-021   8.3217648278192325E-021   8.9264402760163108E-021   8.6544266474415901E-020   4.2242825702857880E-016   1.3159492666690282E-016   6.4414499208375581E-016   1.4428070906358749E-016   3.7311735752838294E-016  -3.6347877832576129E-017  -3.6698546590014036E-004   8.1179637664852243E-017  -1.1310536823795481E-019   1.7348463948233662E-007  -2.4372049566870830E-020  -7.5114881762516469E-018  -7.8748457948550756E-005   1.7418385527337429E-017  -7.2686014785835197E-020   5.2586683945922379E-007  -1.3610760671132385E-019  -1.5759392690123637E-020   2.8027992120668794E-021   1.6130144731653394E-020   1.2239632391863206E-020   8.5384762319078575E-021   3.0919179511513052E-020  -8.9633699565402312E-021  -1.2588038646501431E-020   5.3684665414193644E-020  -9.2658822811893079E-021   2.1202735974239879E-019  -9.3218042491940503E-020  -7.6099091565337601E-020   2.9868714710668806E-021   5.1343137686338389E-020  -2.7133705498277546E-021   1.6172866883280283E-019   5.7340144348309622E-019   3.7870245507575928E-018   8.2419457076995019E-016   1.7657947310521699E-016   4.7580531981788780E-016   1.8038413644728098E-017  -2.9595331177063849E-017  -3.6698546590052775E-004  -2.3233849045266916E-020  -2.4372049566870830E-020   1.7348463948270307E-007   3.8311300204305487E-018  -6.3972163341390108E-018  -7.8748457948633874E-005  -3.3080607056678792E-020   3.4390861145905380E-020   5.2586683945924115E-007  -5.5936475600906208E-023  -3.5463773451522620E-021  -7.1129737262054789E-020   6.5234101552659947E-021   1.5640440780330750E-020  -1.2925331264585160E-022   2.4016456894004943E-020   7.0461362266055673E-021   3.3097351595059943E-020   7.1281162639574036E-021  -4.0482220677214726E-021  -2.0365592427393469E-020   1.8017467055984744E-021   8.1503720335176597E-021   5.4411673819427760E-021   3.4595714232997654E-021  -2.8890134018803980E-020   1.9625297643655837E-016  -3.5196351295894936E-017  -1.8824459148060893E-016  -2.9067889308687980E-016  -8.4344861674264796E-017  0.16658269928335237       -4.1633363423443420E-016   6.7654215563095427E-017  -7.8748457949067325E-005  -7.5114881762516469E-018   3.8311300204305487E-018   3.5745640926937793E-002  -2.2724877535296138E-016   1.2576745200831853E-017  -2.3870241663568462E-004  -5.3993268189777535E-017  -1.1546753136970904E-017   6.9919414967144878E-018   4.2418639582556200E-019  -6.0359882965833736E-018   3.5487051332422778E-018   5.7044649887679328E-018  -1.2949206217003065E-017  -1.8598437916271871E-018   1.1991136238329971E-017   6.1762119350880641E-018  -4.8651868400142230E-017  -6.3287816574071801E-017   3.2381238210409133E-017   7.6561485365944692E-018   2.7454428407567885E-018  -3.7774303797633240E-018  -4.0519057410443571E-018  -3.9284328280937165E-017  -5.5385666627461335E-016   4.0194654800309179E-016   1.6219067328114985E-016  -8.0059025721601186E-016  -3.6049393862250878E-016  -4.4408920985006291E-016  0.16658269928335021        8.2399365108898275E-017   5.9353292680003272E-017  -7.8748457948550756E-005  -6.3972163341390108E-018  -2.2724877535296138E-016   3.5745640926936668E-002   1.8214596497756478E-017   5.7259427234390432E-017  -2.3870241663619021E-004   8.8616586941740973E-018   7.1535317262431958E-018  -1.2722516330410394E-018  -7.3218241561189224E-018  -5.5558358341659242E-018  -3.8758004081065973E-018  -1.4034889283775855E-017   4.0686689277189489E-018   5.7139850246343459E-018  -2.4368639376127366E-017   4.2059858634362362E-018  -9.6243838489486327E-017   4.2313700631789125E-017   3.4543035798266837E-017  -1.3558060421858490E-018  -2.3305768920731558E-017   1.2316580146714657E-018  -7.3412166718518997E-017  -1.1010286016884543E-017  -1.2085716416687266E-016  -5.7273267381277723E-017   8.1058480171451024E-017  -2.7761805073209973E-017  -2.6020852139652106E-017  -1.2143064331837653E-017  0.16658269928335001        6.6864780856254469E-018   1.7418385527337429E-017  -7.8748457948633874E-005   1.2576745200831853E-017   1.8214596497756478E-017   3.5745640926936627E-002   3.3237572850258734E-018   3.6574882662440719E-018  -2.3870241663594586E-004   2.5390785084802264E-020   1.6097779496116455E-018   3.2287337601829286E-017  -2.9611180091866216E-018  -7.0995368626084506E-018   5.8670894900114826E-020  -1.0901593083016771E-017  -3.1983947627781709E-018  -1.5023609052984404E-017  -3.2356072879350709E-018   1.8375762030288052E-018   9.2443861526204130E-018  -8.1785208801587604E-019  -3.6996314559036576E-018  -2.4698644334529334E-018  -1.5703748502570502E-018   1.3113861322476993E-017   9.8655725871420141E-018  -1.0673876466190338E-017   2.5059345729294676E-016   5.4976125867242849E-017   1.4447818819489353E-016  -1.1124067678603563E-003   2.6259376617598962E-016   1.5422775903606338E-017   5.2586683946154296E-007  -7.2686014785835197E-020  -3.3080607056678792E-020  -2.3870241663568462E-004   5.7259427234390432E-017   3.3237572850258734E-018   1.5940081707914463E-006  -1.1752582143641225E-020   5.4395397081721341E-020  -4.6690821285090609E-020  -2.8326339984909121E-021   4.0307152307830553E-020  -2.3697560577065872E-020  -3.8093304333755499E-020   8.6472272908149417E-020   1.2419674010984426E-020  -8.0074468496664612E-020  -4.1243538409990804E-020   3.2488768587738909E-019   4.2262369251335907E-019  -2.1623559164230946E-019  -5.1126266319709938E-020  -1.8333531693088020E-020   2.5224943152051989E-020   2.7057836068572882E-020   2.6233308043659245E-019  -2.7292078826438646E-016  -1.1430880972769539E-016  -7.4568317817438845E-016  -1.5801822063599002E-016  -4.2767434094219132E-016  -2.5565487227208239E-016  -1.1124067678627328E-003   1.7062631689490515E-017  -2.7409456777568156E-019   5.2586683945922379E-007   3.4390861145905380E-020  -5.3993268189777535E-017  -2.3870241663619021E-004   3.6574882662440719E-018  -1.1752582143641225E-020   1.5940081707982488E-006  -8.4431979485203965E-020  -4.7769889314015033E-020   8.4958482069631011E-021   4.8893713328856415E-020   3.7100787834750774E-020   2.5881839011133007E-020   9.3722252626814563E-020  -2.7169777358965548E-020  -3.8156877276045945E-020   1.6272901977340931E-019  -2.8086753067147032E-020   6.4269757760987316E-019  -2.8256263800947101E-019  -2.3067165419883090E-019   9.0538082509335369E-021   1.5563137822402640E-019  -8.2247719427249288E-021   4.9023212766262772E-019  -6.0667399866147483E-019  -7.4374389749310123E-018   3.5659114774314427E-016   7.5509773259582749E-017   2.0580587611651010E-016  -5.3261431723350183E-017   4.1951847811611591E-017  -1.1124067678615942E-003  -1.9395731003090430E-020  -1.3610760671132385E-019   5.2586683945924115E-007  -1.1546753136970904E-017   8.8616586941740973E-018  -2.3870241663594586E-004   5.4395397081721341E-020  -8.4431979485203965E-020   1.5940081707949871E-006  -1.6955470940997102E-022  -1.0749783102359902E-020  -2.1560854169727384E-019   1.9773768392697510E-020   4.7409322148154455E-020  -3.9179279030409668E-022   7.2798711860181765E-020   2.1358256263771656E-020   1.0032473036005852E-019   2.1606754247218827E-020  -1.2270975399332391E-020  -6.1732207276550442E-020   5.4614566925065658E-021   2.4705417116222547E-020   1.6493272850396170E-020   1.0486656891860658E-020  -8.7571807581595121E-020  -1.1152891372071975E-019  -1.9995142357864479E-018   5.0084898746203912E-020  -6.1758228047841615E-020   2.4218082987032305E-020   3.2584014653273293E-017   3.3337061344134133E-017   1.1832674996638599E-019  -1.5403405748447775E-020  -1.5759392690123637E-020  -5.5936475600906208E-023   6.9919414967144878E-018   7.1535317262431958E-018   2.5390785084802264E-020  -4.6690821285090609E-020  -4.7769889314015033E-020  -1.6955470940997102E-022   2.8034464962882603E-033  -1.7316564834952267E-034  -2.8868786407818293E-033  -4.2216731741101907E-034   3.1358597432732121E-034  -5.3521945775841640E-033   4.5119483201463868E-034   3.5025307686933199E-033  -3.6248074342343256E-033  -8.7990092743922176E-033  -3.1735439268035591E-032   1.4819207607092357E-032   8.4335095546051469E-033   2.6533298880838102E-034  -5.4069971781828999E-033  -5.5005796298380307E-034  -2.2418304102239774E-032   1.6642337508285564E-019   1.5760672377182446E-018   4.9976555320046633E-018   1.1282569397695888E-018   2.8888442650505801E-018   1.9768036880448785E-018  -5.9289777915247370E-018   7.5019260849523028E-018  -9.3449225382600424E-022   2.8027992120668794E-021  -3.5463773451522620E-021   4.2418639582556200E-019  -1.2722516330410394E-018   1.6097779496116455E-018  -2.8326339984909121E-021   8.4958482069631011E-021  -1.0749783102359902E-020  -1.7316564834952267E-034   1.9080295358746740E-034   4.2795817494152789E-033   4.2398785782253664E-034  -1.3326101212634401E-033  -9.5381347775793944E-035  -7.8045101362432359E-034  -4.3193950992428786E-034   8.7124201350994551E-034   5.0041467171968609E-035  -9.8270004801413116E-033   3.8628691630595015E-033   1.9668673101995991E-033  -2.3080350581059502E-035  -2.4792615321690024E-033  -2.7524338824452723E-034  -9.2458441650780465E-033  -1.1493021870684678E-018   1.3756976809659140E-016   1.8421833160430624E-016   4.4482148571508103E-017   1.0667389830696392E-016  -2.8129058458980409E-017  -3.4121341790941804E-017   1.5046623059239864E-016   1.3297419160205729E-020   1.6130144731653394E-020  -7.1129737262054789E-020  -6.0359882965833736E-018  -7.3218241561189224E-018   3.2287337601829286E-017   4.0307152307830553E-020   4.8893713328856415E-020  -2.1560854169727384E-019  -2.8868786407818293E-033   4.2795817494152789E-033   1.4032944693107945E-031   9.7833058156357669E-033  -5.1131737507131038E-032  -1.1006654229152772E-032  -1.5269825981794798E-032  -1.5157545665561556E-032   9.5564559132714217E-033   4.3681451147719926E-032  -4.3232971389887169E-031   1.6377049978397298E-031   1.0697587145145504E-031  -1.2814707856853089E-033  -1.1399001646300273E-031  -5.0687807143119277E-033  -4.0936767397891576E-031   1.2636725958029715E-019   2.5819981368499906E-018   2.3949450517582937E-017   5.2269535811441906E-018   1.3832120894479275E-017   1.6537761380876436E-017  -2.5891440355545153E-017  -1.3799473672190769E-017  -7.8178779205602764E-021   1.2239632391863206E-020   6.5234101552659947E-021   3.5487051332422778E-018  -5.5558358341659242E-018  -2.9611180091866216E-018  -2.3697560577065872E-020   3.7100787834750774E-020   1.9773768392697510E-020  -4.2216731741101907E-034   4.2398785782253664E-034   9.7833058156357669E-033   2.9688610932928775E-033  -4.1055792748087910E-033  -1.2515119073720759E-033  -4.7760352033939775E-034  -4.7510026161712191E-034   8.6312864207055460E-033  -1.1152358967849135E-033  -5.1688459919475127E-032   1.7670826693495780E-032   1.0496116241494539E-032   1.0942575158778837E-033  -1.1577603409386406E-032  -1.0074884645065328E-033  -5.0782566292432301E-032   2.1477815279669413E-019   4.5569917544726413E-018  -9.3759818930546893E-017  -1.9931216384323418E-017  -5.4116978345584362E-017   2.6584085531956657E-017  -1.8062098681783400E-017  -3.3085433176377927E-017  -1.2567065791570271E-020   8.5384762319078575E-021   1.5640440780330750E-020   5.7044649887679328E-018  -3.8758004081065973E-018  -7.0995368626084506E-018  -3.8093304333755499E-020   2.5881839011133007E-020   4.7409322148154455E-020   3.1358597432732121E-034  -1.3326101212634401E-033  -5.1131737507131038E-032  -4.1055792748087910E-033   2.5759337352761137E-032   7.8762513952859948E-033   3.5631450114454664E-033   5.8785829081794492E-033  -5.4433655075028181E-033  -2.2674761356946090E-032   2.3548866237662294E-031  -8.6343699317608377E-032  -6.1173977673136748E-032   1.1587879654697360E-034   6.1042934534321321E-032   1.6735993926976840E-033   2.2256326961967305E-031   2.6986246710770988E-019   2.9709401424469019E-018  -3.4323224991687595E-017  -7.2492326748526315E-018  -1.9807887808375416E-017  -6.0346203600438434E-017  -6.5405730052879027E-017   2.7341952160845374E-019   2.8527395083969638E-020   3.0919179511513052E-020  -1.2925331264585160E-022  -1.2949206217003065E-017  -1.4034889283775855E-017   5.8670894900114826E-020   8.6472272908149417E-020   9.3722252626814563E-020  -3.9179279030409668E-022  -5.3521945775841640E-033  -9.5381347775793944E-035  -1.1006654229152772E-032  -1.2515119073720759E-033   7.8762513952859948E-033   1.3292632917796693E-032  -1.6601596117613095E-034  -5.1586013202168995E-033   2.8744830020494231E-033   1.0525393734192967E-032   1.4691031181756762E-031  -5.9452616789080462E-032  -3.7861929752130718E-032  -9.1014077579634077E-034   3.1956479536042381E-032   1.7668847643172668E-033   1.2482710043837514E-031   1.9106078471264524E-020  -4.6022677215025521E-018  -8.7946883691631727E-018  -2.0521962630732433E-018  -5.0880358448772672E-018  -8.6672889622511176E-018   1.8960909215617680E-017  -5.0803867413359100E-017   4.0972780685692791E-021  -8.9633699565402312E-021   2.4016456894004943E-020  -1.8598437916271871E-018   4.0686689277189489E-018  -1.0901593083016771E-017   1.2419674010984426E-020  -2.7169777358965548E-020   7.2798711860181765E-020   4.5119483201463868E-034  -7.8045101362432359E-034  -1.5269825981794798E-032  -4.7760352033939775E-034   3.5631450114454664E-033  -1.6601596117613095E-034   4.1092254760076853E-033   1.4174657709738169E-033   5.0789891792911332E-034   2.2517801776249515E-033   1.3927250765679535E-032  -7.7511244681417092E-033  -1.7520373451879799E-033   7.2230015556420825E-034   3.8647506737462222E-033   1.0265194912826789E-033   1.0784467088816467E-032  -3.5328987929780835E-020  -8.5531994695203971E-018  -1.6262214638602719E-017  -3.7962003364867809E-018  -9.4083533123880647E-018   5.5881382743653945E-017   2.6628451033058733E-017  -1.4905236530695990E-017  -2.6416745184553418E-020  -1.2588038646501431E-020   7.0461362266055673E-021   1.1991136238329971E-017   5.7139850246343459E-018  -3.1983947627781709E-018  -8.0074468496664612E-020  -3.8156877276045945E-020   2.1358256263771656E-020   3.5025307686933199E-033  -4.3193950992428786E-034  -1.5157545665561556E-032  -4.7510026161712191E-034   5.8785829081794492E-033  -5.1586013202168995E-033   1.4174657709738169E-033   5.9908572970808700E-033  -2.2958006368024861E-033  -1.8588095817817860E-032   4.1814337262814789E-033   1.8875135893809336E-033  -2.0717975165547681E-033   8.3407077488945436E-034   5.5253115962632920E-033  -6.5838909198353425E-034   1.2931941933851143E-032   1.1016080912397906E-016  -2.8975224002241136E-017   4.8660196355924711E-017   9.2635052159025792E-018   2.8007315863062734E-017   2.8782532046241139E-017  -1.1356332184489616E-016  -7.0013385803861499E-017  -1.3606335017193236E-020   5.3684665414193644E-020   3.3097351595059943E-020   6.1762119350880641E-018  -2.4368639376127366E-017  -1.5023609052984404E-017  -4.1243538409990804E-020   1.6272901977340931E-019   1.0032473036005852E-019  -3.6248074342343256E-033   8.7124201350994551E-034   9.5564559132714217E-033   8.6312864207055460E-033  -5.4433655075028181E-033   2.8744830020494231E-033   5.0789891792911332E-034  -2.2958006368024861E-033   4.3204697660255848E-032  -4.3780681934349407E-033  -7.3935677051920968E-032   1.8607610340964242E-032   9.0478662568427152E-033   3.6001619758006189E-033  -1.5617541478306257E-032  -2.0142959309998724E-033  -9.1697594030276469E-032  -5.1310415782265185E-018   6.2469016134940914E-017   6.2725082277295922E-017   1.5718262392038470E-017   3.6359250416156434E-017  -2.2672861230378844E-016   1.9600836916336442E-017  -1.5078655239300390E-017   1.0718116988540735E-019  -9.2658822811893079E-021   7.1281162639574036E-021  -4.8651868400142230E-017   4.2059858634362362E-018  -3.2356072879350709E-018   3.2488768587738909E-019  -2.8086753067147032E-020   2.1606754247218827E-020  -8.7990092743922176E-033   5.0041467171968609E-035   4.3681451147719926E-032  -1.1152358967849135E-033  -2.2674761356946090E-032   1.0525393734192967E-032   2.2517801776249515E-033  -1.8588095817817860E-032  -4.3780681934349407E-033   8.1416365832367707E-032  -8.3399610994770290E-032   1.7969958598888653E-032   3.3278527797608803E-032  -2.8093223770074580E-033  -3.7407074196859805E-032   4.4254133025128441E-033  -1.0696155661861892E-031  -5.2782197312457419E-017  -9.6118072847304718E-018  -9.6040155575632641E-016  -2.0614675663075868E-016  -5.5445626679295454E-016  -2.9493541151513847E-016  -4.4851786089777827E-016   8.5635170079915694E-018   1.3942449576851995E-019   2.1202735974239879E-019  -4.0482220677214726E-021  -6.3287816574071801E-017  -9.6243838489486327E-017   1.8375762030288052E-018   4.2262369251335907E-019   6.4269757760987316E-019  -1.2270975399332391E-020  -3.1735439268035591E-032  -9.8270004801413116E-033  -4.3232971389887169E-031  -5.1688459919475127E-032   2.3548866237662294E-031   1.4691031181756762E-031   1.3927250765679535E-032   4.1814337262814789E-033  -7.3935677051920968E-032  -8.3399610994770290E-032   2.7873358367669704E-030  -1.0442756230550375E-030  -7.0949036548227837E-031  -1.3687953128546042E-032   6.7152700221948537E-031   2.5668232681879378E-032   2.5655704428839197E-030   1.7999265197584909E-017   1.5100022106864632E-017   3.4718965589188721E-016   7.4946291162406948E-017   2.0046608886630383E-016   1.5090382847667020E-016   1.9719132977133058E-016   4.3080911646507324E-017  -7.1336602433810955E-020  -9.3218042491940503E-020  -2.0365592427393469E-020   3.2381238210409133E-017   4.2313700631789125E-017   9.2443861526204130E-018  -2.1623559164230946E-019  -2.8256263800947101E-019  -6.1732207276550442E-020   1.4819207607092357E-032   3.8628691630595015E-033   1.6377049978397298E-031   1.7670826693495780E-032  -8.6343699317608377E-032  -5.9452616789080462E-032  -7.7511244681417092E-033   1.8875135893809336E-033   1.8607610340964242E-032   1.7969958598888653E-032  -1.0442756230550375E-030   3.9775399282131096E-031   2.6559793177763137E-031   4.3577951941580527E-033  -2.4949267589587272E-031  -1.0522475094581658E-032  -9.4988976498925015E-031   4.3490644724427657E-018   3.1214207221447199E-018   2.3983741290698137E-016   5.1515578253022349E-017   1.3846522867610257E-016   3.5679368344438595E-017   1.6097828981380860E-016  -3.8113740557814855E-018  -1.6866668926564897E-020  -7.6099091565337601E-020   1.8017467055984744E-021   7.6561485365944692E-018   3.4543035798266837E-017  -8.1785208801587604E-019  -5.1126266319709938E-020  -2.3067165419883090E-019   5.4614566925065658E-021   8.4335095546051469E-033   1.9668673101995991E-033   1.0697587145145504E-031   1.0496116241494539E-032  -6.1173977673136748E-032  -3.7861929752130718E-032  -1.7520373451879799E-033  -2.0717975165547681E-033   9.0478662568427152E-033   3.3278527797608803E-032  -7.0949036548227837E-031   2.6559793177763137E-031   1.8555844027811055E-031   2.4303848796275386E-033  -1.7352697110153554E-031  -5.1078929447640005E-033  -6.5233245348639261E-031  -4.6054246871126582E-021  -7.8779359888365501E-019   4.8940002367843548E-018   1.0203770641842089E-018   2.8234578966868036E-018   1.2794379042642055E-017  -6.3183600672773387E-018  -1.7241111875367268E-017  -6.0482728660226056E-021   2.9868714710668806E-021   8.1503720335176597E-021   2.7454428407567885E-018  -1.3558060421858490E-018  -3.6996314559036576E-018  -1.8333531693088020E-020   9.0538082509335369E-021   2.4705417116222547E-020   2.6533298880838102E-034  -2.3080350581059502E-035  -1.2814707856853089E-033   1.0942575158778837E-033   1.1587879654697360E-034  -9.1014077579634077E-034   7.2230015556420825E-034   8.3407077488945436E-034   3.6001619758006189E-033  -2.8093223770074580E-033  -1.3687953128546042E-032   4.3577951941580527E-033   2.4303848796275386E-033   7.0849289065648769E-034  -2.2033943422305324E-033  -3.0766331041837793E-034  -1.3241157362778496E-032  -1.6337947653519288E-017  -1.2647277508594761E-017  -2.3927073727278105E-016  -5.1727611328431827E-017  -1.3815879355293698E-016  -1.7603672299571500E-017  -1.0861010727503681E-016  -1.1510121892330913E-017   8.3217648278192325E-021   5.1343137686338389E-020   5.4411673819427760E-021  -3.7774303797633240E-018  -2.3305768920731558E-017  -2.4698644334529334E-018   2.5224943152051989E-020   1.5563137822402640E-019   1.6493272850396170E-020  -5.4069971781828999E-033  -2.4792615321690024E-033  -1.1399001646300273E-031  -1.1577603409386406E-032   6.1042934534321321E-032   3.1956479536042381E-032   3.8647506737462222E-033   5.5253115962632920E-033  -1.5617541478306257E-032  -3.7407074196859805E-032   6.7152700221948537E-031  -2.4949267589587272E-031  -1.7352697110153554E-031  -2.2033943422305324E-033   1.6599078982842932E-031   5.1787435015973907E-033   6.2422717604110051E-031   7.3009773767981248E-021   8.3558595256994252E-019  -8.7165293327684970E-018  -1.8379649884714172E-018  -5.0300975355268628E-018  -1.8882789008161863E-017   5.7398024306602708E-018  -7.3182988095585046E-018   8.9264402760163108E-021  -2.7133705498277546E-021   3.4595714232997654E-021  -4.0519057410443571E-018   1.2316580146714657E-018  -1.5703748502570502E-018   2.7057836068572882E-020  -8.2247719427249288E-021   1.0486656891860658E-020  -5.5005796298380307E-034  -2.7524338824452723E-034  -5.0687807143119277E-033  -1.0074884645065328E-033   1.6735993926976840E-033   1.7668847643172668E-033   1.0265194912826789E-033  -6.5838909198353425E-034  -2.0142959309998724E-033   4.4254133025128441E-033   2.5668232681879378E-032  -1.0522475094581658E-032  -5.1078929447640005E-033  -3.0766331041837793E-034   5.1787435015973907E-033   7.7020378633113298E-034   2.2114003780067648E-032  -1.2769803791768690E-016  -2.4077970708589908E-017  -9.1162422938225726E-016  -1.9613952560006135E-016  -5.2632024994452503E-016  -1.8307377556742676E-016  -3.4211715261188636E-016   6.1113533300211185E-017   8.6544266474415901E-020   1.6172866883280283E-019  -2.8890134018803980E-020  -3.9284328280937165E-017  -7.3412166718518997E-017   1.3113861322476993E-017   2.6233308043659245E-019   4.9023212766262772E-019  -8.7571807581595121E-020  -2.2418304102239774E-032  -9.2458441650780465E-033  -4.0936767397891576E-031  -5.0782566292432301E-032   2.2256326961967305E-031   1.2482710043837514E-031   1.0784467088816467E-032   1.2931941933851143E-032  -9.1697594030276469E-032  -1.0696155661861892E-031   2.5655704428839197E-030  -9.4988976498925015E-031  -6.5233245348639261E-031  -1.3241157362778496E-032   6.2422717604110051E-031   2.2114003780067648E-032   2.3901097194633683E-030
