  0.97856052793190329       -9.5171100596829275E-003   5.2390887043982917E-003  -1.7423184527303975E-003  -2.4874344863816427E-016  -3.8921217121741112E-017   1.0427072329931646E-017   8.8762793754759138E-017   3.3406733454417487E-019  -2.6090319731756231E-017   8.0344081792022317E-017   1.7176849627084772E-016  -6.2583708871454907E-017   4.0910620941747731E-019   8.9227697897654594E-017   9.3071838663492259E-017  -2.0736586378235300E-016   8.4572719187851529E-017  -3.0919181424931269E-019  -8.8644691641886551E-017  -3.7582766284997869E-017   1.7041586789937658E-016  -5.5376254332632693E-017   2.8560751601158069E-017   2.7424802595519684E-017  -9.2193242262996317E-018   7.4865212009958853E-019  -3.1147341565066167E-017   1.3625661469994587E-020  -2.2716306662837587E-016  -9.5171100596829275E-003   9.2559817510257263E-005  -5.0953397760255802E-005   1.6945131139405173E-005   2.4191848227493959E-018   3.7853305588287794E-019  -1.0140976682756577E-019  -8.6327340338804787E-019  -3.2490127073908256E-021   2.5374459452621654E-019  -7.8139619086705495E-019  -1.6705555120343598E-018   6.0866551252743692E-019  -3.9788124597201904E-021  -8.6779488547203272E-019  -9.0518154650025750E-019   2.0167620621370559E-018  -8.2252232088136328E-019   3.0070827933175347E-021   8.6212478684936023E-019   3.6551578862228134E-019  -1.6574003594263280E-018   5.3856853217906790E-019  -2.7777108172342100E-019  -2.6672327078044765E-019   8.9663664978422834E-020  -7.2811077291874619E-021   3.0292727867100292E-019  -1.3251803658990789E-022   2.2093021789529870E-018   5.2390887043982917E-003  -5.0953397760255802E-005   2.8049415104206859E-005  -9.3281515702008275E-006  -1.3317408119939721E-018  -2.0837925009595029E-019   5.5825220110952992E-020   4.7522471718147518E-019   1.7885540535931227E-021  -1.3968425610796349E-019   4.3015200324034378E-019   9.1962669952154655E-019  -3.3506522373300490E-019   2.1903026532125357E-021   4.7771375487934669E-019   4.9829479600000245E-019  -1.1102104812217830E-018   4.5279159045351891E-019  -1.6553736792852882E-021  -4.7459241347837770E-019  -2.0121335441549226E-019   9.1238489912193313E-019  -2.9647742810465372E-019   1.5291063437740190E-019   1.4682890776536480E-019  -4.9359090252977293E-020   4.0081883071933302E-021  -1.6675890832266359E-019   7.2950059868316409E-023  -1.2162021892957651E-018  -1.7423184527303975E-003   1.6945131139405173E-005  -9.3281515702008275E-006   3.1021827511686582E-006   4.4288553256281405E-019   6.9298886331796583E-020  -1.8565310994905247E-020  -1.5804137716617711E-019  -5.9480396441177426E-022   4.6453585862844259E-020  -1.4305193422195974E-019  -3.0583230378496999E-019   1.1142974572813647E-019  -7.2841002416179554E-022  -1.5886913492238814E-019  -1.6571359390068673E-019   3.6921310498589195E-019  -1.5058098608370800E-019   5.5051331831080678E-022   1.5783109738818603E-019   6.6915786335050689E-020  -3.0342396081176475E-019   9.8596936022696070E-020  -5.0852168177796982E-020  -4.8829620918439070E-020   1.6414926070167473E-020  -1.3329685454224836E-021   5.5457568963059339E-020  -2.4260370955286693E-023   4.0446185132963648E-019  -2.4874344863816427E-016   2.4191848227493959E-018  -1.3317408119939721E-018   4.4288553256281405E-019   6.3228897420551526E-032   9.8935093902851187E-033  -2.6504910595854993E-033  -2.2562900095693779E-032  -8.4917650467156399E-035   6.6319823055452381E-033  -2.0422920618769436E-032  -4.3662386648785388E-032   1.5908354290717800E-032  -1.0399202347233023E-034  -2.2681075575379624E-032  -2.3658230083303488E-032   5.2710996013773131E-032  -2.1497811562001985E-032   7.8594461938502351E-035   2.2532879339686518E-032   9.5532842662779531E-033  -4.3318557691616409E-032   1.4076268235010688E-032  -7.2599493298429960E-033  -6.9711987977356470E-033   2.3434896837804294E-033  -1.9030229083264611E-034   7.9174429538655433E-033  -3.4635507230049120E-036   5.7743310693087172E-032  -3.8921217121741112E-017   3.7853305588287794E-019  -2.0837925009595029E-019   6.9298886331796583E-020   9.8935093902851187E-033   1.5480505282991859E-033  -4.1472584936065394E-034  -3.5304468854498059E-033  -1.3287177328268412E-035   1.0377150621448278E-033  -3.1956014601192220E-033  -6.8319115141111365E-033   2.4892012826407792E-033  -1.6271769755767399E-035  -3.5489379593996952E-033  -3.7018346204881097E-033   8.2477594155238571E-033  -3.3637910707915586E-033   1.2297779637704725E-035   3.5257494979643688E-033   1.4948150521720672E-033  -6.7781121414322514E-033   2.2025323490455961E-033  -1.1359738948167999E-033  -1.0907927163146214E-033   3.6668893715331441E-034  -2.9776851695243925E-035   1.2388527936856794E-033  -5.4194637261917660E-037   9.0351723638078574E-033   1.0427072329931646E-017  -1.0140976682756577E-019   5.5825220110952992E-020  -1.8565310994905247E-020  -2.6504910595854993E-033  -4.1472584936065394E-034   1.1110588897694850E-034   9.4581381965580905E-034   3.5596615241791001E-036  -2.7800595179228028E-034   8.5610805690055282E-034   1.8302828322790877E-033  -6.6686202892035747E-034   4.3592398369424616E-036   9.5076761554894685E-034   9.9172893850005777E-034  -2.2095913320630213E-033   9.0116639179635121E-034  -3.2945998933902686E-036  -9.4455538010292534E-034  -4.0046395825998359E-034   1.8158698721583128E-033  -5.9006284517459412E-034   3.0432969064455261E-034   2.9222556207323381E-034  -9.8236703603690589E-035   7.9772784446281171E-036  -3.3189115452103335E-034   1.4518852297369914E-037  -2.4205408442429921E-033   8.8762793754759138E-017  -8.6327340338804787E-019   4.7522471718147518E-019  -1.5804137716617711E-019  -2.2562900095693779E-032  -3.5304468854498059E-033   9.4581381965580905E-034   8.0514524449510438E-033   3.0302417755409617E-035  -2.3665880681289422E-033   7.2878120034053234E-033   1.5580693450078914E-032  -5.6768127105075854E-033   3.7109007622716866E-035   8.0936227444610550E-033   8.4423152005970495E-033  -1.8809642197187981E-032   7.6713811933693917E-033  -2.8046021125411040E-035  -8.0407396957774532E-033  -3.4090393361142454E-033   1.5457999891799518E-032  -5.0230424198968048E-033   2.5906748039513367E-033   2.4876356924959641E-033  -8.3626199044300230E-034   6.7908373405275220E-035  -2.8252979518722199E-033   1.2359498920208457E-036  -2.0605397271078457E-032   3.3406733454417487E-019  -3.2490127073908256E-021   1.7885540535931227E-021  -5.9480396441177426E-022  -8.4917650467156399E-035  -1.3287177328268412E-035   3.5596615241791001E-036   3.0302417755409617E-035   1.1404607157546806E-037  -8.9068824272049779E-036   2.7428383308475171E-035   5.8639442395183432E-035  -2.1365232105530496E-035   1.3966332896586881E-037   3.0461129744502273E-035   3.1773467430930353E-035  -7.0791902403447242E-035   2.8871982946163392E-035  -1.0555390525248469E-037  -3.0262099290761586E-035  -1.2830248307848788E-035   5.8177673356081514E-035  -1.8904704567472872E-035   9.7502544683072579E-036   9.3624568352944860E-036  -3.1473526498023428E-036   2.5557971236697907E-037  -1.0633281312469547E-035   4.6516166131310731E-039  -7.7550399805931324E-035  -2.6090319731756231E-017   2.5374459452621654E-019  -1.3968425610796349E-019   4.6453585862844259E-020   6.6319823055452381E-033   1.0377150621448278E-033  -2.7800595179228028E-034  -2.3665880681289422E-033  -8.9068824272049779E-036   6.9561847660448237E-034  -2.1421288951214557E-033  -4.5796809289054585E-033   1.6686029405929950E-033  -1.0907564226514126E-035  -2.3789833133759538E-033  -2.4814755545933128E-033   5.5287757201564646E-033  -2.2548725614943578E-033   8.2436528573812622E-036   2.3634392369653210E-033   1.0020293694573563E-033  -4.5436172356717763E-033   1.4764382374372440E-033  -7.6148497694701344E-034  -7.3119837544397552E-034   2.4580504721893100E-034  -1.9960516108835606E-035   8.3044847715679324E-034  -3.6328653584683419E-037   6.0566075070555120E-033   8.0344081792022317E-017  -7.8139619086705495E-019   4.3015200324034378E-019  -1.4305193422195974E-019  -2.0422920618769436E-032  -3.1956014601192220E-033   8.5610805690055282E-034   7.2878120034053234E-033   2.7428383308475171E-035  -2.1421288951214557E-033   6.5965990807391111E-033   1.4102941739172656E-032  -5.1383951026953684E-033   3.3589401792578064E-035   7.3259826585830714E-033   7.6416033599036558E-033  -1.7025640668148959E-032   6.9437886301861214E-033  -2.5385994738589389E-035  -7.2781153055050929E-033  -3.0857088163507599E-033   1.3991885058048022E-032  -4.5466316905707868E-033   2.3449621123945030E-033   2.2516957510244399E-033  -7.5694667684014336E-034   6.1467600065754946E-035  -2.5573324151920815E-033   1.1187261578282602E-036  -1.8651077255168956E-032   1.7176849627084772E-016  -1.6705555120343598E-018   9.1962669952154655E-019  -3.0583230378496999E-019  -4.3662386648785388E-032  -6.8319115141111365E-033   1.8302828322790877E-033   1.5580693450078914E-032   5.8639442395183432E-035  -4.5796809289054585E-033   1.4102941739172656E-032   3.0150834280535578E-032  -1.0985431413855672E-032   7.1811151585297441E-035   1.5662298913671451E-032   1.6337067882941945E-032  -3.6399304471311037E-032   1.4845202096118919E-032  -5.4272997404771189E-035  -1.5559962772971582E-032  -6.5969708221482951E-033   2.9913404980304240E-032  -9.7202939055091885E-033   5.0133202953364148E-033   4.8139251154069334E-033  -1.6182846270446383E-033   1.3141225834160883E-034  -5.4673491018209111E-033   2.3917369591260151E-036  -3.9874343230964479E-032  -6.2583708871454907E-017   6.0866551252743692E-019  -3.3506522373300490E-019   1.1142974572813647E-019   1.5908354290717800E-032   2.4892012826407792E-033  -6.6686202892035747E-034  -5.6768127105075854E-033  -2.1365232105530496E-035   1.6686029405929950E-033  -5.1383951026953684E-033  -1.0985431413855672E-032   4.0025328064117291E-033  -2.6164333402858828E-035  -5.7065455933509121E-033  -5.9523971065511440E-033   1.3262056335196526E-032  -5.4088370469078770E-033   1.9774321501921969E-035   5.6692595055313506E-033   2.4036008367669567E-033  -1.0898924245627331E-032   3.5415810066133156E-033  -1.8265990833846524E-033  -1.7539496152807863E-033   5.8962065902012213E-034  -4.7879947119194053E-035   1.9920241017155740E-033  -8.7142737345163263E-037   1.4528183819413685E-032   4.0910620941747731E-019  -3.9788124597201904E-021   2.1903026532125357E-021  -7.2841002416179554E-022  -1.0399202347233023E-034  -1.6271769755767399E-035   4.3592398369424616E-036   3.7109007622716866E-035   1.3966332896586881E-037  -1.0907564226514126E-035   3.3589401792578064E-035   7.1811151585297441E-035  -2.6164333402858828E-035   1.7103478610327078E-037   3.7303369817199006E-035   3.8910487427494117E-035  -8.6693321540231710E-035   3.5357265676956070E-035  -1.2926363520688779E-037  -3.7059632743654852E-035  -1.5712204422114596E-035   7.1245659058256130E-035  -2.3151117233024170E-035   1.1940376187416608E-035   1.1465470672097672E-035  -3.8543173160512212E-036   3.1298854008917690E-037  -1.3021750292795782E-035   5.6964720685966279E-039  -9.4969926187797183E-035   8.9227697897654594E-017  -8.6779488547203272E-019   4.7771375487934669E-019  -1.5886913492238814E-019  -2.2681075575379624E-032  -3.5489379593996952E-033   9.5076761554894685E-034   8.0936227444610550E-033   3.0461129744502273E-035  -2.3789833133759538E-033   7.3259826585830714E-033   1.5662298913671451E-032  -5.7065455933509121E-033   3.7303369817199006E-035   8.1360139151955977E-033   8.4865326834675284E-033  -1.8908159607624773E-032   7.7115608311169535E-033  -2.8192915008099789E-035  -8.0828538861761809E-033  -3.4268945257000075E-033   1.5538962735425540E-032  -5.0493511144766716E-033   2.6042437262250040E-033   2.5006649369635428E-033  -8.4064199750966930E-034   6.8264050404589043E-035  -2.8400957367004947E-033   1.2424233050456682E-036  -2.0713320131007794E-032   9.3071838663492259E-017  -9.0518154650025750E-019   4.9829479600000245E-019  -1.6571359390068673E-019  -2.3658230083303488E-032  -3.7018346204881097E-033   9.9172893850005777E-034   8.4423152005970495E-033   3.1773467430930353E-035  -2.4814755545933128E-033   7.6416033599036558E-033   1.6337067882941945E-032  -5.9523971065511440E-033   3.8910487427494117E-035   8.4865326834675284E-033   8.8521526312840776E-033  -1.9722767950854776E-032   8.0437931542363530E-033  -2.9407532626215899E-035  -8.4310823943665294E-033  -3.5745332663249138E-033   1.6208418089732643E-032  -5.2668891314548935E-033   2.7164407200737229E-033   2.6083995110070037E-033  -8.7685884775059739E-034   7.1205027535955506E-035  -2.9624537943168071E-033   1.2959498465555816E-036  -2.1605699069247173E-032  -2.0736586378235300E-016   2.0167620621370559E-018  -1.1102104812217830E-018   3.6921310498589195E-019   5.2710996013773131E-032   8.2477594155238571E-033  -2.2095913320630213E-033  -1.8809642197187981E-032  -7.0791902403447242E-035   5.5287757201564646E-033  -1.7025640668148959E-032  -3.6399304471311037E-032   1.3262056335196526E-032  -8.6693321540231710E-035  -1.8908159607624773E-032  -1.9722767950854776E-032   4.3942709965094492E-032  -1.7921727339518873E-032   6.5520553717555324E-035   1.8784615286791233E-032   7.9641295265500509E-033  -3.6112670233958935E-032   1.1734731255700866E-032  -6.0522826713275156E-033  -5.8115647596161818E-033   1.9536585393614343E-033  -1.5864618398724573E-034   6.6004045777466692E-033  -2.8874014224779517E-036   4.8137917059045127E-032   8.4572719187851529E-017  -8.2252232088136328E-019   4.5279159045351891E-019  -1.5058098608370800E-019  -2.1497811562001985E-032  -3.3637910707915586E-033   9.0116639179635121E-034   7.6713811933693917E-033   2.8871982946163392E-035  -2.2548725614943578E-033   6.9437886301861214E-033   1.4845202096118919E-032  -5.4088370469078770E-033   3.5357265676956070E-035   7.7115608311169535E-033   8.0437931542363530E-033  -1.7921727339518873E-032   7.3092513203485022E-033  -2.6722100202583647E-035  -7.6611741427656089E-033  -3.2481146015987325E-033   1.4728300324424005E-032  -4.7859281809031818E-033   2.4683812150726879E-033   2.3702060960858122E-033  -7.9678598986659102E-034   6.4702738068112879E-035  -2.6919289062247444E-033   1.1776065029783948E-036  -1.9632713251182520E-032  -3.0919181424931269E-019   3.0070827933175347E-021  -1.6553736792852882E-021   5.5051331831080678E-022   7.8594461938502351E-035   1.2297779637704725E-035  -3.2945998933902686E-036  -2.8046021125411040E-035  -1.0555390525248469E-037   8.2436528573812622E-036  -2.5385994738589389E-035  -5.4272997404771189E-035   1.9774321501921969E-035  -1.2926363520688779E-037  -2.8192915008099789E-035  -2.9407532626215899E-035   6.5520553717555324E-035  -2.6722100202583647E-035   9.7694087662438526E-038   2.8008704878226078E-035   1.1874874737411270E-035  -5.3845612886141435E-035   1.7497011226912633E-035  -9.0242252286110455E-036  -8.6653040132925430E-036   2.9129926073214651E-036  -2.3654858401492185E-037   9.8414996034011383E-036  -4.3052451739068677E-039   7.1775795872028819E-035  -8.8644691641886551E-017   8.6212478684936023E-019  -4.7459241347837770E-019   1.5783109738818603E-019   2.2532879339686518E-032   3.5257494979643688E-033  -9.4455538010292534E-034  -8.0407396957774532E-033  -3.0262099290761586E-035   2.3634392369653210E-033  -7.2781153055050929E-033  -1.5559962772971582E-032   5.6692595055313506E-033  -3.7059632743654852E-035  -8.0828538861761809E-033  -8.4310823943665294E-033   1.8784615286791233E-032  -7.6611741427656089E-033   2.8008704878226078E-035   8.0300412003047493E-033   3.4045034857716659E-033  -1.5437432462916537E-032   5.0163590799776327E-033  -2.5872278172672788E-033  -2.4843258030826957E-033   8.3514931356783277E-034  -6.7818018854211150E-035   2.8215387905897054E-033  -1.2343054159123581E-036   2.0577981043497600E-032  -3.7582766284997869E-017   3.6551578862228134E-019  -2.0121335441549226E-019   6.6915786335050689E-020   9.5532842662779531E-033   1.4948150521720672E-033  -4.0046395825998359E-034  -3.4090393361142454E-033  -1.2830248307848788E-035   1.0020293694573563E-033  -3.0857088163507599E-033  -6.5969708221482951E-033   2.4036008367669567E-033  -1.5712204422114596E-035  -3.4268945257000075E-033  -3.5745332663249138E-033   7.9641295265500509E-033  -3.2481146015987325E-033   1.1874874737411270E-035   3.4045034857716659E-033   1.4434102759262982E-033  -6.5450215410313750E-033   2.1267900808551338E-033  -1.0969092066473565E-033  -1.0532817510408965E-033   3.5407897397507691E-034  -2.8752863880515079E-035   1.1962502318715457E-033  -5.2330953056890797E-037   8.7244643514496599E-033   1.7041586789937658E-016  -1.6574003594263280E-018   9.1238489912193313E-019  -3.0342396081176475E-019  -4.3318557691616409E-032  -6.7781121414322514E-033   1.8158698721583128E-033   1.5457999891799518E-032   5.8177673356081514E-035  -4.5436172356717763E-033   1.3991885058048022E-032   2.9913404980304240E-032  -1.0898924245627331E-032   7.1245659058256130E-035   1.5538962735425540E-032   1.6208418089732643E-032  -3.6112670233958935E-032   1.4728300324424005E-032  -5.3845612886141435E-035  -1.5437432462916537E-032  -6.5450215410313750E-033   2.9677845368721772E-032  -9.6437493376688905E-033   4.9738418146256597E-033   4.7760168153949834E-033  -1.6055410928857049E-033   1.3037742394035943E-034  -5.4242952725541100E-033   2.3729027064065369E-036  -3.9560344045322573E-032  -5.5376254332632693E-017   5.3856853217906790E-019  -2.9647742810465372E-019   9.8596936022696070E-020   1.4076268235010688E-032   2.2025323490455961E-033  -5.9006284517459412E-034  -5.0230424198968048E-033  -1.8904704567472872E-035   1.4764382374372440E-033  -4.5466316905707868E-033  -9.7202939055091885E-033   3.5415810066133156E-033  -2.3151117233024170E-035  -5.0493511144766716E-033  -5.2668891314548935E-033   1.1734731255700866E-032  -4.7859281809031818E-033   1.7497011226912633E-035   5.0163590799776327E-033   2.1267900808551338E-033  -9.6437493376688905E-033   3.1337147334087205E-033  -1.6162387501357871E-033  -1.5519559600072345E-033   5.2171697974527103E-034  -4.2365851703538630E-035   1.7626125917195321E-033  -7.7106941622448240E-037   1.2855045133671196E-032   2.8560751601158069E-017  -2.7777108172342100E-019   1.5291063437740190E-019  -5.0852168177796982E-020  -7.2599493298429960E-033  -1.1359738948167999E-033   3.0432969064455261E-034   2.5906748039513367E-033   9.7502544683072579E-036  -7.6148497694701344E-034   2.3449621123945030E-033   5.0133202953364148E-033  -1.8265990833846524E-033   1.1940376187416608E-035   2.6042437262250040E-033   2.7164407200737229E-033  -6.0522826713275156E-033   2.4683812150726879E-033  -9.0242252286110455E-036  -2.5872278172672788E-033  -1.0969092066473565E-033   4.9738418146256597E-033  -1.6162387501357871E-033   8.3358822345613526E-034   8.0043385389435975E-034  -2.6907975709419380E-034   2.1850531088796025E-035  -9.0908171756769059E-034   3.9768529542923345E-037  -6.6300936260345979E-033   2.7424802595519684E-017  -2.6672327078044765E-019   1.4682890776536480E-019  -4.8829620918439070E-020  -6.9711987977356470E-033  -1.0907927163146214E-033   2.9222556207323381E-034   2.4876356924959641E-033   9.3624568352944860E-036  -7.3119837544397552E-034   2.2516957510244399E-033   4.8139251154069334E-033  -1.7539496152807863E-033   1.1465470672097672E-035   2.5006649369635428E-033   2.6083995110070037E-033  -5.8115647596161818E-033   2.3702060960858122E-033  -8.6653040132925430E-036  -2.4843258030826957E-033  -1.0532817510408965E-033   4.7760168153949834E-033  -1.5519559600072345E-033   8.0043385389435975E-034   7.6859813566439107E-034  -2.5837762688498131E-034   2.0981468208042494E-035  -8.7292473936431650E-034   3.8186812709247561E-037  -6.3663943940620749E-033  -9.2193242262996317E-018   8.9663664978422834E-020  -4.9359090252977293E-020   1.6414926070167473E-020   2.3434896837804294E-033   3.6668893715331441E-034  -9.8236703603690589E-035  -8.3626199044300230E-034  -3.1473526498023428E-036   2.4580504721893100E-034  -7.5694667684014336E-034  -1.6182846270446383E-033   5.8962065902012213E-034  -3.8543173160512212E-036  -8.4064199750966930E-034  -8.7685884775059739E-034   1.9536585393614343E-033  -7.9678598986659102E-034   2.9129926073214651E-036   8.3514931356783277E-034   3.5407897397507691E-034  -1.6055410928857049E-033   5.2171697974527103E-034  -2.6907975709419380E-034  -2.5837762688498131E-034   8.6858131677624812E-035  -7.0532853419824674E-036   2.9344882864070202E-034  -1.2837161044617593E-037   2.1401741677784516E-033   7.4865212009958853E-019  -7.2811077291874619E-021   4.0081883071933302E-021  -1.3329685454224836E-021  -1.9030229083264611E-034  -2.9776851695243925E-035   7.9772784446281171E-036   6.7908373405275220E-035   2.5557971236697907E-037  -1.9960516108835606E-035   6.1467600065754946E-035   1.3141225834160883E-034  -4.7879947119194053E-035   3.1298854008917690E-037   6.8264050404589043E-035   7.1205027535955506E-035  -1.5864618398724573E-034   6.4702738068112879E-035  -2.3654858401492185E-037  -6.7818018854211150E-035  -2.8752863880515079E-035   1.3037742394035943E-034  -4.2365851703538630E-035   2.1850531088796025E-035   2.0981468208042494E-035  -7.0532853419824674E-036   5.7275966169832234E-037  -2.3829413339851701E-035   1.0424373409817924E-038  -1.7379212280212917E-034  -3.1147341565066167E-017   3.0292727867100292E-019  -1.6675890832266359E-019   5.5457568963059339E-020   7.9174429538655433E-033   1.2388527936856794E-033  -3.3189115452103335E-034  -2.8252979518722199E-033  -1.0633281312469547E-035   8.3044847715679324E-034  -2.5573324151920815E-033  -5.4673491018209111E-033   1.9920241017155740E-033  -1.3021750292795782E-035  -2.8400957367004947E-033  -2.9624537943168071E-033   6.6004045777466692E-033  -2.6919289062247444E-033   9.8414996034011383E-036   2.8215387905897054E-033   1.1962502318715457E-033  -5.4242952725541100E-033   1.7626125917195321E-033  -9.0908171756769059E-034  -8.7292473936431650E-034   2.9344882864070202E-034  -2.3829413339851701E-035   9.9141224163336606E-034  -4.3370146224150235E-037   7.2305446881199803E-033   1.3625661469994587E-020  -1.3251803658990789E-022   7.2950059868316409E-023  -2.4260370955286693E-023  -3.4635507230049120E-036  -5.4194637261917660E-037   1.4518852297369914E-037   1.2359498920208457E-036   4.6516166131310731E-039  -3.6328653584683419E-037   1.1187261578282602E-036   2.3917369591260151E-036  -8.7142737345163263E-037   5.6964720685966279E-039   1.2424233050456682E-036   1.2959498465555816E-036  -2.8874014224779517E-036   1.1776065029783948E-036  -4.3052451739068677E-039  -1.2343054159123581E-036  -5.2330953056890797E-037   2.3729027064065369E-036  -7.7106941622448240E-037   3.9768529542923345E-037   3.8186812709247561E-037  -1.2837161044617593E-037   1.0424373409817924E-038  -4.3370146224150235E-037   1.8972628181443953E-040  -3.1630614111378386E-036  -2.2716306662837587E-016   2.2093021789529870E-018  -1.2162021892957651E-018   4.0446185132963648E-019   5.7743310693087172E-032   9.0351723638078574E-033  -2.4205408442429921E-033  -2.0605397271078457E-032  -7.7550399805931324E-035   6.0566075070555120E-033  -1.8651077255168956E-032  -3.9874343230964479E-032   1.4528183819413685E-032  -9.4969926187797183E-035  -2.0713320131007794E-032  -2.1605699069247173E-032   4.8137917059045127E-032  -1.9632713251182520E-032   7.1775795872028819E-035   2.0577981043497600E-032   8.7244643514496599E-033  -3.9560344045322573E-032   1.2855045133671196E-032  -6.6300936260345979E-033  -6.3663943940620749E-033   2.1401741677784516E-033  -1.7379212280212917E-034   7.2305446881199803E-033  -3.1630614111378386E-036   5.2733640247135464E-032
