   1.0001137893703342        1.5259078949235977E-006  -3.7514062348773243E-006  -8.3853515104813782E-004  -2.0155797879367726E-004   7.6995403572184048E-018   2.3448544703323561E-016  -4.8796604610102843E-018  -2.4569163539704818E-019  -4.9202113967813469E-018   9.6312503988941150E-020   3.4708777154544938E-019   7.9109165278272892E-018  -1.4726607547629777E-019  -1.5579731950612056E-019  -3.5282182899035815E-018   6.3493594207877903E-020  -7.5619785564655196E-018  -8.7228191843232628E-017   2.8211254734158319E-019   5.9427547258244871E-019  -2.6660984325247047E-019  -8.5671437210047563E-019   9.4625385743269719E-020  -3.5482916882781229E-019  -1.5117102814646089E-019  -2.3373867283042074E-019   1.7484723757658730E-023   3.0175675869437693E-023   1.2777192206865851E-023   2.4998036774384275E-023  -7.2495047513114762E-024  -4.9157603334025359E-024  -1.7109096605930258E-023   1.5259078949235977E-006  0.97906652999434374       -1.9126566397061166E-006   2.0924066673321667E-002   2.7295602774149524E-003   7.1366823806982154E-017   2.2489141044615813E-015  -4.4949605388346159E-017   1.0945282176603142E-017   4.5968108539772415E-016  -7.3165112835309956E-018  -1.0055522345998213E-017  -4.3528268699823373E-016   7.1332341564235389E-018   5.2107442957203157E-018   2.0524242663805292E-016  -3.4392123658736140E-018  -9.6598953867595844E-018   1.3654230991564003E-017   7.6307747509720545E-018   6.3685157880857239E-018   4.0650686133842609E-017   1.4637996655053379E-017  -1.3330026277955886E-017  -7.6907884903590945E-018  -9.7388829502943355E-018  -7.8789245163480373E-017  -4.0716913738483290E-021  -7.0748505044932819E-021  -2.6332861373492114E-021  -5.9125482227967980E-021   1.7458776352817437E-021   1.3445719456018366E-021   4.0547100481778536E-021  -3.7514062348773243E-006  -1.9126566397061166E-006  0.28763323217367570       0.13936319028117172       0.17478636506645129        7.7673555964602772E-017   2.3404621358382852E-015  -4.8679172601461377E-017  -2.0198198615130699E-017  -5.8666299352125776E-016   1.0510244372635959E-017   1.3618574781454934E-017   3.2934055649075013E-016  -6.6484593984079522E-018  -1.1165114934940139E-017  -2.4675982893059272E-016   5.0550546219950063E-018   2.9536472469136463E-015   5.7543491670461025E-016  -6.5835679662030722E-018   1.5403072315601942E-016   3.4182083812204674E-017   4.1341425509638700E-017   5.1334328081938873E-017   4.4012088376503801E-017  -9.2691208685335614E-018   1.0907402193600558E-017  -1.2467334852981029E-019  -2.1652205065658575E-019  -8.1393275896393336E-020  -1.8083603022229590E-019   5.3329340952076726E-020   4.0724411378367958E-020   1.2399613776526259E-019  -8.3853515104813782E-004   2.0924066673321667E-002  0.13936319028117172        6.7971751863146274E-002   8.4745493758757284E-002  -5.2298979974828243E-017  -1.6283776258119898E-015   3.3739339434036781E-017  -9.5526597712998677E-018  -2.7443254342338613E-016   4.9362085177399376E-018   5.8069591782773707E-018   1.3255313272809665E-016  -2.7014597105767115E-018  -5.1546930423953599E-018  -1.1076026073873694E-016   2.2842515181198196E-018   1.4308925575112523E-015   2.7917287758246829E-016  -3.0269995671734574E-018   7.4766137067356457E-017   1.7430830632017021E-017   2.0344194611844216E-017   2.4587387561179647E-017   2.1160537041771294E-017  -4.6990645927559488E-018   3.6011040476512705E-018  -6.0493409379658335E-020  -1.0505987420400998E-019  -3.9492726719294759E-020  -8.7744540504456515E-020   2.5876298848080859E-020   1.9760415737175406E-020   6.0164925918451841E-020  -2.0155797879367726E-004   2.7295602774149524E-003  0.17478636506645129        8.4745493758757284E-002  0.10622025591186536       -6.0707257724573667E-017  -1.7156434980179615E-015   3.4665350586433937E-017  -1.2243778002632122E-017  -3.5522940326332579E-016   6.3666397343431609E-018   7.5662899126477524E-018   1.7910294146548103E-016  -3.6145278992414718E-018  -6.6005217263139562E-018  -1.4444214288587394E-016   2.9611991460445112E-018   1.7948202976129710E-015   3.4973056713399877E-016  -3.9794163885298328E-018   9.3617645402022152E-017   2.0884892857784887E-017   2.5162982451588849E-017   3.1157183989271046E-017   2.6723489376220929E-017  -5.6597084923213347E-018   6.4084066560841778E-018  -7.5771736437893288E-020  -1.3159390644095304E-019  -4.9467679242433519E-020  -1.0990530441658084E-019   3.2411564058513198E-020   2.4750794332298423E-020   7.5360167668032698E-020   7.6995403572184048E-018   7.1366823806982154E-017   7.7673555964602772E-017  -5.2298979974828243E-017  -6.0707257724573667E-017  0.99820877691330190        2.1684043449710089E-016   1.6653345369377348E-016   4.5732940977598826E-006   3.6538793103187245E-016   1.2001821587882995E-016   6.2900807935733884E-003  -1.9650486749941964E-016  -6.4184768611141862E-017  -1.5663184465201370E-003  -3.0101856879523319E-017   4.3151246464923076E-017   7.2177387611885644E-017   5.5605663010895367E-018   2.6635392401392709E-018   5.7493857060459036E-017   1.0575733541750188E-016  -1.5277148683057941E-016  -1.2157390864615674E-017   1.5490231427094292E-017   1.8163104074633548E-018  -6.6494539371664714E-017   2.5990243410172703E-017   4.6123011165708818E-017   1.1830729522546702E-017   7.5417686133237097E-017  -2.2717712921650197E-016  -6.5298497158371972E-018   4.0912936677787892E-016   2.3448544703323561E-016   2.2489141044615813E-015   2.3404621358382852E-015  -1.6283776258119898E-015  -1.7156434980179615E-015   2.1684043449710089E-016  0.99820877691332055       -1.7347234759768125E-018   4.2004760901034972E-018   4.5732941117384122E-006   3.6701037632022364E-017   3.0876044993313744E-017   6.2900807935607735E-003  -5.1838416371963119E-018  -7.9621097041903192E-019  -1.5663184465146667E-003   3.9759726544116812E-018   6.3230809050097069E-018   4.8094406912693354E-018   2.3262694666960646E-016  -2.8380954187684922E-018  -9.5998759777267560E-017  -5.8302371632692531E-018   1.1044019142736525E-018   7.1995038558676522E-017   3.5252871211567555E-018   1.4868870138241427E-016  -1.2188667339932323E-016   2.0754473424383779E-018  -1.2400739453350870E-016  -3.6772028906843774E-018  -1.6395242133529421E-018  -3.6748128142375670E-018  -2.5629751127976276E-017  -4.8796604610102843E-018  -4.4949605388346159E-017  -4.8679172601461377E-017   3.3739339434036781E-017   3.4665350586433937E-017   1.6653345369377348E-016  -1.7347234759768125E-018  0.99820877691330778       -1.3643202033072378E-016  -5.5544979609588808E-017   4.5732941021095602E-006   1.3097162243624894E-016   6.5099564194176519E-017   6.2900807935698973E-003   1.1969591984239969E-016  -1.2915558379733576E-017  -1.5663184465185970E-003  -1.7013285804145416E-017   7.3591708097017592E-017   4.1907745082494271E-017   9.7439767319408863E-017   6.7448171159349590E-017   3.3651743109272612E-017  -1.4926798561307827E-016  -7.6129729392377438E-017   3.2933528613437441E-017  -8.6302308105492797E-017  -6.5070280072035176E-018  -3.8975939397052445E-017  -4.1238918255102432E-017   3.3010285342037975E-016  -1.0857706801745439E-017   1.1908641695282322E-017   8.0974589924636814E-017  -2.4569163539704818E-019   1.0945282176603142E-017  -2.0198198615130699E-017  -9.5526597712998677E-018  -1.2243778002632122E-017   4.5732940977598826E-006   4.2004760901034972E-018  -1.3643202033072378E-016   2.0952549595165421E-011   1.6932649672281725E-021  -7.5203965496306228E-023   2.8818008850447562E-008   2.5562207373339390E-020  -8.6000479362035644E-019  -7.1760888827619699E-009  -6.7274405348311266E-021   2.1427782895941127E-019   3.3068074353450802E-022   2.5475737724354927E-023   1.2203006589016045E-023   2.6340813986937368E-022   4.8452729432385410E-022  -6.9992265665714789E-022  -5.5699093370637921E-023   7.0968504389473872E-023   8.3214271947201670E-024  -3.0464477117831762E-022   1.1907431545033748E-022   2.1131260275295204E-022   5.4202494261846099E-023   3.4552617327342663E-022  -1.0408121509440787E-021  -2.9916510310281512E-023   1.8744264341975997E-021  -4.9202113967813469E-018   4.5968108539772415E-016  -5.8666299352125776E-016  -2.7443254342338613E-016  -3.5522940326332579E-016   3.6538793103187245E-016   4.5732941117384122E-006  -5.5544979609588808E-017   1.6932649672281725E-021   2.0952549723250316E-011  -8.6333467603354177E-023   2.3025789856877361E-018   2.8818008938473092E-008  -3.5003305673037655E-019  -5.7334293219055607E-019  -7.1760889046708940E-009   8.7175453233005333E-020   2.8969192967366707E-023   2.2034454250478494E-023   1.0657804960813346E-021  -1.3002736163441679E-023  -4.3981837566765630E-022  -2.6711235204987408E-023   5.0598179273105965E-024   3.2984531237000264E-022   1.6151105078808892E-023   6.8121737472424561E-022  -5.5842386746996308E-022   9.5086632670191034E-024  -5.6813995262494645E-022  -1.6847107245489721E-023  -7.5114812521257552E-024  -1.6836157121550287E-023  -1.1742272006122695E-022   9.6312503988941150E-020  -7.3165112835309956E-018   1.0510244372635959E-017   4.9362085177399376E-018   6.3666397343431609E-018   1.2001821587882995E-016   3.6701037632022364E-017   4.5732941021095602E-006  -7.5203965496306228E-023  -8.6333467603354177E-023   2.0952549635021400E-011   7.5687356920847102E-019   2.3156505073177460E-019   2.8818008877840319E-008  -1.8777413495260046E-019  -5.7647858325357405E-020  -7.1760888895800789E-009  -7.7946378862242311E-023   3.3716045421549228E-022   1.9200035890256171E-022   4.4642035164538389E-022   3.0901383608855173E-022   1.5417548095107336E-022  -6.8387136441377783E-022  -3.4878840025409802E-022   1.5088498083067078E-022  -3.9539407565548558E-022  -2.9811952666840385E-023  -1.7856828940565023E-022  -1.8893612839165787E-022   1.5123664182898483E-021  -4.9744590164521372E-023   5.4559448972850932E-023   3.7098513170397604E-022   3.4708777154544938E-019  -1.0055522345998213E-017   1.3618574781454934E-017   5.8069591782773707E-018   7.5662899126477524E-018   6.2900807935733884E-003   3.0876044993313744E-017   1.3097162243624894E-016   2.8818008850447562E-008   2.3025789856877361E-018   7.5687356920847102E-019   3.9636113511269196E-005  -1.0522796182858437E-018   4.1674021004911548E-019  -9.8699488573338045E-006  -2.3599132003893961E-019   6.7762635780344256E-020   4.5481627696345943E-019   3.5039174269801331E-020   1.6783940799587031E-020   3.6228994816369599E-019   6.6641588380554904E-019  -9.6266935068447406E-019  -7.6608193141686208E-020   9.7609647842266517E-020   1.1445240187613642E-020  -4.1900655920154291E-019   1.6377408681993493E-019   2.9063806428581293E-019   7.4549779830464235E-020   4.7523459021204858E-019  -1.4315266808638479E-018  -4.1146985713264390E-020   2.5780746789405380E-018   7.9109165278272892E-018  -4.3528268699823373E-016   3.2934055649075013E-016   1.3255313272809665E-016   1.7910294146548103E-016  -1.9650486749941964E-016   6.2900807935607735E-003   6.5099564194176519E-017   2.5562207373339390E-020   2.8818008938473092E-008   2.3156505073177460E-019  -1.0522796182858437E-018   3.9636113511109479E-005   3.7756493623859754E-019   3.0546125660357007E-019  -9.8699488572793572E-006  -7.7106467979737623E-020   3.9844059358936867E-020   3.0306055426694488E-020   1.4658679858895187E-018  -1.7883883508748649E-020  -6.0492350803390847E-019  -3.6738469597425516E-020   6.9592428258147014E-021   4.5366722848297048E-019   2.2214131277365930E-020   9.3694221731561297E-019  -7.6805277720642396E-019   1.3078157364108309E-020  -7.8141622139080237E-019  -2.3171408438459437E-020  -1.0331245330094289E-020  -2.3156347687345375E-020  -1.6150249230667769E-019  -1.4726607547629777E-019   7.1332341564235389E-018  -6.6484593984079522E-018  -2.7014597105767115E-018  -3.6145278992414718E-018  -6.4184768611141862E-017  -5.1838416371963119E-018   6.2900807935698973E-003  -8.6000479362035644E-019  -3.5003305673037655E-019   2.8818008877840319E-008   4.1674021004911548E-019   3.7756493623859754E-019   3.9636113511224967E-005   8.5635030967409793E-019  -7.3268349937491659E-020  -9.8699488573185664E-006  -1.0720697387890655E-019   4.6372843073813331E-019   2.6407612169103647E-019   6.1400382677556411E-019   4.2501574398366436E-019   2.1205201546747791E-019  -9.4059250040158069E-019  -4.7972143678341700E-019   2.0752628166267705E-019  -5.4382259824815618E-019  -4.1003177729910862E-020  -2.4560173531116788E-019  -2.5986159775726648E-019   2.0800995405217456E-018  -6.8418405643600905E-020   7.5040733098569909E-020   5.1025068566028546E-019  -1.5579731950612056E-019   5.2107442957203157E-018  -1.1165114934940139E-017  -5.1546930423953599E-018  -6.6005217263139562E-018  -1.5663184465201370E-003  -7.9621097041903192E-019   1.1969591984239969E-016  -7.1760888827619699E-009  -5.7334293219055607E-019  -1.8777413495260046E-019  -9.8699488573338045E-006   3.0546125660357007E-019   8.5635030967409793E-019   2.4577558649560312E-006   4.7951660109708319E-020  -2.5559219183398532E-019  -1.1325563975487349E-019  -8.7252464333564834E-021  -4.1794369488072591E-021  -9.0215284575888541E-020  -1.6594691326144372E-019   2.3971818667532141E-019   1.9076515868420279E-020  -2.4306173003367531E-020  -2.8500255273343511E-021   1.0433851717147607E-019  -4.0782047427778103E-020  -7.2372959313483592E-020  -1.8563942048537624E-020  -1.1834008647929916E-019   3.5647024585338797E-019   1.0246177252165980E-020  -6.4197679785873398E-019  -3.5282182899035815E-018   2.0524242663805292E-016  -2.4675982893059272E-016  -1.1076026073873694E-016  -1.4444214288587394E-016  -3.0101856879523319E-017  -1.5663184465146667E-003  -1.2915558379733576E-017  -6.7274405348311266E-021  -7.1760889046708940E-009  -5.7647858325357405E-020  -2.3599132003893961E-019  -9.8699488572793572E-006  -7.3268349937491659E-020   4.7951660109708319E-020   2.4577558649388200E-006   1.4028983188895157E-020  -9.9217302951815955E-021  -7.5466333765676051E-021  -3.6502171304452631E-019   4.4533381293243340E-021   1.5063444818287459E-019   9.1483948323861594E-021  -1.7329491893327609E-021  -1.1296951054741139E-019  -5.5316306316174806E-021  -2.3331176919097808E-019   1.9125592696150570E-019  -3.2566448346446926E-021   1.9458361222055595E-019   5.7700060873636058E-021   2.5726251644770021E-021   5.7662557488498219E-021   4.0216388494850855E-020   6.3493594207877903E-020  -3.4392123658736140E-018   5.0550546219950063E-018   2.2842515181198196E-018   2.9611991460445112E-018   4.3151246464923076E-017   3.9759726544116812E-018  -1.5663184465185970E-003   2.1427782895941127E-019   8.7175453233005333E-020  -7.1760888895800789E-009   6.7762635780344256E-020  -7.7106467979737623E-020  -9.8699488573185664E-006  -2.5559219183398532E-019   1.4028983188895157E-020   2.4577558649511845E-006   2.6696041957658020E-020  -1.1547489119420081E-019  -6.5758662609324720E-020  -1.5289557506076684E-019  -1.0583488856660626E-019  -5.2803929607345477E-020   2.3422074093898948E-019   1.1945737428244191E-019  -5.1676958336998395E-020   1.3541946363240884E-019   1.0210367044871027E-020   6.1158280972817090E-020   6.4709186967055941E-020  -5.1797399553987938E-019   1.7037143775716818E-020  -1.8686196306528211E-020  -1.2705958596198060E-019  -7.5619785564655196E-018  -9.6598953867595844E-018   2.9536472469136463E-015   1.4308925575112523E-015   1.7948202976129710E-015   7.2177387611885644E-017   6.3230809050097069E-018  -1.7013285804145416E-017   3.3068074353450802E-022   2.8969192967366707E-023  -7.7946378862242311E-023   4.5481627696345943E-019   3.9844059358936867E-020  -1.0720697387890655E-019  -1.1325563975487349E-019  -9.9217302951815955E-021   2.6696041957658020E-020   3.0336104199406615E-029   5.9087241886695997E-030  -6.6730696023058335E-032   1.5841214920123895E-030   3.5649992973738163E-031   4.1273209088042439E-031   5.2894435021294503E-031   4.5490322468292233E-031  -9.5493339004566432E-032   1.1038820590723844E-031  -6.2108931243364371E-035   1.7891061838313983E-033  -6.2989060063010033E-035  -2.0531958780861133E-033  -1.5704192866536927E-032  -2.8022224611150591E-034   2.9313664033802066E-032  -8.7228191843232628E-017   1.3654230991564003E-017   5.7543491670461025E-016   2.7917287758246829E-016   3.4973056713399877E-016   5.5605663010895367E-018   4.8094406912693354E-018   7.3591708097017592E-017   2.5475737724354927E-023   2.2034454250478494E-023   3.3716045421549228E-022   3.5039174269801331E-020   3.0306055426694488E-020   4.6372843073813331E-019  -8.7252464333564834E-021  -7.5466333765676051E-021  -1.1547489119420081E-019   5.9087241886695997E-030   1.1644835594757899E-030  -8.8638898204534580E-033   3.1567873274554158E-031   7.4073617928777679E-032   8.4587759707720494E-032   9.1437457451490462E-032   8.2794159245865200E-032  -1.6211249693214034E-032   1.4725889329059553E-032  -1.1716793368607027E-033  -3.0397950251925421E-033  -3.7347330718411244E-033   2.4376962901246836E-032  -1.9671557919686893E-033   9.0536137732284526E-034   8.3734617018071880E-033   2.8211254734158319E-019   7.6307747509720545E-018  -6.5835679662030722E-018  -3.0269995671734574E-018  -3.9794163885298328E-018   2.6635392401392709E-018   2.3262694666960646E-016   4.1907745082494271E-017   1.2203006589016045E-023   1.0657804960813346E-021   1.9200035890256171E-022   1.6783940799587031E-020   1.4658679858895187E-018   2.6407612169103647E-019  -4.1794369488072591E-021  -3.6502171304452631E-019  -6.5758662609324720E-020  -6.6730696023058335E-032  -8.8638898204534580E-033   5.6189162852248964E-032   1.0705759795641770E-034  -1.9723736429843738E-032  -1.1859541319529128E-033  -7.3206171457158309E-033   1.2555800928564385E-032   2.3452532202773840E-033   2.9986616217936477E-032  -2.8606016440020561E-032  -1.0246817390746134E-033  -3.0597147166130351E-032   1.3207070223143684E-032  -1.4453084609096158E-033  -3.7477998971089052E-034  -1.4844365972063643E-033   5.9427547258244871E-019   6.3685157880857239E-018   1.5403072315601942E-016   7.4766137067356457E-017   9.3617645402022152E-017   5.7493857060459036E-017  -2.8380954187684922E-018   9.7439767319408863E-017   2.6340813986937368E-022  -1.3002736163441679E-023   4.4642035164538389E-022   3.6228994816369599E-019  -1.7883883508748649E-020   6.1400382677556411E-019  -9.0215284575888541E-020   4.4533381293243340E-021  -1.5289557506076684E-019   1.5841214920123895E-030   3.1567873274554158E-031   1.0705759795641770E-034   9.5358010947316545E-032   3.1517360513730543E-032   1.6735800130029579E-032   1.2129321547049614E-032   1.6774829833514353E-032  -1.7177793151536797E-033  -7.3486920460235792E-033   1.1415360173079019E-033  -1.2699699295958120E-033  -3.0351341186605559E-033   3.6480274868593540E-032  -1.4111366674948664E-032   8.1862286760775626E-034   3.1608236283776259E-032  -2.6660984325247047E-019   4.0650686133842609E-017   3.4182083812204674E-017   1.7430830632017021E-017   2.0884892857784887E-017   1.0575733541750188E-016  -9.5998759777267560E-017   6.7448171159349590E-017   4.8452729432385410E-022  -4.3981837566765630E-022   3.0901383608855173E-022   6.6641588380554904E-019  -6.0492350803390847E-019   4.2501574398366436E-019  -1.6594691326144372E-019   1.5063444818287459E-019  -1.0583488856660626E-019   3.5649992973738163E-031   7.4073617928777679E-032  -1.9723736429843738E-032   3.1517360513730543E-032   3.0744471153424760E-032  -7.8301870812968486E-033  -5.9331185046478828E-033  -5.5155736456480531E-033   5.7283893721681574E-034  -2.9150870851364869E-032   1.4020897459699357E-032   2.0274036007661849E-033   1.0383086772351822E-032   3.0626976943186406E-032  -2.4638322124693762E-032   4.7114471853195602E-034   5.1297206020978132E-032  -8.5671437210047563E-019   1.4637996655053379E-017   4.1341425509638700E-017   2.0344194611844216E-017   2.5162982451588849E-017  -1.5277148683057941E-016  -5.8302371632692531E-018   3.3651743109272612E-017  -6.9992265665714789E-022  -2.6711235204987408E-023   1.5417548095107336E-022  -9.6266935068447406E-019  -3.6738469597425516E-020   2.1205201546747791E-019   2.3971818667532141E-019   9.1483948323861594E-021  -5.2803929607345477E-020   4.1273209088042439E-031   8.4587759707720494E-032  -1.1859541319529128E-033   1.6735800130029579E-032  -7.8301870812968486E-033   3.0711114719261739E-032   4.0009316393579900E-033   8.5345425513281002E-034  -6.6603660920765602E-034   6.7887380362679969E-033  -3.5031356020520347E-033  -8.4162355276532141E-033  -2.4883412680630840E-033  -4.1847946889229240E-034   3.4419696559660772E-032   1.4281674936808841E-033  -5.9718055863889138E-032   9.4625385743269719E-020  -1.3330026277955886E-017   5.1334328081938873E-017   2.4587387561179647E-017   3.1157183989271046E-017  -1.2157390864615674E-017   1.1044019142736525E-018  -1.4926798561307827E-016  -5.5699093370637921E-023   5.0598179273105965E-024  -6.8387136441377783E-022  -7.6608193141686208E-020   6.9592428258147014E-021  -9.4059250040158069E-019   1.9076515868420279E-020  -1.7329491893327609E-021   2.3422074093898948E-019   5.2894435021294503E-031   9.1437457451490462E-032  -7.3206171457158309E-033   1.2129321547049614E-032  -5.9331185046478828E-033   4.0009316393579900E-033   3.1813404517944156E-032   1.9234690665630304E-032  -6.4646591187847171E-033   1.6898973327804948E-032   4.9944472400762416E-034   5.2303076417544922E-033   5.8709170093150956E-033  -5.0316996230556525E-032   4.3981335080738201E-033  -1.6980562400202794E-033  -1.7097755974238104E-032  -3.5482916882781229E-019  -7.6907884903590945E-018   4.4012088376503801E-017   2.1160537041771294E-017   2.6723489376220929E-017   1.5490231427094292E-017   7.1995038558676522E-017  -7.6129729392377438E-017   7.0968504389473872E-023   3.2984531237000264E-022  -3.4878840025409802E-022   9.7609647842266517E-020   4.5366722848297048E-019  -4.7972143678341700E-019  -2.4306173003367531E-020  -1.1296951054741139E-019   1.1945737428244191E-019   4.5490322468292233E-031   8.2794159245865200E-032   1.2555800928564385E-032   1.6774829833514353E-032  -5.5155736456480531E-033   8.5345425513281002E-034   1.9234690665630304E-032   1.8034126807607947E-032  -3.5710341858685632E-033   1.8562112813473729E-032  -7.9104426992975947E-033   3.8049049625331024E-033  -5.6276404900627712E-033  -2.4298242057286624E-032  -2.8073663920500383E-033  -1.2683810715986016E-033  -1.6563393950189499E-033  -1.5117102814646089E-019  -9.7388829502943355E-018  -9.2691208685335614E-018  -4.6990645927559488E-018  -5.6597084923213347E-018   1.8163104074633548E-018   3.5252871211567555E-018   3.2933528613437441E-017   8.3214271947201670E-024   1.6151105078808892E-023   1.5088498083067078E-022   1.1445240187613642E-020   2.2214131277365930E-020   2.0752628166267705E-019  -2.8500255273343511E-021  -5.5316306316174806E-021  -5.1676958336998395E-020  -9.5493339004566432E-032  -1.6211249693214034E-032   2.3452532202773840E-033  -1.7177793151536797E-033   5.7283893721681574E-034  -6.6603660920765602E-034  -6.4646591187847171E-033  -3.5710341858685632E-033   1.4979182212827624E-033  -2.0109517081983598E-033  -5.9379127817984261E-034  -1.1876169602906219E-033  -1.7743503552851397E-033   1.1021087534146480E-032  -7.7911496767877334E-034   3.6671208489035575E-034   3.3214531882360201E-033  -2.3373867283042074E-019  -7.8789245163480373E-017   1.0907402193600558E-017   3.6011040476512705E-018   6.4084066560841778E-018  -6.6494539371664714E-017   1.4868870138241427E-016  -8.6302308105492797E-017  -3.0464477117831762E-022   6.8121737472424561E-022  -3.9539407565548558E-022  -4.1900655920154291E-019   9.3694221731561297E-019  -5.4382259824815618E-019   1.0433851717147607E-019  -2.3331176919097808E-019   1.3541946363240884E-019   1.1038820590723844E-031   1.4725889329059553E-032   2.9986616217936477E-032  -7.3486920460235792E-033  -2.9150870851364869E-032   6.7887380362679969E-033   1.6898973327804948E-032   1.8562112813473729E-032  -2.0109517081983598E-033   4.0793051412038417E-032  -1.9328823302180991E-032   5.9882570624106104E-034  -1.5697150065219226E-032  -3.4117743669857565E-032   1.5829537646311445E-032  -1.1405565287102828E-033  -3.8067837310721667E-032   1.7484723757658730E-023  -4.0716913738483290E-021  -1.2467334852981029E-019  -6.0493409379658335E-020  -7.5771736437893288E-020   2.5990243410172703E-017  -1.2188667339932323E-016  -6.5070280072035176E-018   1.1907431545033748E-022  -5.5842386746996308E-022  -2.9811952666840385E-023   1.6377408681993493E-019  -7.6805277720642396E-019  -4.1003177729910862E-020  -4.0782047427778103E-020   1.9125592696150570E-019   1.0210367044871027E-020  -6.2108931243364371E-035  -1.1716793368607027E-033  -2.8606016440020561E-032   1.1415360173079019E-033   1.4020897459699357E-032  -3.5031356020520347E-033   4.9944472400762416E-034  -7.9104426992975947E-033  -5.9379127817984261E-034  -1.9328823302180991E-032   1.5602196291784319E-032   1.2016425655880817E-033   1.5718866356301310E-032   2.6088310189510180E-034  -5.6440341364444689E-033   2.0105096205086548E-034   1.3254080357922110E-032   3.0175675869437693E-023  -7.0748505044932819E-021  -2.1652205065658575E-019  -1.0505987420400998E-019  -1.3159390644095304E-019   4.6123011165708818E-017   2.0754473424383779E-018  -3.8975939397052445E-017   2.1131260275295204E-022   9.5086632670191034E-024  -1.7856828940565023E-022   2.9063806428581293E-019   1.3078157364108309E-020  -2.4560173531116788E-019  -7.2372959313483592E-020  -3.2566448346446926E-021   6.1158280972817090E-020   1.7891061838313983E-033  -3.0397950251925421E-033  -1.0246817390746134E-033  -1.2699699295958120E-033   2.0274036007661849E-033  -8.4162355276532141E-033   5.2303076417544922E-033   3.8049049625331024E-033  -1.1876169602906219E-033   5.9882570624106104E-034   1.2016425655880817E-033   3.6574776015563573E-033   1.8990864985080494E-033  -9.4119328153987760E-033  -1.0076395849687973E-032  -7.7437139173425999E-034   1.5689033800393950E-032   1.2777192206865851E-023  -2.6332861373492114E-021  -8.1393275896393336E-020  -3.9492726719294759E-020  -4.9467679242433519E-020   1.1830729522546702E-017  -1.2400739453350870E-016  -4.1238918255102432E-017   5.4202494261846099E-023  -5.6813995262494645E-022  -1.8893612839165787E-022   7.4549779830464235E-020  -7.8141622139080237E-019  -2.5986159775726648E-019  -1.8563942048537624E-020   1.9458361222055595E-019   6.4709186967055941E-020  -6.2989060063010033E-035  -3.7347330718411244E-033  -3.0597147166130351E-032  -3.0351341186605559E-033   1.0383086772351822E-032  -2.4883412680630840E-033   5.8709170093150956E-033  -5.6276404900627712E-033  -1.7743503552851397E-033  -1.5697150065219226E-032   1.5718866356301310E-032   1.8990864985080494E-033   1.7249368904842146E-032  -1.2286795287395759E-032  -2.0402676032724748E-033  -1.1286209290316825E-034   4.6876346067291480E-033   2.4998036774384275E-023  -5.9125482227967980E-021  -1.8083603022229590E-019  -8.7744540504456515E-020  -1.0990530441658084E-019   7.5417686133237097E-017  -3.6772028906843774E-018   3.3010285342037975E-016   3.4552617327342663E-022  -1.6847107245489721E-023   1.5123664182898483E-021   4.7523459021204858E-019  -2.3171408438459437E-020   2.0800995405217456E-018  -1.1834008647929916E-019   5.7700060873636058E-021  -5.1797399553987938E-019  -2.0531958780861133E-033   2.4376962901246836E-032   1.3207070223143684E-032   3.6480274868593540E-032   3.0626976943186406E-032  -4.1847946889229240E-034  -5.0316996230556525E-032  -2.4298242057286624E-032   1.1021087534146480E-032  -3.4117743669857565E-032   2.6088310189510180E-034  -9.4119328153987760E-033  -1.2286795287395759E-032   1.1487512353669326E-031  -2.0748503238413711E-032   3.4582924874262545E-033   5.7783203922411268E-032  -7.2495047513114762E-024   1.7458776352817437E-021   5.3329340952076726E-020   2.5876298848080859E-020   3.2411564058513198E-020  -2.2717712921650197E-016  -1.6395242133529421E-018  -1.0857706801745439E-017  -1.0408121509440787E-021  -7.5114812521257552E-024  -4.9744590164521372E-023  -1.4315266808638479E-018  -1.0331245330094289E-020  -6.8418405643600905E-020   3.5647024585338797E-019   2.5726251644770021E-021   1.7037143775716818E-020  -1.5704192866536927E-032  -1.9671557919686893E-033  -1.4453084609096158E-033  -1.4111366674948664E-032  -2.4638322124693762E-032   3.4419696559660772E-032   4.3981335080738201E-033  -2.8073663920500383E-033  -7.7911496767877334E-034   1.5829537646311445E-032  -5.6440341364444689E-033  -1.0076395849687973E-032  -2.0402676032724748E-033  -2.0748503238413711E-032   5.1822862055677503E-032   1.3626051866598975E-033  -9.3950275728039349E-032  -4.9157603334025359E-024   1.3445719456018366E-021   4.0724411378367958E-020   1.9760415737175406E-020   2.4750794332298423E-020  -6.5298497158371972E-018  -3.6748128142375670E-018   1.1908641695282322E-017  -2.9916510310281512E-023  -1.6836157121550287E-023   5.4559448972850932E-023  -4.1146985713264390E-020  -2.3156347687345375E-020   7.5040733098569909E-020   1.0246177252165980E-020   5.7662557488498219E-021  -1.8686196306528211E-020  -2.8022224611150591E-034   9.0536137732284526E-034  -3.7477998971089052E-034   8.1862286760775626E-034   4.7114471853195602E-034   1.4281674936808841E-033  -1.6980562400202794E-033  -1.2683810715986016E-033   3.6671208489035575E-034  -1.1405565287102828E-033   2.0105096205086548E-034  -7.7437139173425999E-034  -1.1286209290316825E-034   3.4582924874262545E-033   1.3626051866598975E-033   1.9831992625004885E-034  -1.6159483576475310E-033  -1.7109096605930258E-023   4.0547100481778536E-021   1.2399613776526259E-019   6.0164925918451841E-020   7.5360167668032698E-020   4.0912936677787892E-016  -2.5629751127976276E-017   8.0974589924636814E-017   1.8744264341975997E-021  -1.1742272006122695E-022   3.7098513170397604E-022   2.5780746789405380E-018  -1.6150249230667769E-019   5.1025068566028546E-019  -6.4197679785873398E-019   4.0216388494850855E-020  -1.2705958596198060E-019   2.9313664033802066E-032   8.3734617018071880E-033  -1.4844365972063643E-033   3.1608236283776259E-032   5.1297206020978132E-032  -5.9718055863889138E-032  -1.7097755974238104E-032  -1.6563393950189499E-033   3.3214531882360201E-033  -3.8067837310721667E-032   1.3254080357922110E-032   1.5689033800393950E-032   4.6876346067291480E-033   5.7783203922411268E-032  -9.3950275728039349E-032  -1.6159483576475310E-033   1.7491397043309712E-031
