   5.6449885662447331E-002  0.12029453489860881        8.9475124285101987E-002  -4.3382213833483192E-018   1.7690488833388263E-017   3.6287549247957269E-020   6.2070749553536526E-018   2.7593612961326747E-017   6.7749302813495174E-020   4.0092065027334223E-028  -1.7103229876125674E-022   7.3121308475371884E-019   3.3695912300963935E-020  -6.6297420426090905E-018   1.8733565835891814E-003  -3.4262002419088461E-018   2.9178728746425085E-018   7.3618047205250282E-021  -1.2344436113635473E-028  -1.8812243854207858E-022   6.5435327348154488E-018   1.4799228356026336E-019   1.2496356040950414E-017  0.12029453489860881       0.25634728851362648       0.19067121810012408       -9.2447365919865800E-018   3.7698377974876020E-017   7.7328657235833500E-020   1.3227257877898406E-017   5.8801905414012079E-017   1.4437355852920752E-019   8.5436068806713337E-028  -3.6446930920556471E-022   1.5582128627895643E-018   7.1805886773040373E-020  -1.4127960157126694E-017   3.9921171899205818E-003  -7.3012223095450142E-018   6.2179782337785844E-018   1.5687983500364586E-020  -2.6305955865969598E-028  -4.0088834517278552E-022   1.3944248384051023E-017   3.1537110678875900E-019   2.6629696769670639E-017   8.9475124285101987E-002  0.19067121810012408       0.14182133005027886       -6.8762388602958513E-018   2.8040068964827035E-017   5.7517086896823528E-020   9.8384398225038686E-018   4.3736881310144947E-017   1.0738511191527689E-019   6.3547382940998485E-028  -2.7109242133700877E-022   1.1589993650023516E-018   5.3409247966542909E-020  -1.0508382546383652E-017   2.9693383995366114E-003  -5.4306521416814133E-018   4.6249347548359149E-018   1.1668728547484363E-020  -1.9566380738159850E-028  -2.9818091519300330E-022   1.0371737654390539E-017   2.3457315828718268E-019   1.9807179354815519E-017  -4.3382213833483192E-018  -9.2447365919865800E-018  -6.8762388602958513E-018   3.3339597680461761E-034  -1.3595290059186707E-033  -2.7887288034228502E-036  -4.7701895200249041E-034  -2.1205924580339576E-033  -5.2065911334159995E-036  -3.0811090538643290E-044   1.3143976591309444E-038  -5.6194343050244970E-035  -2.5895593154888579E-036   5.0950127458740372E-034  -1.4396903544074603E-019   2.6330638191123915E-034  -2.2424099447002086E-034  -5.6576090958962048E-037   9.4868033982885666E-045   1.4457368265562105E-038  -5.0287601648235802E-034  -1.1373331966530120E-035  -9.6035551453470784E-034   1.7690488833388263E-017   3.7698377974876020E-017   2.8040068964827035E-017  -1.3595290059186707E-033   5.5439154834714524E-033   1.1371935961051225E-035   1.9451977430440595E-033   8.6473957606245647E-033   2.1231544950484776E-035   1.2564210190160790E-043  -5.3598779446200285E-038   2.2915045369645916E-034   1.0559758506075768E-035  -2.0776548295303688E-033   5.8707990873726820E-019  -1.0737162070243399E-033   9.1441456258694464E-034   2.3070715320982435E-036  -3.8685483001432807E-044  -5.8954555164888707E-038   2.0506382150773816E-033   4.6378408193873490E-035   3.9161575688990180E-033   3.6287549247957269E-020   7.7328657235833500E-020   5.7517086896823528E-020  -2.7887288034228502E-036   1.1371935961051225E-035   2.3326641231780241E-038   3.9900796163701711E-036   1.7737938306034928E-035   4.3551127402813101E-038   2.5772289298001435E-046  -1.0994429645796693E-040   4.7004401359492446E-037   2.1660665256041319E-038  -4.2617817210650523E-036   1.2042454734536342E-021  -2.2024563655465202E-036   1.8756894614634414E-036   4.7323718766645696E-039  -7.9353452740437147E-047  -1.2093031142811946E-040   4.2063639914189643E-036   9.5133536852905134E-038   8.0330036090340072E-036   6.2070749553536526E-018   1.3227257877898406E-017   9.8384398225038686E-018  -4.7701895200249041E-034   1.9451977430440595E-033   3.9900796163701711E-036   6.8251297676247973E-034   3.0341181727833405E-033   7.4495279450329578E-036   4.4084137606167734E-044  -1.8806243551061521E-038   8.0402189874071137E-035   3.7051103095544990E-036  -7.2898829307123846E-034   2.0598916359149923E-019  -3.7673560298681795E-034   3.2084131669282958E-034   8.0948390188456088E-037  -1.3573604151670132E-044  -2.0685428555108407E-038   7.1950895349340362E-034   1.6272826527328025E-035   1.3740651146538186E-033   2.7593612961326747E-017   5.8801905414012079E-017   4.3736881310144947E-017  -2.1205924580339576E-033   8.6473957606245647E-033   1.7737938306034928E-035   3.0341181727833405E-033   1.3488202275775686E-032   3.3116949986648794E-035   1.9597646872127295E-043  -8.3603341273792010E-038   3.5742872844070845E-034   1.6471104440697594E-035  -3.2407246500215482E-033   9.1572685931056216E-019  -1.6747818404551577E-033   1.4263032392074578E-033   3.5985686732784952E-036  -6.0341591191579786E-044  -9.1957276751834673E-038   3.1985841523924432E-033   7.2341010896704519E-035   6.1084200255574760E-033   6.7749302813495174E-020   1.4437355852920752E-019   1.0738511191527689E-019  -5.2065911334159995E-036   2.1231544950484776E-035   4.3551127402813101E-038   7.4495279450329578E-036   3.3116949986648794E-035   8.1310492977102541E-038   4.8117182560781248E-046  -2.0526735995451088E-040   8.7757798122742711E-037   4.0440729671373628E-038  -7.9567991316390273E-036   2.2483411785485592E-021  -4.1120132479412607E-036   3.5019354004988885E-036   8.8353967667371393E-039  -1.4815387675459769E-046  -2.2577838564656293E-040   7.8533335456504513E-036   1.7761548877068608E-037   1.4997716993549265E-035   4.0092065027334223E-028   8.5436068806713337E-028   6.3547382940998485E-028  -3.0811090538643290E-044   1.2564210190160790E-043   2.5772289298001435E-046   4.4084137606167734E-044   1.9597646872127295E-043   4.8117182560781248E-046   2.8474347809446205E-054  -1.2147124769594228E-048   5.1932510046314919E-045   2.3931646473188420E-046  -4.7086020807222974E-044   1.3305028537658505E-029  -2.4333697275609758E-044   2.0723434185710694E-044   5.2285305826610514E-047  -8.7673151076527767E-055  -1.3360907556535722E-048   4.6473741591160104E-044   1.0510767535511304E-045   8.8752122899655887E-044  -1.7103229876125674E-022  -3.6446930920556471E-022  -2.7109242133700877E-022   1.3143976591309444E-038  -5.3598779446200285E-038  -1.0994429645796693E-040  -1.8806243551061521E-038  -8.3603341273792010E-038  -2.0526735995451088E-040  -1.2147124769594228E-048   5.1819497730213106E-043  -2.2154350412251356E-039  -1.0209213485662385E-040   2.0086843550436049E-038  -5.6759102189632550E-024   1.0380727906059657E-038  -8.8405937299393422E-039  -2.2304852695573725E-041   3.7401267702320027E-049   5.6997481456067889E-043  -1.9825645925081566E-038  -4.4838816162700867E-040  -3.7861555869273786E-038   7.3121308475371884E-019   1.5582128627895643E-018   1.1589993650023516E-018  -5.6194343050244970E-035   2.2915045369645916E-034   4.7004401359492446E-037   8.0402189874071137E-035   3.5742872844070845E-034   8.7757798122742711E-037   5.1932510046314919E-045  -2.2154350412251356E-039   9.4716325647180938E-036   4.3647372688248629E-037  -8.5877129301654708E-035   2.4266175746059891E-020  -4.4380646983962217E-035   3.7796123066479391E-035   9.5359766913232351E-038  -1.5990135505626588E-045  -2.4368089852350903E-039   8.4760433082583245E-035   1.9169904936377110E-036   1.6186922155207735E-034   3.3695912300963935E-020   7.1805886773040373E-020   5.3409247966542909E-020  -2.5895593154888579E-036   1.0559758506075768E-035   2.1660665256041319E-038   3.7051103095544990E-036   1.6471104440697594E-035   4.0440729671373628E-038   2.3931646473188420E-046  -1.0209213485662385E-040   4.3647372688248629E-037   2.0113672374531921E-038  -3.9574075983360335E-036   1.1182389194996602E-021  -2.0451581349030621E-036   1.7417287446291864E-036   4.3943884620594485E-039  -7.3686072488650556E-047  -1.1229353463818048E-040   3.9059477726720499E-036   8.8339151612903832E-038   7.4592908789114224E-036  -6.6297420426090905E-018  -1.4127960157126694E-017  -1.0508382546383652E-017   5.0950127458740372E-034  -2.0776548295303688E-033  -4.2617817210650523E-036  -7.2898829307123846E-034  -3.2407246500215482E-033  -7.9567991316390273E-036  -4.7086020807222974E-044   2.0086843550436049E-038  -8.5877129301654708E-035  -3.9574075983360335E-036   7.7862831847643809E-034  -2.2001587350037647E-019   4.0238919040523943E-034  -3.4268881584068405E-034  -8.6460522802459947E-037   1.4497890674969873E-044   2.2093990542663781E-038  -7.6850348889287787E-034  -1.7380914997209711E-035  -1.4676312635866774E-033   1.8733565835891814E-003   3.9921171899205818E-003   2.9693383995366114E-003  -1.4396903544074603E-019   5.8707990873726820E-019   1.2042454734536342E-021   2.0598916359149923E-019   9.1572685931056216E-019   2.2483411785485592E-021   1.3305028537658505E-029  -5.6759102189632550E-024   2.4266175746059891E-020   1.1182389194996602E-021  -2.2001587350037647E-019   6.2169565944959266E-005  -1.1370252932406942E-019   9.6833081159350781E-020   2.4431024400582583E-022  -4.0966479192639128E-030  -6.2430668304807194E-024   2.1715491510468353E-019   4.9112999162804119E-021   4.1470643537126297E-019  -3.4262002419088461E-018  -7.3012223095450142E-018  -5.4306521416814133E-018   2.6330638191123915E-034  -1.0737162070243399E-033  -2.2024563655465202E-036  -3.7673560298681795E-034  -1.6747818404551577E-033  -4.1120132479412607E-036  -2.4333697275609758E-044   1.0380727906059657E-038  -4.4380646983962217E-035  -2.0451581349030621E-036   4.0238919040523943E-034  -1.1370252932406942E-019   2.0795167182181516E-034  -1.7709897250704200E-034  -4.4682140306136834E-037   7.4923995863648165E-045   1.1418006199260174E-038  -3.9715675551629047E-034  -8.9823246191644131E-036  -7.5846066981435181E-034   2.9178728746425085E-018   6.2179782337785844E-018   4.6249347548359149E-018  -2.2424099447002086E-034   9.1441456258694464E-034   1.8756894614634414E-036   3.2084131669282958E-034   1.4263032392074578E-033   3.5019354004988885E-036   2.0723434185710694E-044  -8.8405937299393422E-039   3.7796123066479391E-035   1.7417287446291864E-036  -3.4268881584068405E-034   9.6833081159350781E-020  -1.7709897250704200E-034   1.5082372643738357E-034   3.8052885405089545E-037  -6.3807915403265224E-045  -9.7239764809425423E-039   3.3823268988399122E-034   7.6496642072768680E-036   6.4593183663471490E-034   7.3618047205250282E-021   1.5687983500364586E-020   1.1668728547484363E-020  -5.6576090958962048E-037   2.3070715320982435E-036   4.7323718766645696E-039   8.0948390188456088E-037   3.5985686732784952E-036   8.8353967667371393E-039   5.2285305826610514E-047  -2.2304852695573725E-041   9.5359766913232351E-038   4.3943884620594485E-039  -8.6460522802459947E-037   2.4431024400582583E-022  -4.4682140306136834E-037   3.8052885405089545E-037   9.6007579301791202E-040  -1.6098762112114678E-047  -2.4533630845191543E-041   8.5336240473770263E-037   1.9300132833395567E-038   1.6296885602521135E-036  -1.2344436113635473E-028  -2.6305955865969598E-028  -1.9566380738159850E-028   9.4868033982885666E-045  -3.8685483001432807E-044  -7.9353452740437147E-047  -1.3573604151670132E-044  -6.0341591191579786E-044  -1.4815387675459769E-046  -8.7673151076527767E-055   3.7401267702320027E-049  -1.5990135505626588E-045  -7.3686072488650556E-047   1.4497890674969873E-044  -4.0966479192639128E-030   7.4923995863648165E-045  -6.3807915403265224E-045  -1.6098762112114678E-047   2.6994758479200997E-055   4.1138531936281075E-049  -1.4309368540696127E-044  -3.2362887334172396E-046  -2.7326976306592452E-044  -1.8812243854207858E-022  -4.0088834517278552E-022  -2.9818091519300330E-022   1.4457368265562105E-038  -5.8954555164888707E-038  -1.2093031142811946E-040  -2.0685428555108407E-038  -9.1957276751834673E-038  -2.2577838564656293E-040  -1.3360907556535722E-048   5.6997481456067889E-043  -2.4368089852350903E-039  -1.1229353463818048E-040   2.2093990542663781E-038  -6.2430668304807194E-024   1.1418006199260174E-038  -9.7239764809425423E-039  -2.4533630845191543E-041   4.1138531936281075E-049   6.2692867253336133E-043  -2.1806693145745345E-038  -4.9319266003913646E-040  -4.1644813691403106E-038   6.5435327348154488E-018   1.3944248384051023E-017   1.0371737654390539E-017  -5.0287601648235802E-034   2.0506382150773816E-033   4.2063639914189643E-036   7.1950895349340362E-034   3.1985841523924432E-033   7.8533335456504513E-036   4.6473741591160104E-044  -1.9825645925081566E-038   8.4760433082583245E-035   3.9059477726720499E-036  -7.6850348889287787E-034   2.1715491510468353E-019  -3.9715675551629047E-034   3.3823268988399122E-034   8.5336240473770263E-037  -1.4309368540696127E-044  -2.1806693145745345E-038   7.5851031670176490E-034   1.7154903692229902E-035   1.4485470406234077E-033   1.4799228356026336E-019   3.1537110678875900E-019   2.3457315828718268E-019  -1.1373331966530120E-035   4.6378408193873490E-035   9.5133536852905134E-038   1.6272826527328025E-035   7.2341010896704519E-035   1.7761548877068608E-037   1.0510767535511304E-045  -4.4838816162700867E-040   1.9169904936377110E-036   8.8339151612903832E-038  -1.7380914997209711E-035   4.9112999162804119E-021  -8.9823246191644131E-036   7.6496642072768680E-036   1.9300132833395567E-038  -3.2362887334172396E-046  -4.9319266003913646E-040   1.7154903692229902E-035   3.8798512585741649E-037   3.2761169397949960E-035   1.2496356040950414E-017   2.6629696769670639E-017   1.9807179354815519E-017  -9.6035551453470784E-034   3.9161575688990180E-033   8.0330036090340072E-036   1.3740651146538186E-033   6.1084200255574760E-033   1.4997716993549265E-035   8.8752122899655887E-044  -3.7861555869273786E-038   1.6186922155207735E-034   7.4592908789114224E-036  -1.4676312635866774E-033   4.1470643537126297E-019  -7.5846066981435181E-034   6.4593183663471490E-034   1.6296885602521135E-036  -2.7326976306592452E-044  -4.1644813691403106E-038   1.4485470406234077E-033   3.2761169397949960E-035   2.7663282656758491E-033
