   5.6449844916158835E-002  0.12029441590052242        8.9475173230374044E-002   1.3619973654005284E-017   2.4695963922985695E-018  -7.0100039007835064E-018  -5.8966161382412344E-018   6.6179673731957612E-018  -1.3354289786818078E-017   5.6338576830993559E-061   1.9889502758491983E-046  -3.1367006466237458E-018  -6.6888133492695744E-019  -6.0635863955329617E-018   1.8733919694506303E-003  -1.3634061614191770E-017   6.5109600998275054E-018  -6.8255844210695220E-017  -2.4004362853561576E-061  -1.1964931929596848E-045   2.8635096602717956E-017   1.2446212310853832E-017  -2.4243984961995994E-018  0.12029441590052242       0.25634696637945220       0.19067127141504120        2.9024114729145582E-017   5.2627010041006277E-018  -1.4938293027333903E-017  -1.2565667721370071E-017   1.4102864601128654E-017  -2.8457943366497106E-017   1.2005730401238160E-060   4.2384458636479601E-046  -6.6842977638080979E-018  -1.4253837120598981E-018  -1.2921480737393409E-017   3.9921915295339228E-003  -2.9054136121487409E-017   1.3874832487558451E-017  -1.4545295781268453E-016  -5.1153210656683500E-061  -2.5497226784202519E-045   6.1021287572978909E-017   2.6522833540672399E-017  -5.1663844505435114E-018   8.9475173230374044E-002  0.19067127141504120       0.14182158757913210        2.1588181577739172E-017   3.9144051739771748E-018  -1.1111125536301681E-017  -9.3463631516749728E-018   1.0489732576398138E-017  -2.1167062439566194E-017   8.9298809040003615E-061   3.1525626109783258E-046  -4.9717910500077846E-018  -1.0602026170672741E-018  -9.6110174251753913E-018   2.9693982551049439E-003  -2.1610511535952885E-017   1.0320121936444123E-017  -1.0818813574790149E-016  -3.8047837470539605E-061  -1.8964876850952364E-045   4.5387728395038895E-017   1.9727724748042374E-017  -3.8427647719688047E-018   1.3619973654005284E-017   2.9024114729145582E-017   2.1588181577739172E-017   3.2861681482263453E-033   5.9585350232742116E-034  -1.6913433258310952E-033  -1.4227099573065197E-033   1.5967544534421054E-033  -3.2220650975136556E-033   1.3593127373192051E-076   4.7988529280154388E-062  -7.5680952234622687E-034  -1.6138478631591871E-034  -1.4629958165270970E-033   4.5200388602376475E-019  -3.2895672301346055E-033   1.5709362028122372E-033  -1.6468473939340206E-032  -5.7916685179963196E-077  -2.8868468619375709E-061   6.9089518649372609E-033   3.0029681041242495E-033  -5.8494835006351784E-034   2.4695963922985695E-018   5.2627010041006277E-018   3.9144051739771748E-018   5.9585350232742116E-034   1.0804115316724795E-034  -3.0667719936318727E-034  -2.5796814789125508E-034   2.8952618689153361E-034  -5.8423023000715232E-034   2.4647285797809218E-077   8.7013603544770523E-063  -1.3722596779721497E-034  -2.9262559251754758E-035  -2.6527284723349856E-034   8.1958100256747393E-020  -5.9646982954148293E-034   2.8484477852535573E-034  -2.9860912260500179E-033  -1.0501550179744104E-077  -5.2344789912739027E-062   1.2527427022735791E-033   5.4450319688775838E-034  -1.0606381272793790E-034  -7.0100039007835064E-018  -1.4938293027333903E-017  -1.1111125536301681E-017  -1.6913433258310952E-033  -3.0667719936318727E-034   8.7051000338414671E-034   7.3224828503756888E-034  -8.2182647570180482E-034   1.6583504106490655E-033  -6.9961865074461155E-077  -2.4699003536458328E-062   3.8951894023943423E-034   8.3062420702187945E-035   7.5298283544542630E-034  -2.3263987763031437E-019   1.6930927842398480E-033  -8.0853819466511148E-034   8.4760858932188349E-033   2.9808882112822541E-077   1.4858184220639718E-061  -3.5559378273314899E-033  -1.5455843497647982E-033   3.0106447485647578E-034  -5.8966161382412344E-018  -1.2565667721370071E-017  -9.3463631516749728E-018  -1.4227099573065197E-033  -2.5796814789125508E-034   7.3224828503756888E-034   6.1594645536065932E-034  -6.9129708457302631E-034   1.3949572543318129E-033  -5.8849933394960609E-077  -2.0776100115333643E-062   3.2765226691382486E-034   6.9869748622987338E-035   6.3338777012804247E-034  -1.9569005613250131E-019   1.4241815520206223E-033  -6.8011936006395816E-034   7.1298426612126089E-033   2.5074384810221563E-077   1.2498282468943124E-061  -2.9911538817948084E-033  -1.3001016474209887E-033   2.5324688348481473E-034   6.6179673731957612E-018   1.4102864601128654E-017   1.0489732576398138E-017   1.5967544534421054E-033   2.8952618689153361E-034  -8.2182647570180482E-034  -6.9129708457302631E-034   7.7586558860760504E-034  -1.5656066767344659E-033   6.6049227216401106E-077   2.3317704507476574E-062  -3.6773497907158689E-034  -7.8417130421895994E-035  -7.1087204915781724E-034   2.1962942412765185E-019  -1.5984060728753831E-033   7.6332045859179101E-034  -8.0020582994907364E-033  -2.8141811623250164E-077  -1.4027235902983634E-061   3.3570709596555480E-033   1.4591470909341674E-033  -2.8422735565179615E-034  -1.3354289786818078E-017  -2.8457943366497106E-017  -2.1167062439566194E-017  -3.2220650975136556E-033  -5.8423023000715232E-034   1.6583504106490655E-033   1.3949572543318129E-033  -1.5656066767344659E-033   3.1592125004981978E-033  -1.3327967194514620E-076  -4.7052420418003354E-062   7.4204649227517254E-034   1.5823666465116166E-034   1.4344572601328033E-033  -4.4318667804134525E-019   3.2253978737704359E-033  -1.5402920609019625E-033   1.6147224577628780E-032   5.6786908479642525E-077   2.8305333434432620E-061  -6.7741794273160628E-033  -2.9443894167338418E-033   5.7353780378070997E-034   5.6338576830993559E-061   1.2005730401238160E-060   8.9298809040003615E-061   1.3593127373192051E-076   2.4647285797809218E-077  -6.9961865074461155E-077  -5.8849933394960609E-077   6.6049227216401106E-077  -1.3327967194514620E-076   5.6227528065948555E-120   1.9850298631534438E-105  -3.1305179073229577E-077  -6.6756290534666971E-078  -6.0516344823174821E-077   1.8696993333147051E-062  -1.3607187564651161E-076   6.4981263699214033E-077  -6.8121305363016486E-076  -2.3957047940751890E-120  -1.1941347895541193E-104   2.8578654067362198E-076   1.2421679626779214E-076  -2.4196197730914956E-077   1.9889502758491983E-046   4.2384458636479601E-046   3.1525626109783258E-046   4.7988529280154388E-062   8.7013603544770523E-063  -2.4699003536458328E-062  -2.0776100115333643E-062   2.3317704507476574E-062  -4.7052420418003354E-062   1.9850298631534438E-105   7.0078548589036329E-091  -1.1051831277171163E-062  -2.3567322772795281E-063  -2.1364402066901854E-062   6.6006974508904420E-048  -4.8038166710231793E-062   2.2940675755316549E-062  -2.4049221104648498E-061  -8.4576820698242375E-106  -4.2157165705651787E-090   1.0089271878697620E-061   4.3852905965848446E-062  -8.5421103723958496E-063  -3.1367006466237458E-018  -6.6842977638080979E-018  -4.9717910500077846E-018  -7.5680952234622687E-034  -1.3722596779721497E-034   3.8951894023943423E-034   3.2765226691382486E-034  -3.6773497907158689E-034   7.4204649227517254E-034  -3.1305179073229577E-077  -1.1051831277171163E-062   1.7429438399951086E-034   3.7167161732615553E-035   3.3693016156157388E-034  -1.0409718238700483E-019   7.5759233607923525E-034  -3.6178899668552067E-034   3.7927145945134652E-033   1.3338300680256513E-077   6.6484522280117739E-062  -1.5911421220604243E-033  -6.9158812148120491E-034   1.3471449464560159E-034  -6.6888133492695744E-019  -1.4253837120598981E-018  -1.0602026170672741E-018  -1.6138478631591871E-034  -2.9262559251754758E-035   8.3062420702187945E-035   6.9869748622987338E-035  -7.8417130421895994E-035   1.5823666465116166E-034  -6.6756290534666971E-078  -2.3567322772795281E-063   3.7167161732615553E-035   7.9256593331330684E-036   7.1848200268979691E-035  -2.2198057819798979E-020   1.6155171633370584E-034  -7.7149187738195828E-035   8.0877211018072158E-034   2.8443072418371276E-078   1.4177398809979749E-062  -3.3930087265670523E-034  -1.4747674006249021E-034   2.8727003678068586E-035  -6.0635863955329617E-018  -1.2921480737393409E-017  -9.6110174251753913E-018  -1.4629958165270970E-033  -2.6527284723349856E-034   7.5298283544542630E-034   6.3338777012804247E-034  -7.1087204915781724E-034   1.4344572601328033E-033  -6.0516344823174821E-077  -2.1364402066901854E-062   3.3693016156157388E-034   7.1848200268979691E-035   6.5132295811795562E-034  -2.0123127134065657E-019   1.4645090813350777E-033  -6.9937781302692049E-034   7.3317333109823387E-033   2.5784398211983070E-077   1.2852187385020389E-061  -3.0758522446411629E-033  -1.3369156949163761E-033   2.6041789416322047E-034   1.8733919694506303E-003   3.9921915295339228E-003   2.9693982551049439E-003   4.5200388602376475E-019   8.1958100256747393E-020  -2.3263987763031437E-019  -1.9569005613250131E-019   2.1962942412765185E-019  -4.4318667804134525E-019   1.8696993333147051E-062   6.6006974508904420E-048  -1.0409718238700483E-019  -2.2198057819798979E-020  -2.0123127134065657E-019   6.2171959487482750E-005  -4.5247142090394917E-019   2.1607819087096819E-019  -2.2651957787006566E-018  -7.9662894855480227E-063  -3.9707828117546955E-047   9.5030836842244293E-019   4.1305045616798003E-019  -8.0458124912020864E-020  -1.3634061614191770E-017  -2.9054136121487409E-017  -2.1610511535952885E-017  -3.2895672301346055E-033  -5.9646982954148293E-034   1.6930927842398480E-033   1.4241815520206223E-033  -1.5984060728753831E-033   3.2253978737704359E-033  -1.3607187564651161E-076  -4.8038166710231793E-062   7.5759233607923525E-034   1.6155171633370584E-034   1.4645090813350777E-033  -4.5247142090394917E-019   3.2929698279182863E-033  -1.5725611168717606E-033   1.6485508275168117E-032   5.7976591900466190E-077   2.8898329017559005E-061  -6.9160982105379338E-033  -3.0060742551467773E-033   5.8555339742089084E-034   6.5109600998275054E-018   1.3874832487558451E-017   1.0320121936444123E-017   1.5709362028122372E-033   2.8484477852535573E-034  -8.0853819466511148E-034  -6.8011936006395816E-034   7.6332045859179101E-034  -1.5402920609019625E-033   6.4981263699214033E-077   2.2940675755316549E-062  -3.6178899668552067E-034  -7.7149187738195828E-035  -6.9937781302692049E-034   2.1607819087096819E-019  -1.5725611168717606E-033   7.5097817335917719E-034  -7.8726713757306644E-033  -2.7686780892569346E-077  -1.3800426645363080E-061   3.3027897899792727E-033   1.4355538420045208E-033  -2.7963162517597771E-034  -6.8255844210695220E-017  -1.4545295781268453E-016  -1.0818813574790149E-016  -1.6468473939340206E-032  -2.9860912260500179E-033   8.4760858932188349E-033   7.1298426612126089E-033  -8.0020582994907364E-033   1.6147224577628780E-032  -6.8121305363016486E-076  -2.4049221104648498E-061   3.7927145945134652E-033   8.0877211018072158E-034   7.3317333109823387E-033  -2.2651957787006566E-018   1.6485508275168117E-032  -7.8726713757306644E-033   8.2530966663135898E-032   2.9024668778863084E-076   1.4467294480455886E-060  -3.4623880642652451E-032  -1.5049230511875119E-032   2.9314405789248673E-033  -2.4004362853561576E-061  -5.1153210656683500E-061  -3.8047837470539605E-061  -5.7916685179963196E-077  -1.0501550179744104E-077   2.9808882112822541E-077   2.5074384810221563E-077  -2.8141811623250164E-077   5.6786908479642525E-077  -2.3957047940751890E-120  -8.4576820698242375E-106   1.3338300680256513E-077   2.8443072418371276E-078   2.5784398211983070E-077  -7.9662894855480227E-063   5.7976591900466190E-077  -2.7686780892569346E-077   2.9024668778863084E-076   1.0207458264256561E-120   5.0878893995684482E-105  -1.2176601197387353E-076  -5.2925459211789452E-077   1.0309353602448159E-077  -1.1964931929596848E-045  -2.5497226784202519E-045  -1.8964876850952364E-045  -2.8868468619375709E-061  -5.2344789912739027E-062   1.4858184220639718E-061   1.2498282468943124E-061  -1.4027235902983634E-061   2.8305333434432620E-061  -1.1941347895541193E-104  -4.2157165705651787E-090   6.6484522280117739E-062   1.4177398809979749E-062   1.2852187385020389E-061  -3.9707828117546955E-047   2.8898329017559005E-061  -1.3800426645363080E-061   1.4467294480455886E-060   5.0878893995684482E-105   2.5360494132891151E-089  -6.0694051889392479E-061  -2.6380600921376207E-061   5.1386789494866550E-062   2.8635096602717956E-017   6.1021287572978909E-017   4.5387728395038895E-017   6.9089518649372609E-033   1.2527427022735791E-033  -3.5559378273314899E-033  -2.9911538817948084E-033   3.3570709596555480E-033  -6.7741794273160628E-033   2.8578654067362198E-076   1.0089271878697620E-061  -1.5911421220604243E-033  -3.3930087265670523E-034  -3.0758522446411629E-033   9.5030836842244293E-019  -6.9160982105379338E-033   3.3027897899792727E-033  -3.4623880642652451E-032  -1.2176601197387353E-076  -6.0694051889392479E-061   1.4525615768561167E-032   6.3135424444225076E-033  -1.2298153386474101E-033   1.2446212310853832E-017   2.6522833540672399E-017   1.9727724748042374E-017   3.0029681041242495E-033   5.4450319688775838E-034  -1.5455843497647982E-033  -1.3001016474209887E-033   1.4591470909341674E-033  -2.9443894167338418E-033   1.2421679626779214E-076   4.3852905965848446E-062  -6.9158812148120491E-034  -1.4747674006249021E-034  -1.3369156949163761E-033   4.1305045616798003E-019  -3.0060742551467773E-033   1.4355538420045208E-033  -1.5049230511875119E-032  -5.2925459211789452E-077  -2.6380600921376207E-061   6.3135424444225076E-033   2.7441740737627215E-033  -5.3453784425149868E-034  -2.4243984961995994E-018  -5.1663844505435114E-018  -3.8427647719688047E-018  -5.8494835006351784E-034  -1.0606381272793790E-034   3.0106447485647578E-034   2.5324688348481473E-034  -2.8422735565179615E-034   5.7353780378070997E-034  -2.4196197730914956E-077  -8.5421103723958496E-063   1.3471449464560159E-034   2.8727003678068586E-035   2.6041789416322047E-034  -8.0458124912020864E-020   5.8555339742089084E-034  -2.7963162517597771E-034   2.9314405789248673E-033   1.0309353602448159E-077   5.1386789494866550E-062  -1.2298153386474101E-033  -5.3453784425149868E-034   1.0412266104724724E-034
