   5.6449844916159009E-002  0.12029441590052264        8.9475173230374100E-002  -2.9669951172875738E-018  -1.7310311674640504E-017   3.7624620194080155E-019  -1.4292353079717405E-018   3.2018009844770282E-017  -1.9068420112173037E-019   0.0000000000000000       -1.5928831807742422E-022   7.2606654564718005E-019  -4.3246878879901172E-018  -6.4245869667257375E-018   1.8733919694506281E-003  -6.2051055315902283E-018   4.5841414310880602E-018   2.0272659995168832E-018   0.0000000000000000       -1.7723971686972328E-022   6.7825027529926437E-018   1.8426340019758509E-018   8.1602602980040297E-018  0.12029441590052264       0.25634696637945242       0.19067127141504112       -6.3226558929242256E-018  -3.6888211739990106E-017   8.0177929920765564E-019  -3.0456952860050942E-018   6.8230263489551080E-017  -4.0634734478836754E-019   0.0000000000000000       -3.3944283126658070E-022   1.5472451898363983E-018  -9.2158942900641412E-018  -1.3690771652468329E-017   3.9921915295339141E-003  -1.3223057505868843E-017   9.7687888545513123E-018   4.3200965325781481E-018   0.0000000000000000       -3.7769719734188606E-022   1.4453488901993118E-017   3.9266464117898185E-018   1.7389485260811101E-017   8.9475173230374100E-002  0.19067127141504112       0.14182158757913185       -4.7028012652163587E-018  -2.7437509138609932E-017   5.9636468702302627E-019  -2.2653928803112099E-018   5.0749775869314711E-017  -3.0224178565951019E-019   0.0000000000000000       -2.5247810467363510E-022   1.1508433733529049E-018  -6.8547964749934992E-018  -1.0183217201662115E-017   2.9693982551049335E-003  -9.8353306935810382E-018   7.2660403100899792E-018   3.2132945052413599E-018   0.0000000000000000       -2.8093176152697224E-022   1.0750527475511065E-017   2.9206456948081361E-018   1.2934326123539958E-017  -2.9669951172875738E-018  -6.3226558929242256E-018  -4.7028012652163587E-018   1.5594480443804356E-034   9.0982730410801448E-034  -1.9775442177287562E-035   7.5120386716833753E-035  -1.6828616449839975E-033   1.0022332116453784E-035   0.0000000000000000        8.3721693598733291E-039  -3.8161945333252446E-035   2.2730492646200993E-034   3.3767529723377771E-034  -9.8465192143241217E-020   3.2613938695183614E-034  -2.4094176455568198E-034  -1.0655278736271458E-034   0.0000000000000000        9.3156921037238960E-039  -3.5648729559854326E-034  -9.6848558130324193E-035  -4.2890201905661863E-034  -1.7310311674640504E-017  -3.6888211739990106E-017  -2.7437509138609932E-017   9.0982730410801448E-034   5.3081968731400375E-033  -1.1537567608322426E-034   4.3827416486505810E-034  -9.8183038489805924E-033   5.8473197893624649E-035   0.0000000000000000        4.8845668861353924E-038  -2.2264787831302818E-034   1.3261629920833002E-033   1.9700958069952278E-033  -5.7447454334238629E-019   1.9027919542630215E-033  -1.4057242681644952E-033  -6.2165992397604344E-034   0.0000000000000000        5.4350454721297182E-038  -2.0798504719151422E-033  -5.6504263074355403E-034  -2.5023390111069946E-033   3.7624620194080155E-019   8.0177929920765564E-019   5.9636468702302627E-019  -1.9775442177287562E-035  -1.1537567608322426E-034   2.5077341609198278E-036  -9.5260555118040286E-036   2.1340456498490052E-034  -1.2709371752698987E-036   0.0000000000000000       -1.0616791734181274E-039   4.8393362384212721E-036  -2.8824656557557527E-035  -4.2820780975732888E-035   1.2486422492374797E-020  -4.1357906162012832E-035   3.0553951125428722E-035   1.3512014670276080E-035   0.0000000000000000       -1.1813277858307687E-039   4.5206340323107299E-035   1.2281416288035501E-035   5.4389289262572494E-035  -1.4292353079717405E-018  -3.0456952860050942E-018  -2.2653928803112099E-018   7.5120386716833753E-035   4.3827416486505810E-034  -9.5260555118040286E-036   3.6186345039334922E-035  -8.1065360284157510E-034   4.8278714196705971E-036   0.0000000000000000        4.0329692434375351E-039  -1.8383043292984734E-035   1.0949536946741682E-034   1.6266203291819908E-034  -4.7431803442264251E-020   1.5710505367395347E-034  -1.1606438954399454E-034  -5.1327690084242317E-035   0.0000000000000000        4.4874748850303731E-039  -1.7172398658295924E-034  -4.6653052443360906E-035  -2.0660698284414226E-034   3.2018009844770282E-017   6.8230263489551080E-017   5.0749775869314711E-017  -1.6828616449839975E-033  -9.8183038489805924E-033   2.1340456498490052E-034  -8.1065360284157510E-034   1.8160421094909903E-032  -1.0815492297322580E-034   0.0000000000000000       -9.0347368428286764E-038   4.1182054336937864E-034  -2.4529367543681123E-033  -3.6439867825097298E-033   1.0625765688120361E-018  -3.5194982429690045E-033   2.6000972312393693E-033   1.1498529859011029E-033   0.0000000000000000       -1.0052929300421591E-037   3.8469944468410112E-033   1.0451308361111720E-033   4.6284501745830288E-033  -1.9068420112173037E-019  -4.0634734478836754E-019  -3.0224178565951019E-019   1.0022332116453784E-035   5.8473197893624649E-035  -1.2709371752698987E-036   4.8278714196705971E-036  -1.0815492297322580E-034   6.4411983082391398E-037   0.0000000000000000        5.3806641498714021E-040  -2.4526093813645745E-036   1.4608537122591093E-035   2.1701870662473645E-035  -6.3282060670515788E-021   2.0960475496870891E-035  -1.5484955679051494E-035  -6.8479833408446891E-036   0.0000000000000000        5.9870516683510641E-040  -2.2910888789530086E-035  -6.2243074918691842E-036  -2.7564871403656430E-035   0.0000000000000000        0.0000000000000000        0.0000000000000000        0.0000000000000000        0.0000000000000000        0.0000000000000000        0.0000000000000000        0.0000000000000000        0.0000000000000000        0.0000000000000000        0.0000000000000000        0.0000000000000000        0.0000000000000000        0.0000000000000000        0.0000000000000000        0.0000000000000000        0.0000000000000000        0.0000000000000000        0.0000000000000000        0.0000000000000000        0.0000000000000000        0.0000000000000000        0.0000000000000000       -1.5928831807742422E-022  -3.3944283126658070E-022  -2.5247810467363510E-022   8.3721693598733291E-039   4.8845668861353924E-038  -1.0616791734181274E-039   4.0329692434375351E-039  -9.0347368428286764E-038   5.3806641498714021E-040   0.0000000000000000        4.4947454352831368E-043  -2.0487907281268410E-039   1.2203262221727755E-038   1.8128688463038481E-038  -5.2862759208063449E-024   1.7509362959064477E-038  -1.2935379706916265E-038  -5.7204726042773498E-039   0.0000000000000000        5.0012921095936438E-043  -1.9138643471639301E-038  -5.1994840985468849E-039  -2.3026354454535611E-038   7.2606654564718005E-019   1.5472451898363983E-018   1.1508433733529049E-018  -3.8161945333252446E-035  -2.2264787831302818E-034   4.8393362384212721E-036  -1.8383043292984734E-035   4.1182054336937864E-034  -2.4526093813645745E-036   0.0000000000000000       -2.0487907281268410E-039   9.3387790434322908E-036  -5.5624797561425034E-035  -8.2634020927224318E-035   2.4095854256506908E-020  -7.9811017114207495E-035   5.8961928745272110E-035   2.6075005583511446E-035   0.0000000000000000       -2.2796843670733764E-039   8.7237588553554817E-035   2.3700240570965198E-035   1.0495851698004556E-034  -4.3246878879901172E-018  -9.2158942900641412E-018  -6.8547964749934992E-018   2.2730492646200993E-034   1.3261629920833002E-033  -2.8824656557557527E-035   1.0949536946741682E-034  -2.4529367543681123E-033   1.4608537122591093E-035   0.0000000000000000        1.2203262221727755E-038  -5.5624797561425034E-035   3.3131933942965768E-034   4.9219503581637973E-034  -1.4352272485024841E-019   4.7538030929978802E-034  -3.5119637535417269E-034  -1.5531119220728222E-034   0.0000000000000000        1.3578539639138569E-038  -5.1961537803499695E-034  -1.4116632139874334E-034  -6.2516697656192451E-034  -6.4245869667257375E-018  -1.3690771652468329E-017  -1.0183217201662115E-017   3.3767529723377771E-034   1.9700958069952278E-033  -4.2820780975732888E-035   1.6266203291819908E-034  -3.6439867825097298E-033   2.1701870662473645E-035   0.0000000000000000        1.8128688463038481E-038  -8.2634020927224318E-035   4.9219503581637973E-034   7.3118567029414421E-034  -2.1321173952518471E-019   7.0620637106481693E-034  -5.2172358197861560E-034  -2.3072422498107023E-034   0.0000000000000000        2.0171746736923782E-038  -7.7192025688248619E-034  -2.0971115883705492E-034  -9.2872357813402806E-034   1.8733919694506281E-003   3.9921915295339141E-003   2.9693982551049335E-003  -9.8465192143241217E-020  -5.7447454334238629E-019   1.2486422492374797E-020  -4.7431803442264251E-020   1.0625765688120361E-018  -6.3282060670515788E-021   0.0000000000000000       -5.2862759208063449E-024   2.4095854256506908E-020  -1.4352272485024841E-019  -2.1321173952518471E-019   6.2171959487482411E-005  -2.0592784426139698E-019   1.5213316806416878E-019   6.7278552298521468E-020   0.0000000000000000       -5.8820261197280082E-024   2.2508983344604312E-019   6.1151199743156235E-020   2.7081325260703176E-019  -6.2051055315902283E-018  -1.3223057505868843E-017  -9.8353306935810382E-018   3.2613938695183614E-034   1.9027919542630215E-033  -4.1357906162012832E-035   1.5710505367395347E-034  -3.5194982429690045E-033   2.0960475496870891E-035   0.0000000000000000        1.7509362959064477E-038  -7.9811017114207495E-035   4.7538030929978802E-034   7.0620637106481693E-034  -2.0592784426139698E-019   6.8208043291098395E-034  -5.0390007968815407E-034  -2.2284205539076864E-034   0.0000000000000000        1.9482624783101678E-038  -7.4554935293672103E-034  -2.0254685296900853E-034  -8.9699584453360226E-034   4.5841414310880602E-018   9.7687888545513123E-018   7.2660403100899792E-018  -2.4094176455568198E-034  -1.4057242681644952E-033   3.0553951125428722E-035  -1.1606438954399454E-034   2.6000972312393693E-033  -1.5484955679051494E-035   0.0000000000000000       -1.2935379706916265E-038   5.8961928745272110E-035  -3.5119637535417269E-034  -5.2172358197861560E-034   1.5213316806416878E-019  -5.0390007968815407E-034   3.7226590598130485E-034   1.6462886787420124E-034   0.0000000000000000       -1.4393164951003020E-038   5.5078896890932293E-034   1.4963539551498638E-034   6.6267298654411596E-034   2.0272659995168832E-018   4.3200965325781481E-018   3.2132945052413599E-018  -1.0655278736271458E-034  -6.2165992397604344E-034   1.3512014670276080E-035  -5.1327690084242317E-035   1.1498529859011029E-033  -6.8479833408446891E-036   0.0000000000000000       -5.7204726042773498E-039   2.6075005583511446E-035  -1.5531119220728222E-034  -2.3072422498107023E-034   6.7278552298521468E-020  -2.2284205539076864E-034   1.6462886787420124E-034   7.2804583234926442E-035   0.0000000000000000       -6.3651556936542501E-039   2.4357794504472883E-034   6.6173950828517916E-035   2.9305692998663259E-034   0.0000000000000000        0.0000000000000000        0.0000000000000000        0.0000000000000000        0.0000000000000000        0.0000000000000000        0.0000000000000000        0.0000000000000000        0.0000000000000000        0.0000000000000000        0.0000000000000000        0.0000000000000000        0.0000000000000000        0.0000000000000000        0.0000000000000000        0.0000000000000000        0.0000000000000000        0.0000000000000000        0.0000000000000000        0.0000000000000000        0.0000000000000000        0.0000000000000000        0.0000000000000000       -1.7723971686972328E-022  -3.7769719734188606E-022  -2.8093176152697224E-022   9.3156921037238960E-039   5.4350454721297182E-038  -1.1813277858307687E-039   4.4874748850303731E-039  -1.0052929300421591E-037   5.9870516683510641E-040   0.0000000000000000        5.0012921095936438E-043  -2.2796843670733764E-039   1.3578539639138569E-038   2.0171746736923782E-038  -5.8820261197280082E-024   1.9482624783101678E-038  -1.4393164951003020E-038  -6.3651556936542501E-039   0.0000000000000000        5.5649253390716226E-043  -2.1295521172714866E-038  -5.7854530741365731E-039  -2.5621367551134970E-038   6.7825027529926437E-018   1.4453488901993118E-017   1.0750527475511065E-017  -3.5648729559854326E-034  -2.0798504719151422E-033   4.5206340323107299E-035  -1.7172398658295924E-034   3.8469944468410112E-033  -2.2910888789530086E-035   0.0000000000000000       -1.9138643471639301E-038   8.7237588553554817E-035  -5.1961537803499695E-034  -7.7192025688248619E-034   2.2508983344604312E-019  -7.4554935293672103E-034   5.5078896890932293E-034   2.4357794504472883E-034   0.0000000000000000       -2.1295521172714866E-038   8.1492418026438941E-034   2.2139423429277747E-034   9.8046306448763315E-034   1.8426340019758509E-018   3.9266464117898185E-018   2.9206456948081361E-018  -9.6848558130324193E-035  -5.6504263074355403E-034   1.2281416288035501E-035  -4.6653052443360906E-035   1.0451308361111720E-033  -6.2243074918691842E-036   0.0000000000000000       -5.1994840985468849E-039   2.3700240570965198E-035  -1.4116632139874334E-034  -2.0971115883705492E-034   6.1151199743156235E-020  -2.0254685296900853E-034   1.4963539551498638E-034   6.6173950828517916E-035   0.0000000000000000       -5.7854530741365731E-039   2.2139423429277747E-034   6.0147199169109165E-035   2.6636695127166929E-034   8.1602602980040297E-018   1.7389485260811101E-017   1.2934326123539958E-017  -4.2890201905661863E-034  -2.5023390111069946E-033   5.4389289262572494E-035  -2.0660698284414226E-034   4.6284501745830288E-033  -2.7564871403656430E-035   0.0000000000000000       -2.3026354454535611E-038   1.0495851698004556E-034  -6.2516697656192451E-034  -9.2872357813402806E-034   2.7081325260703176E-019  -8.9699584453360226E-034   6.6267298654411596E-034   2.9305692998663259E-034   0.0000000000000000       -2.5621367551134970E-038   9.8046306448763315E-034   2.6636695127166929E-034   1.1796285398140958E-033
