  0.12566161113455154       0.17016513923438009       0.10713477553007063       -6.1171368559014201E-020  -1.9359074455851155E-024   1.4972250306479427E-019   3.7439889474705721E-019   1.2938850144317527E-024   3.5800528528965964E-019  -1.8800015869843579E-020  -6.6029156088583415E-019  -1.1619900262035814E-019  -1.3317342433106748E-020   1.4424587617609040E-017   2.2522017285259680E-003  -7.6106050499926694E-018  -5.0440274725035216E-025   5.9007751007930313E-020   4.1162579685659520E-020   1.4894754889740539E-019   5.9356448263918452E-018  -4.1378296004153213E-020  -9.6778239990986629E-019  0.17016513923438009       0.23042975773763782       0.14507695572515139       -8.2835436805410659E-020  -2.6215162852729561E-024   2.0274728575030489E-019   5.0699365922989977E-019   1.7521192164113410E-024   4.8479419186126062E-019  -2.5458111584094363E-020  -8.9413627900343178E-019  -1.5735131263451235E-019  -1.8033728908147307E-020   1.9533109102992062E-017   3.0498273677883520E-003  -1.0305929203813886E-017  -6.8303886080336879E-025   7.9905566031782571E-020   5.5740460751824617E-020   2.0169787867519749E-019   8.0377755721061154E-018  -5.6032573808789183E-020  -1.3105261451161214E-018  0.10713477553007063       0.14507695572515139        9.1339431543566302E-002  -5.2152608742378705E-020  -1.6504882259362250E-024   1.2764826594871344E-019   3.1919964407016638E-019   1.1031219425830951E-024   3.0522301546029320E-019  -1.6028248102125888E-020  -5.6294191616052967E-019  -9.9067280374278358E-020  -1.1353908957130033E-020   1.2297908188298478E-017   1.9201498727857904E-003  -6.4885405838537542E-018  -4.3003646551654795E-025   5.0307982698072327E-020   3.5093802276176867E-020   1.2698756663076180E-019   5.0605270007306655E-018  -3.5277714603508478E-020  -8.2509804896006271E-019  -6.1171368559014201E-020  -8.2835436805410659E-020  -5.2152608742378705E-020   2.9777879637211490E-038   9.4238890287047918E-043  -7.2884076002718115E-038  -1.8225528522101367E-037  -6.2985597889590996E-043  -1.7427496794609635E-037   9.1517424399257176E-039   3.2142623401593767E-037   5.6565023727643219E-038   6.4828077154756516E-039  -7.0218084703988070E-036  -1.0963591884668262E-021   3.7047999167519008E-036   2.4554043256052747E-043  -2.8724642730226509E-038  -2.0037713268654213E-038  -7.2506832654000169E-038  -2.8894386601636276E-036   2.0142722764423307E-038   4.7111105241540297E-037  -1.9359074455851155E-024  -2.6215162852729561E-024  -1.6504882259362250E-024   9.4238890287047918E-043   2.9824045737078889E-047  -2.3065827808336885E-042  -5.7678840929676470E-042  -1.9933228696927878E-047  -5.5153287554858699E-042   2.8962775799984493E-043   1.0172266115601604E-041   1.7901291596639725E-042   2.0516323273981361E-043  -2.2222114069923872E-040  -3.4696786519349821E-026   1.1724684132780014E-040   7.7706868880583273E-048  -9.0905681927927765E-043  -6.3413912788078519E-043  -2.2946440548449775E-042  -9.1442875115272578E-041   6.3746239282491358E-043   1.4909383516384024E-041   1.4972250306479427E-019   2.0274728575030489E-019   1.2764826594871344E-019  -7.2884076002718115E-038  -2.3065827808336885E-042   1.7839042267239930E-037   4.4608643133025117E-037   1.5416299479983651E-042   4.2655387703568536E-037  -2.2399724213920179E-038  -7.8672002018605903E-037  -1.3844805401487497E-037  -1.5867263082603444E-038   1.7186516584395774E-035   2.6834390961349626E-021  -9.0678356550941792E-036  -6.0098260072615465E-043   7.0306182623041946E-038   4.9044130562213088E-038   1.7746708517374412E-037   7.0721646228092099E-036  -4.9301150879438014E-038  -1.1530872637102292E-036   3.7439889474705721E-019   5.0699365922989977E-019   3.1919964407016638E-019  -1.8225528522101367E-037  -5.7678840929676470E-042   4.4608643133025117E-037   1.1154920832403368E-036   3.8550287152878236E-042   1.0666486122204357E-036  -5.6013169808557619E-038  -1.9672868139639245E-036  -3.4620579633655945E-037  -3.9677975181971197E-038   4.2976925191833640E-035   6.7102580517184239E-021  -2.2675199636129479E-035  -1.5028283448928822E-042   1.7580895676423638E-037   1.2264067124483309E-037   4.4377751629143828E-037   1.7684787283466224E-035  -1.2328338106284158E-037  -2.8834316034189491E-036   1.2938850144317527E-024   1.7521192164113410E-024   1.1031219425830951E-024  -6.2985597889590996E-043  -1.9933228696927878E-047   1.5416299479983651E-042   3.8550287152878236E-042   1.3322592440570265E-047   3.6862305802180664E-042  -1.9357589470203276E-043  -6.7987458387044721E-042  -1.1964524951173260E-042  -1.3712310108616059E-043   1.4852394131568174E-040   2.3189978544018446E-026  -7.8363214795966945E-041  -5.1936239716569242E-048   6.0757811455027895E-043   4.2383385450629176E-043   1.5336505692923075E-042   6.1116850424863669E-041  -4.2605499515017956E-043  -9.9648503084477206E-042   3.5800528528965964E-019   4.8479419186126062E-019   3.0522301546029320E-019  -1.7427496794609635E-037  -5.5153287554858699E-042   4.2655387703568536E-037   1.0666486122204357E-036   3.6862305802180664E-042   1.0199438248336286E-036  -5.3560550307816953E-038  -1.8811462505934016E-036  -3.3104666339931276E-037  -3.7940616342723020E-038   4.1095116946243865E-035   6.4164394763923708E-021  -2.1682332476480495E-035  -1.4370247826672897E-042   1.6811090151689769E-037   1.1727066803117729E-037   4.2434606125744102E-037   1.6910432711030418E-035  -1.1788523584903915E-037  -2.7571762851827582E-036  -1.8800015869843579E-020  -2.5458111584094363E-020  -1.6028248102125888E-020   9.1517424399257176E-039   2.8962775799984493E-043  -2.2399724213920179E-038  -5.6013169808557619E-038  -1.9357589470203276E-043  -5.3560550307816953E-038   2.8126377937962741E-039   9.8785076136623640E-038   1.7384331408767627E-038   1.9923845224176675E-039  -2.1580375556114094E-036  -3.3694799753156477E-022   1.1386094323251370E-036   7.5462820884459941E-044  -8.8280473676645820E-039  -6.1582622118818469E-039  -2.2283784663935319E-038  -8.8802153598394465E-037   6.1905351564545790E-039   1.4478824768034613E-037  -6.6029156088583415E-019  -8.9413627900343178E-019  -5.6294191616052967E-019   3.2142623401593767E-037   1.0172266115601604E-041  -7.8672002018605903E-037  -1.9672868139639245E-036  -6.7987458387044721E-042  -1.8811462505934016E-036   9.8785076136623640E-038   3.4695158007342626E-036   6.1057008676595945E-037   6.9976254025517729E-038  -7.5794296978790986E-035  -1.1834241032974418E-020   3.9990083227283661E-035   2.6503947728349847E-042  -3.1005746039393241E-037  -2.1628963488005534E-037  -7.8264800732405374E-037  -3.1188969741010828E-035   2.1742312078208023E-037   5.0852328381346170E-036  -1.1619900262035814E-019  -1.5735131263451235E-019  -9.9067280374278358E-020   5.6565023727643219E-038   1.7901291596639725E-042  -1.3844805401487497E-037  -3.4620579633655945E-037  -1.1964524951173260E-042  -3.3104666339931276E-037   1.7384331408767627E-038   6.1057008676595945E-037   1.0744895030438988E-037   1.2314515899560132E-038  -1.3338382973471813E-035  -2.0826057551844232E-021   7.0375089747950253E-036   4.6642005955742501E-043  -5.4564331557473182E-038  -3.8062942704381076E-038  -1.3773145567975845E-037  -5.4886771107598738E-036   3.8262415087645868E-038   8.9490615795664148E-037  -1.3317342433106748E-020  -1.8033728908147307E-020  -1.1353908957130033E-020   6.4828077154756516E-039   2.0516323273981361E-043  -1.5867263082603444E-038  -3.9677975181971197E-038  -1.3712310108616059E-043  -3.7940616342723020E-038   1.9923845224176675E-039   6.9976254025517729E-038   1.2314515899560132E-038   1.4113427949823689E-039  -1.5286862155090781E-036  -2.3868340837282446E-022   8.0655526106028205E-037   5.3455498848731237E-044  -6.2535122642880014E-039  -4.3623200765507805E-039  -1.5785135136575199E-038  -6.2904664360637120E-037   4.3851812197101947E-039   1.0256345994588176E-037   1.4424587617609040E-017   1.9533109102992062E-017   1.2297908188298478E-017  -7.0218084703988070E-036  -2.2222114069923872E-040   1.7186516584395774E-035   4.2976925191833640E-035   1.4852394131568174E-040   4.1095116946243865E-035  -2.1580375556114094E-036  -7.5794296978790986E-035  -1.3338382973471813E-035  -1.5286862155090781E-036   1.6557859322310572E-033   2.5852828777491933E-019  -8.7361476886597345E-034  -5.7899954939180940E-041   6.7734486837079523E-036   4.7250169075649634E-036   1.7097560266024502E-035   6.8134753400241384E-034  -4.7497787971234898E-036  -1.1109090434414664E-034   2.2522017285259680E-003   3.0498273677883520E-003   1.9201498727857904E-003  -1.0963591884668262E-021  -3.4696786519349821E-026   2.6834390961349626E-021   6.7102580517184239E-021   2.3189978544018446E-026   6.4164394763923708E-021  -3.3694799753156477E-022  -1.1834241032974418E-020  -2.0826057551844232E-021  -2.3868340837282446E-022   2.5852828777491933E-019   4.0365650099329828E-005  -1.3640297696301791E-019  -9.0402846897618213E-027   1.0575812104954739E-021   7.3774665374427917E-022   2.6695497857913856E-021   1.0638308244832165E-019  -7.4161288354187850E-022  -1.7345322682359771E-020  -7.6106050499926694E-018  -1.0305929203813886E-017  -6.4885405838537542E-018   3.7047999167519008E-036   1.1724684132780014E-040  -9.0678356550941792E-036  -2.2675199636129479E-035  -7.8363214795966945E-041  -2.1682332476480495E-035   1.1386094323251370E-036   3.9990083227283661E-035   7.0375089747950253E-036   8.0655526106028205E-037  -8.7361476886597345E-034  -1.3640297696301791E-019   4.6093081812356338E-034   3.0548789409864558E-041  -3.5737619767488832E-036  -2.4929820173240612E-036  -9.0209011136173255E-036  -3.5948805751289438E-034   2.5060467209202616E-036   5.8613044616796913E-035  -5.0440274725035216E-025  -6.8303886080336879E-025  -4.3003646551654795E-025   2.4554043256052747E-043   7.7706868880583273E-048  -6.0098260072615465E-043  -1.5028283448928822E-042  -5.1936239716569242E-048  -1.4370247826672897E-042   7.5462820884459941E-044   2.6503947728349847E-042   4.6642005955742501E-043   5.3455498848731237E-044  -5.7899954939180940E-041  -9.0402846897618213E-027   3.0548789409864558E-041   2.0246607467198669E-048  -2.3685572267249926E-043  -1.6522562531151091E-043  -5.9787195295158872E-043  -2.3825538524479234E-041   1.6609150553294499E-043   3.8846557580133932E-042   5.9007751007930313E-020   7.9905566031782571E-020   5.0307982698072327E-020  -2.8724642730226509E-038  -9.0905681927927765E-043   7.0306182623041946E-038   1.7580895676423638E-037   6.0757811455027895E-043   1.6811090151689769E-037  -8.8280473676645820E-039  -3.1005746039393241E-037  -5.4564331557473182E-038  -6.2535122642880014E-039   6.7734486837079523E-036   1.0575812104954739E-021  -3.5737619767488832E-036  -2.3685572267249926E-043   2.7708658575813239E-038   1.9328983855974459E-038   6.9942282286742115E-038   2.7872398644659449E-036  -1.9430279189490385E-038  -4.5444796042438094E-037   4.1162579685659520E-020   5.5740460751824617E-020   3.5093802276176867E-020  -2.0037713268654213E-038  -6.3413912788078519E-043   4.9044130562213088E-038   1.2264067124483309E-037   4.2383385450629176E-043   1.1727066803117729E-037  -6.1582622118818469E-039  -2.1628963488005534E-037  -3.8062942704381076E-038  -4.3623200765507805E-039   4.7250169075649634E-036   7.3774665374427917E-022  -2.4929820173240612E-036  -1.6522562531151091E-043   1.9328983855974459E-038   1.3483497076637387E-038   4.8790281257084224E-038   1.9443205522052049E-036  -1.3554158594258597E-038  -3.1701344424124909E-037   1.4894754889740539E-019   2.0169787867519749E-019   1.2698756663076180E-019  -7.2506832654000169E-038  -2.2946440548449775E-042   1.7746708517374412E-037   4.4377751629143828E-037   1.5336505692923075E-042   4.2434606125744102E-037  -2.2283784663935319E-038  -7.8264800732405374E-037  -1.3773145567975845E-037  -1.5785135136575199E-038   1.7097560266024502E-035   2.6695497857913856E-021  -9.0209011136173255E-036  -5.9787195295158872E-043   6.9942282286742115E-038   4.8790281257084224E-038   1.7654852681134329E-037   7.0355595478557503E-036  -4.9045971253469864E-038  -1.1471189572627436E-036   5.9356448263918452E-018   8.0377755721061154E-018   5.0605270007306655E-018  -2.8894386601636276E-036  -9.1442875115272578E-041   7.0721646228092099E-036   1.7684787283466224E-035   6.1116850424863669E-041   1.6910432711030418E-035  -8.8802153598394465E-037  -3.1188969741010828E-035  -5.4886771107598738E-036  -6.2904664360637120E-037   6.8134753400241384E-034   1.0638308244832165E-019  -3.5948805751289438E-034  -2.3825538524479234E-041   2.7872398644659449E-036   1.9443205522052049E-036   7.0355595478557503E-036   2.8037106310333645E-034  -1.9545099444808169E-036  -4.5713345095880399E-035  -4.1378296004153213E-020  -5.6032573808789183E-020  -3.5277714603508478E-020   2.0142722764423307E-038   6.3746239282491358E-043  -4.9301150879438014E-038  -1.2328338106284158E-037  -4.2605499515017956E-043  -1.1788523584903915E-037   6.1905351564545790E-039   2.1742312078208023E-037   3.8262415087645868E-038   4.3851812197101947E-039  -4.7497787971234898E-036  -7.4161288354187850E-022   2.5060467209202616E-036   1.6609150553294499E-043  -1.9430279189490385E-038  -1.3554158594258597E-038  -4.9045971253469864E-038  -1.9545099444808169E-036   1.3625190420119881E-038   3.1867478261282230E-037  -9.6778239990986629E-019  -1.3105261451161214E-018  -8.2509804896006271E-019   4.7111105241540297E-037   1.4909383516384024E-041  -1.1530872637102292E-036  -2.8834316034189491E-036  -9.9648503084477206E-042  -2.7571762851827582E-036   1.4478824768034613E-037   5.0852328381346170E-036   8.9490615795664148E-037   1.0256345994588176E-037  -1.1109090434414664E-034  -1.7345322682359771E-020   5.8613044616796913E-035   3.8846557580133932E-042  -4.5444796042438094E-037  -3.1701344424124909E-037  -1.1471189572627436E-036  -4.5713345095880399E-035   3.1867478261282230E-037   7.4533723156902522E-036
