  0.12566161113455152       0.17016513923437973       0.10713477553007061       -1.7215267262084208E-020   2.8713026112399340E-025   3.4094198914166581E-021   6.5347145981365657E-020   1.8677635801843029E-024   5.1120992858443725E-021  -2.0871434585546232E-019   1.0959649577319862E-018  -1.0521650388863119E-017   2.9156755457354680E-021   1.6142357265795631E-017   2.2522017285259992E-003  -8.0386851989709020E-019   1.2358729775022324E-024   1.1387089159364466E-020  -2.4304142745981188E-017  -2.0255837921342420E-018  -2.6938870277173345E-018   3.2213527741149911E-021  -1.3576472803858117E-017  0.17016513923437973       0.23042975773763691       0.14507695572515111       -2.3312118348323084E-020   3.8881851363700908E-025   4.6168786576369095E-021   8.8490081370848825E-020   2.5292390158729747E-024   6.9225683078680165E-021  -2.8263130961036906E-019   1.4841050337065627E-018  -1.4247932102981535E-017   3.9482729110571877E-021   2.1859233276613188E-017   3.0498273677883889E-003  -1.0885615533606003E-018   1.6735620003112529E-024   1.5419869240756302E-020  -3.2911545514992891E-017  -2.7429518443015816E-018  -3.6479371624670175E-018   4.3622068695537522E-021  -1.8384631265841455E-017  0.10713477553007061       0.14507695572515111        9.1339431543566302E-002  -1.4677145845589491E-020   2.4479740308654591E-025   2.9067543496921519E-021   5.5712733212915227E-020   1.5923911057612313E-024   4.3584003462277895E-021  -1.7794268584689733E-019   9.3438209708864178E-019  -8.9703978998785064E-018   2.4858048714369632E-021   1.3762419617121293E-017   1.9201498727858173E-003  -6.8535070223355544E-019   1.0536628715241422E-024   9.7082412839920854E-021  -2.0720877713030935E-017  -1.7269432003007539E-018  -2.2967155952571638E-018   2.7464147820645524E-021  -1.1574834614956800E-017  -1.7215267262084208E-020  -2.3312118348323084E-020  -1.4677145845589491E-020   2.3584404515366000E-039  -3.9335992429612063E-044  -4.6708039240844620E-040  -8.9523647892679629E-039  -2.5587805953586928E-043  -7.0034240912197569E-040   2.8593245088077030E-038  -1.5014394202723433E-037   1.4414348331770441E-036  -3.9943888444669230E-040  -2.2114549707083102E-036  -3.0854494331755708E-022   1.1012759814758885E-037  -1.6931092493241769E-043  -1.5599973726720811E-039   3.3295953248594697E-036   2.7749895953505721E-037   3.6905451662846119E-037  -4.4131575626916203E-040   1.8599364251710731E-036   2.8713026112399340E-025   3.8881851363700908E-025   2.4479740308654591E-025  -3.9335992429612063E-044   6.5607774807897675E-049   7.7903475442122035E-045   1.4931483784054544E-043   4.2677428663712775E-048   1.1680881612003165E-044  -4.7690145052839205E-043   2.5042230610857326E-042  -2.4041425192096446E-041   6.6621673336931996E-045   3.6884448759150739E-041   5.1461640876397421E-027  -1.8367978569068770E-042   2.8239056267259091E-048   2.6018907876882385E-044  -5.5533705083378599E-041  -4.6283538617158239E-042  -6.1553920781645825E-042   7.3606239395876821E-045  -3.1021535902007345E-041   3.4094198914166581E-021   4.6168786576369095E-021   2.9067543496921519E-021  -4.6708039240844620E-040   7.7903475442122035E-045   9.2503540986284858E-041   1.7729826742203609E-039   5.0675701554752968E-044   1.3870021906206799E-040  -5.6627862396391897E-039   2.9735451371748694E-038  -2.8547082758561167E-037   7.9107390974826871E-041   4.3797046257371514E-037   6.1106182734658657E-023  -2.1810362743846961E-038   3.3531401314350032E-044   3.0895169920829907E-040  -6.5941401653089573E-037  -5.4957640685022229E-038  -7.3089879515347167E-038   8.7400950267762784E-041  -3.6835351715480259E-037   6.5347145981365657E-020   8.8490081370848825E-020   5.5712733212915227E-020  -8.9523647892679629E-039   1.4931483784054544E-043   1.7729826742203609E-039   3.3982132246717473E-038   9.7128326010633575E-043   2.6584180744397203E-039  -1.0853662231354307E-037   5.6992888629040857E-037  -5.4715184511658854E-036   1.5162234018905220E-039   8.3944250531836893E-036   1.1712006061730795E-021  -4.1803151372373159E-037   6.4268451714174858E-043   5.9215680181201899E-039  -1.2638755381490521E-035  -1.0533536739422688E-036  -1.4008878866677932E-036   1.6751831214560123E-039  -7.0601016668154106E-036   1.8677635801843029E-024   2.5292390158729747E-024   1.5923911057612313E-024  -2.5587805953586928E-043   4.2677428663712775E-048   5.0675701554752968E-044   9.7128326010633575E-043   2.7761388382387909E-047   7.5983371358836277E-044  -3.1022127627618567E-042   1.6289807322446429E-041  -1.5638789939362082E-040   4.3336963029446158E-044   2.3993092820601731E-040   3.3475461008253522E-026  -1.1948249995878140E-041   1.8369321515709234E-047   1.6925129499891119E-043  -3.6124312157623362E-040  -3.0107139335568347E-041  -4.0040423117875511E-041   4.7880377595789977E-044  -2.0179306330281963E-040   5.1120992858443725E-021   6.9225683078680165E-021   4.3584003462277895E-021  -7.0034240912197569E-040   1.1680881612003165E-044   1.3870021906206799E-040   2.6584180744397203E-039   7.5983371358836277E-044   2.0796772277850369E-040  -8.4908067687492357E-039   4.4585467488023074E-038  -4.2803622326008853E-037   1.1861397240202895E-040   6.5669485139705297E-037   9.1622881037608410E-023  -3.2702554498354389E-038   5.0277131644593168E-044   4.6324354617022349E-040  -9.8872829699561332E-037  -8.2403729855889309E-038  -1.0959128906753815E-037   1.3104937193884252E-040  -5.5231089509567371E-037  -2.0871434585546232E-019  -2.8263130961036906E-019  -1.7794268584689733E-019   2.8593245088077030E-038  -4.7690145052839205E-043  -5.6627862396391897E-039  -1.0853662231354307E-037  -3.1022127627618567E-042  -8.4908067687492357E-039   3.4665859981080536E-037  -1.8203141529724211E-036   1.7475658304906343E-035  -4.8427145630287331E-039  -2.6811223466554262E-035  -3.7407351876184669E-021   1.3351642619357433E-036  -2.0526906963147899E-042  -1.8913086054179239E-038   4.0367326258245712E-035   3.3643400902925560E-036   4.4743407610500056E-036  -5.3504211107016762E-039   2.2549485198368607E-035   1.0959649577319862E-018   1.4841050337065627E-018   9.3438209708864178E-019  -1.5014394202723433E-037   2.5042230610857326E-042   2.9735451371748694E-038   5.6992888629040857E-037   1.6289807322446429E-041   4.4585467488023074E-038  -1.8203141529724211E-036   9.5585213155540459E-036  -9.1765178080949169E-035   2.5429231707212605E-038   1.4078649588185919E-034   1.9642706709887292E-020  -7.0109854590973691E-036   1.0778737144314048E-041   9.9313152016414153E-038  -2.1196997664458202E-034  -1.7666245363924077E-035  -2.3494890410928294E-035   2.8095213208292380E-038  -1.1840798719903286E-034  -1.0521650388863119E-017  -1.4247932102981535E-017  -8.9703978998785064E-018   1.4414348331770441E-036  -2.4041425192096446E-041  -2.8547082758561167E-037  -5.4715184511658854E-036  -1.5638789939362082E-040  -4.2803622326008853E-037   1.7475658304906343E-035  -9.1765178080949169E-035   8.8097809590334231E-034  -2.4412959902876196E-037  -1.3516000476944877E-033  -1.8857691683875083E-019   6.7307934767075791E-035  -1.0347968068305631E-040  -9.5344130956079471E-037   2.0349865855247328E-033   1.6960219037271335E-034   2.2555923990490673E-034  -2.6972396233357632E-037   1.1367584663796070E-033   2.9156755457354680E-021   3.9482729110571877E-021   2.4858048714369632E-021  -3.9943888444669230E-040   6.6621673336931996E-045   7.9107390974826871E-041   1.5162234018905220E-039   4.3336963029446158E-044   1.1861397240202895E-040  -4.8427145630287331E-039   2.5429231707212605E-038  -2.4412959902876196E-037   6.7651240591665195E-041   3.7454458768644967E-037   5.2256925919047445E-023  -1.8651836183612817E-038   2.8675460911289863E-044   2.6421002483820266E-040  -5.6391919556598105E-037  -4.6998801584997707E-038  -6.2505171299127078E-038   7.4743745706214974E-041  -3.1500940815701273E-037   1.6142357265795631E-017   2.1859233276613188E-017   1.3762419617121293E-017  -2.2114549707083102E-036   3.6884448759150739E-041   4.3797046257371514E-037   8.3944250531836893E-036   2.3993092820601731E-040   6.5669485139705297E-037  -2.6811223466554262E-035   1.4078649588185919E-034  -1.3516000476944877E-033   3.7454458768644967E-037   2.0736300907170043E-033   2.8931544493394490E-019  -1.0326409733049525E-034   1.5875893168855193E-040   1.4627733941045152E-036  -3.1220843955632751E-033  -2.6020434521904353E-034  -3.4605386993282646E-034   4.1381156018481301E-037  -1.7440192946004442E-033   2.2522017285259992E-003   3.0498273677883889E-003   1.9201498727858173E-003  -3.0854494331755708E-022   5.1461640876397421E-027   6.1106182734658657E-023   1.1712006061730795E-021   3.3475461008253522E-026   9.1622881037608410E-023  -3.7407351876184669E-021   1.9642706709887292E-020  -1.8857691683875083E-019   5.2256925919047445E-023   2.8931544493394490E-019   4.0365650099330959E-005  -1.4407535075141661E-020   2.2150243268715949E-026   2.0408796016581367E-022  -4.3559709133628096E-019  -3.6304033321952444E-020  -4.8281865603190048E-020   5.7735502676990235E-023  -2.4332773740578063E-019  -8.0386851989709020E-019  -1.0885615533606003E-018  -6.8535070223355544E-019   1.1012759814758885E-037  -1.8367978569068770E-042  -2.1810362743846961E-038  -4.1803151372373159E-037  -1.1948249995878140E-041  -3.2702554498354389E-038   1.3351642619357433E-036  -7.0109854590973691E-036   6.7307934767075791E-035  -1.8651836183612817E-038  -1.0326409733049525E-034  -1.4407535075141661E-020   5.1424185274022808E-036  -7.9059895240541399E-042  -7.2844223672042639E-038   1.5547576606876383E-034   1.2957839949759927E-035   1.7233035277753792E-035  -2.0607280642148242E-038   8.6849905868027874E-035   1.2358729775022324E-024   1.6735620003112529E-024   1.0536628715241422E-024  -1.6931092493241769E-043   2.8239056267259091E-048   3.3531401314350032E-044   6.4268451714174858E-043   1.8369321515709234E-047   5.0277131644593168E-044  -2.0526906963147899E-042   1.0778737144314048E-041  -1.0347968068305631E-040   2.8675460911289863E-044   1.5875893168855193E-040   2.2150243268715949E-026  -7.9059895240541399E-042   1.2154722534034656E-047   1.1199120922776145E-043  -2.3902950940962609E-040  -1.9921472037189978E-041  -2.6494186664810688E-041   3.1681774637345210E-044  -1.3352364112311441E-040   1.1387089159364466E-020   1.5419869240756302E-020   9.7082412839920854E-021  -1.5599973726720811E-039   2.6018907876882385E-044   3.0895169920829907E-040   5.9215680181201899E-039   1.6925129499891119E-043   4.6324354617022349E-040  -1.8913086054179239E-038   9.9313152016414153E-038  -9.5344130956079471E-037   2.6421002483820266E-040   1.4627733941045152E-036   2.0408796016581367E-022  -7.2844223672042639E-038   1.1199120922776145E-043   1.0318648499936610E-039  -2.2023706197279027E-036  -1.8355250288888090E-037  -2.4411219538660027E-037   2.9190960486203371E-040  -1.2302604183682307E-036  -2.4304142745981188E-017  -3.2911545514992891E-017  -2.0720877713030935E-017   3.3295953248594697E-036  -5.5533705083378599E-041  -6.5941401653089573E-037  -1.2638755381490521E-035  -3.6124312157623362E-040  -9.8872829699561332E-037   4.0367326258245712E-035  -2.1196997664458202E-034   2.0349865855247328E-033  -5.6391919556598105E-037  -3.1220843955632751E-033  -4.3559709133628096E-019   1.5547576606876383E-034  -2.3902950940962609E-040  -2.2023706197279027E-036   4.7006508135929470E-033   3.9176704152920384E-034   5.2102320089692801E-034  -6.2304005933381091E-037   2.6258181001562310E-033  -2.0255837921342420E-018  -2.7429518443015816E-018  -1.7269432003007539E-018   2.7749895953505721E-037  -4.6283538617158239E-042  -5.4957640685022229E-038  -1.0533536739422688E-036  -3.0107139335568347E-041  -8.2403729855889309E-038   3.3643400902925560E-036  -1.7666245363924077E-035   1.6960219037271335E-034  -4.6998801584997707E-038  -2.6020434521904353E-034  -3.6304033321952444E-020   1.2957839949759927E-035  -1.9921472037189978E-041  -1.8355250288888090E-037   3.9176704152920384E-034   3.2651098946707616E-035   4.3423714306369937E-035  -5.1926120547724530E-038   2.1884394937767068E-034  -2.6938870277173345E-018  -3.6479371624670175E-018  -2.2967155952571638E-018   3.6905451662846119E-037  -6.1553920781645825E-042  -7.3089879515347167E-038  -1.4008878866677932E-036  -4.0040423117875511E-041  -1.0959128906753815E-037   4.4743407610500056E-036  -2.3494890410928294E-035   2.2555923990490673E-034  -6.2505171299127078E-038  -3.4605386993282646E-034  -4.8281865603190048E-020   1.7233035277753792E-035  -2.6494186664810688E-041  -2.4411219538660027E-037   5.2102320089692801E-034   4.3423714306369937E-035   5.7750551282788427E-035  -6.9058166384622764E-038   2.9104739019548063E-034   3.2213527741149911E-021   4.3622068695537522E-021   2.7464147820645524E-021  -4.4131575626916203E-040   7.3606239395876821E-045   8.7400950267762784E-041   1.6751831214560123E-039   4.7880377595789977E-044   1.3104937193884252E-040  -5.3504211107016762E-039   2.8095213208292380E-038  -2.6972396233357632E-037   7.4743745706214974E-041   4.1381156018481301E-037   5.7735502676990235E-023  -2.0607280642148242E-038   3.1681774637345210E-044   2.9190960486203371E-040  -6.2304005933381091E-037  -5.1926120547724530E-038  -6.9058166384622764E-038   8.2579823715510926E-041  -3.4803475727027306E-037  -1.3576472803858117E-017  -1.8384631265841455E-017  -1.1574834614956800E-017   1.8599364251710731E-036  -3.1021535902007345E-041  -3.6835351715480259E-037  -7.0601016668154106E-036  -2.0179306330281963E-040  -5.5231089509567371E-037   2.2549485198368607E-035  -1.1840798719903286E-034   1.1367584663796070E-033  -3.1500940815701273E-037  -1.7440192946004442E-033  -2.4332773740578063E-019   8.6849905868027874E-035  -1.3352364112311441E-040  -1.2302604183682307E-036   2.6258181001562310E-033   2.1884394937767068E-034   2.9104739019548063E-034  -3.4803475727027306E-037   1.4668012938059401E-033
