  0.12566161088617775       0.17016514000465052       0.10713477438026957       -1.3104478231686727E-020   1.3925972634058478E-023   3.1770976738890225E-018   1.1823797882007478E-019  -4.2752066894073104E-023  -1.8400355367983770E-018  -1.0027686271928174E-019  -4.9980705443138594E-018  -4.4341528597491998E-018  -2.1889681148112428E-019   1.3936049696054710E-017   2.2522018209296009E-003   1.0134686245727814E-019   6.4154005401442730E-022   1.0123798507617034E-018   2.8706698320034948E-019   6.3172488440293365E-019   9.3476167681874684E-019   3.2637273892035505E-019  -1.2651389740569956E-017  0.17016514000465052       0.23042976027921805       0.14507695511159890       -1.7745478171553103E-020   1.8857907886617358E-023   4.3022786885604233E-018   1.6011240089870630E-019  -5.7892871157824265E-023  -2.4916909987445407E-018  -1.3579028840645418E-019  -6.7681559063941531E-018  -6.0045246663652324E-018  -2.9641993532930507E-019   1.8871553777779595E-017   3.0498275127505137E-003   1.3723923255046980E-019   8.6874386170998915E-022   1.3709179583794564E-018   3.8873282812876378E-019   8.5545261309928946E-019   1.2658110180596156E-018   4.4195886413065497E-019  -1.7131926698022996E-017  0.10713477438026957       0.14507695511159890        9.1339429763539509E-002  -1.1172428149075556E-020   1.1872806067455662E-023   2.7086843792292961E-018   1.0080564059887573E-019  -3.6448944181810748E-023  -1.5687511141738515E-018  -8.5492609773421371E-020  -4.2611833186409962E-018  -3.7804064650034765E-018  -1.8662390482828207E-019   1.1881397424480043E-017   1.9201499347535889E-003   8.6404854807595148E-020   5.4695502037608986E-022   8.6312029691174630E-019   2.4474345235834457E-019   5.3858694380588001E-019   7.9694570711821489E-019   2.7825418997512598E-019  -1.0786140460036933E-017  -1.3104478231686727E-020  -1.7745478171553103E-020  -1.1172428149075556E-020   1.3665856144427366E-039  -1.4522542242704756E-042  -3.3132001900829384E-037  -1.2330313201298765E-038   4.4583506929610771E-042   1.9188601409339906E-037   1.0457258627990489E-038   5.2121810461049893E-037   4.6241058997077045E-037   2.2827405130420405E-038  -1.4533050992245502E-036  -2.3486830645892643E-022  -1.0568842334228230E-038  -6.6902275192080394E-041  -1.0557488180317671E-037  -2.9936453988262124E-038  -6.5878711387613209E-038  -9.7480558774482900E-038  -3.4035410038406677E-038   1.3193357962445153E-036   1.3925972634058478E-023   1.8857907886617358E-023   1.1872806067455662E-023  -1.4522542242704756E-042   1.5432932336050251E-045   3.5208983038093501E-040   1.3103276694790997E-041  -4.7378360775238728E-045  -2.0391497729851137E-040  -1.1112803951899366E-041  -5.5389225979486961E-040  -4.9139821576878839E-040  -2.4258411020450322E-041   1.5444099858780666E-039   2.4959174646464935E-025   1.1231382624930102E-041   7.1096249465953834E-044   1.1219316701064551E-040   3.1813112405592444E-041   7.0008520425681454E-041   1.0359142652194309E-040   3.6169024085043894E-041  -1.4020424063286045E-039   3.1770976738890225E-018   4.3022786885604233E-018   2.7086843792292961E-018  -3.3132001900829384E-037   3.5208983038093501E-040   8.0326438267403518E-035   2.9894062699455607E-036  -1.0808988626298759E-039  -4.6521547691525696E-035  -2.5352960625253479E-036  -1.2636602529833928E-034  -1.1210851617315320E-034  -5.5343596638144097E-036   3.5234460835172559E-034   5.6942331997362030E-020   2.5623488247386980E-036   1.6220032505886587E-038   2.5595960821006136E-035   7.2579034929154325E-036   1.5971875950184397E-035   2.3633543515142949E-035   8.2516694027094145E-036  -3.1986460011750097E-034   1.1823797882007478E-019   1.6011240089870630E-019   1.0080564059887573E-019  -1.2330313201298765E-038   1.3103276694790997E-041   2.9894062699455607E-036   1.1125290800322070E-037  -4.0226429888078535E-041  -1.7313329130024891E-036  -9.4352869478057505E-038  -4.7028026697437872E-036  -4.1721991960686306E-036  -2.0596518202468766E-037   1.3112758440524448E-035   2.1191499084220270E-021   9.5359657513532396E-038   6.0364019515470934E-040   9.5257212213089204E-037   2.7010810732268897E-037   5.9440487015405801E-037   8.7953934830282977E-037   3.0709182159751729E-037  -1.1903991534415079E-035  -4.2752066894073104E-023  -5.7892871157824265E-023  -3.6448944181810748E-023   4.4583506929610771E-042  -4.7378360775238728E-045  -1.0808988626298759E-039  -4.0226429888078535E-041   1.4544929122155202E-044   6.2600918293121125E-040   3.4115774202398637E-041   1.7004226250557016E-039   1.5085689125078308E-039   7.4472156304099300E-041  -4.7412644533462133E-039  -7.6623466966813045E-025  -3.4479805031327750E-041  -2.1826206994350208E-043  -3.4442763224784394E-040  -9.7664726580479058E-041  -2.1492279405130189E-040  -3.1802070222996618E-040  -1.1103716615063432E-040   4.3042028243753060E-039  -1.8400355367983770E-018  -2.4916909987445407E-018  -1.5687511141738515E-018   1.9188601409339906E-037  -2.0391497729851137E-040  -4.6521547691525696E-035  -1.7313329130024891E-036   6.2600918293121125E-040   2.6943238693220572E-035   1.4683322107756490E-036   7.3185655922339443E-035   6.4928332368148350E-035   3.2052582262529908E-036  -2.0406253351754135E-034  -3.2978499617565521E-020  -1.4839999833626301E-036  -9.3939309654030692E-039  -1.4824057156385487E-035  -4.2034591694721540E-036  -9.2502095793927412E-036  -1.3687511179063883E-035  -4.7790047701969147E-036   1.8525153822531262E-034  -1.0027686271928174E-019  -1.3579028840645418E-019  -8.5492609773421371E-020   1.0457258627990489E-038  -1.1112803951899366E-041  -2.5352960625253479E-036  -9.4352869478057505E-038   3.4115774202398637E-041   1.4683322107756490E-036   8.0020056450889668E-038   3.9884164328230456E-036   3.5384150693096826E-036   1.7467773459042639E-037  -1.1120845358939140E-035  -1.7972372884670364E-021  -8.0873906851820158E-038  -5.1194333314408853E-040  -8.0787023657170746E-037  -2.2907693338177761E-037  -5.0411091392904499E-037  -7.4593161491859824E-037  -2.6044258151104383E-037   1.0095697988245415E-035  -4.9980705443138594E-018  -6.7681559063941531E-018  -4.2611833186409962E-018   5.2121810461049893E-037  -5.5389225979486961E-040  -1.2636602529833928E-034  -4.7028026697437872E-036   1.7004226250557016E-039   7.3185655922339443E-035   3.9884164328230456E-036   1.9879348187383148E-034   1.7636419460969436E-034   8.7064115921529482E-036  -5.5429306531042355E-034  -8.9579176183205063E-020  -4.0309746503660906E-036  -2.5516642866144641E-038  -4.0266441565293539E-035  -1.1417815057920192E-035  -2.5126253870040766E-035  -3.7179252835561978E-035  -1.2981163947853647E-035   5.0319694265460488E-034  -4.4341528597491998E-018  -6.0045246663652324E-018  -3.7804064650034765E-018   4.6241058997077045E-037  -4.9139821576878839E-040  -1.1210851617315320E-034  -4.1721991960686306E-036   1.5085689125078308E-039   6.4928332368148350E-035   3.5384150693096826E-036   1.7636419460969436E-034   1.5646553824167721E-034   7.7240926307890659E-036  -4.9175379957002529E-034  -7.9472219674575495E-020  -3.5761715676126150E-036  -2.2637674665243629E-038  -3.5723296707326005E-035  -1.0129576371978681E-035  -2.2291332118026485E-035  -3.2984426454664547E-035  -1.1516537178078271E-035   4.4642270302234781E-034  -2.1889681148112428E-019  -2.9641993532930507E-019  -1.8662390482828207E-019   2.2827405130420405E-038  -2.4258411020450322E-041  -5.5343596638144097E-036  -2.0596518202468766E-037   7.4472156304099300E-041   3.2052582262529908E-036   1.7467773459042639E-037   8.7064115921529482E-036   7.7240926307890659E-036   3.8130829088291912E-037  -2.4275964804175651E-035  -3.9232331492234559E-021  -1.7654162547389761E-037  -1.1175335989317100E-039  -1.7635196602739805E-036  -5.0005762985944570E-037  -1.1004360198305757E-036  -1.6283123310882193E-036  -5.6852646882537665E-037   2.2038145583890396E-035   1.3936049696054710E-017   1.8871553777779595E-017   1.1881397424480043E-017  -1.4533050992245502E-036   1.5444099858780666E-039   3.5234460835172559E-034   1.3112758440524448E-035  -4.7412644533462133E-039  -2.0406253351754135E-034  -1.1120845358939140E-035  -5.5429306531042355E-034  -4.9175379957002529E-034  -2.4275964804175651E-035   1.5455275462513525E-033   2.4977235514233123E-019   1.1239509837440774E-035   7.1147695877087488E-038   1.1227435182474995E-034   3.1836132895035324E-035   7.0059179738257482E-035   1.0366638697567731E-034   3.6195196583556258E-035  -1.4030569471884193E-033   2.2522018209296009E-003   3.0498275127505137E-003   1.9201499347535889E-003  -2.3486830645892643E-022   2.4959174646464935E-025   5.6942331997362030E-020   2.1191499084220270E-021  -7.6623466966813045E-025  -3.2978499617565521E-020  -1.7972372884670364E-021  -8.9579176183205063E-020  -7.9472219674575495E-020  -3.9232331492234559E-021   2.4977235514233123E-019   4.0365653491368336E-005   1.8164146278415294E-021   1.1498162944602982E-023   1.8144632455994927E-020   5.1450301944498635E-021   1.1322248099043967E-020   1.6753501215047370E-020   5.8494974854652136E-021  -2.2674771403981652E-019   1.0134686245727814E-019   1.3723923255046980E-019   8.6404854807595148E-020  -1.0568842334228230E-038   1.1231382624930102E-041   2.5623488247386980E-036   9.5359657513532396E-038  -3.4479805031327750E-041  -1.4839999833626301E-036  -8.0873906851820158E-038  -4.0309746503660906E-036  -3.5761715676126150E-036  -1.7654162547389761E-037   1.1239509837440774E-035   1.8164146278415294E-021   8.1736868224918181E-038   5.1740600137560925E-040   8.1649057947061433E-037   2.3152128846083208E-037   5.0949000668482080E-037   7.5389104455054141E-037   2.6322162232288149E-037  -1.0203423677994545E-035   6.4154005401442730E-022   8.6874386170998915E-022   5.4695502037608986E-022  -6.6902275192080394E-041   7.1096249465953834E-044   1.6220032505886587E-038   6.0364019515470934E-040  -2.1826206994350208E-043  -9.3939309654030692E-039  -5.1194333314408853E-040  -2.5516642866144641E-038  -2.2637674665243629E-038  -1.1175335989317100E-039   7.1147695877087488E-038   1.1498162944602982E-023   5.1740600137560925E-040   3.2752535798512959E-042   5.1685014982743735E-039   1.4655626854483390E-039   3.2251442075592126E-039   4.7722375386394043E-039   1.6662303075635028E-039  -6.4589123124280976E-038   1.0123798507617034E-018   1.3709179583794564E-018   8.6312029691174630E-019  -1.0557488180317671E-037   1.1219316701064551E-040   2.5595960821006136E-035   9.5257212213089204E-037  -3.4442763224784394E-040  -1.4824057156385487E-035  -8.0787023657170746E-037  -4.0266441565293539E-035  -3.5723296707326005E-035  -1.7635196602739805E-036   1.1227435182474995E-034   1.8144632455994927E-020   8.1649057947061433E-037   5.1685014982743735E-039   8.1561342004173283E-036   2.3127256412001741E-036   5.0894265932464153E-036   7.5308113607798368E-036   2.6293884217365344E-036  -1.0192462094957264E-034   2.8706698320034948E-019   3.8873282812876378E-019   2.4474345235834457E-019  -2.9936453988262124E-038   3.1813112405592444E-041   7.2579034929154325E-036   2.7010810732268897E-037  -9.7664726580479058E-041  -4.2034591694721540E-036  -2.2907693338177761E-037  -1.1417815057920192E-035  -1.0129576371978681E-035  -5.0005762985944570E-037   3.1836132895035324E-035   5.1450301944498635E-021   2.3152128846083208E-037   1.4655626854483390E-039   2.3127256412001741E-036   6.5578860769493921E-037   1.4431404746386799E-036   2.1354112260960510E-036   7.4558042746694731E-037  -2.8901398450214773E-035   6.3172488440293365E-019   8.5545261309928946E-019   5.3858694380588001E-019  -6.5878711387613209E-038   7.0008520425681454E-041   1.5971875950184397E-035   5.9440487015405801E-037  -2.1492279405130189E-040  -9.2502095793927412E-036  -5.0411091392904499E-037  -2.5126253870040766E-035  -2.2291332118026485E-035  -1.1004360198305757E-036   7.0059179738257482E-035   1.1322248099043967E-020   5.0949000668482080E-037   3.2251442075592126E-039   5.0894265932464153E-036   1.4431404746386799E-036   3.1758014779499898E-036   4.6992252293143975E-036   1.6407380051293677E-036  -6.3600949128666025E-035   9.3476167681874684E-019   1.2658110180596156E-018   7.9694570711821489E-019  -9.7480558774482900E-038   1.0359142652194309E-040   2.3633543515142949E-035   8.7953934830282977E-037  -3.1802070222996618E-040  -1.3687511179063883E-035  -7.4593161491859824E-037  -3.7179252835561978E-035  -3.2984426454664547E-035  -1.6283123310882193E-036   1.0366638697567731E-034   1.6753501215047370E-020   7.5389104455054141E-037   4.7722375386394043E-039   7.5308113607798368E-036   2.1354112260960510E-036   4.6992252293143975E-036   6.9534314122429200E-036   2.4277957806657066E-036  -9.4110159853787745E-035   3.2637273892035505E-019   4.4195886413065497E-019   2.7825418997512598E-019  -3.4035410038406677E-038   3.6169024085043894E-041   8.2516694027094145E-036   3.0709182159751729E-037  -1.1103716615063432E-040  -4.7790047701969147E-036  -2.6044258151104383E-037  -1.2981163947853647E-035  -1.1516537178078271E-035  -5.6852646882537665E-037   3.6195196583556258E-035   5.8494974854652136E-021   2.6322162232288149E-037   1.6662303075635028E-039   2.6293884217365344E-036   7.4558042746694731E-037   1.6407380051293677E-036   2.4277957806657066E-036   8.4766671347908754E-037  -3.2858632733259645E-035  -1.2651389740569956E-017  -1.7131926698022996E-017  -1.0786140460036933E-017   1.3193357962445153E-036  -1.4020424063286045E-039  -3.1986460011750097E-034  -1.1903991534415079E-035   4.3042028243753060E-039   1.8525153822531262E-034   1.0095697988245415E-035   5.0319694265460488E-034   4.4642270302234781E-034   2.2038145583890396E-035  -1.4030569471884193E-033  -2.2674771403981652E-019  -1.0203423677994545E-035  -6.4589123124280976E-038  -1.0192462094957264E-034  -2.8901398450214773E-035  -6.3600949128666025E-035  -9.4110159853787745E-035  -3.2858632733259645E-035   1.2737196446795225E-033
