  0.12566161088617653       0.17016514000464997       0.10713477438026932       -2.6281119650179829E-020   5.4782713194380968E-025   1.5552062491832128E-018  -9.0465170424443409E-020   2.6438472779797701E-026  -1.2220324867399855E-018   2.2944106264177913E-024  -1.8500775424679202E-018  -1.1842255287733939E-017   7.4236503277095856E-020   1.1661751470570369E-017   2.2522018209294044E-003  -1.8110350502251550E-019   1.2325829257563002E-023   6.3450515048282532E-019  -4.2630956127362894E-024   7.5215583745655799E-019  -4.0430803547451672E-018  -1.6718168061679339E-020  -1.6054283991326765E-017  0.17016514000464997       0.23042976027921877       0.14507695511159951       -3.5588676392208874E-020   7.4184215806371668E-025   2.1059883544551954E-018  -1.2250374861709941E-019   3.5801756720741740E-026  -1.6548198589042244E-018   3.1069847244453034E-024  -2.5052894182509975E-018  -1.6036234254814321E-017   1.0052763834967130E-019   1.5791804336222601E-017   3.0498275127502678E-003  -2.4524198814706803E-019   1.6691067753273150E-023   8.5921752080180307E-019  -5.7728868560468307E-024   1.0185346382519565E-018  -5.4749523721961469E-018  -2.2638969759935501E-020  -2.1739968664997047E-017  0.10713477438026932       0.14507695511159951        9.1339429763539981E-002  -2.2406380153229539E-020   4.6705860100227676E-025   1.3259154442318005E-018  -7.7127497843985757E-020   2.2540534028233655E-026  -1.0418629351396447E-018   1.9561357129156705E-024  -1.5773125833779018E-018  -1.0096300210205987E-017   6.3291493506126114E-020   9.9424088539658310E-018   1.9201499347534358E-003  -1.5440262951616796E-019   1.0508578771561808E-023   5.4095730319476778E-019  -3.6345689300904926E-024   6.4126223893231457E-019  -3.4469914761738278E-018  -1.4253336008574684E-020  -1.3687331247134038E-017  -2.6281119650179829E-020  -3.5588676392208874E-020  -2.2406380153229539E-020   5.4964857222202691E-039  -1.1457365778377048E-043  -3.2525893331507189E-037   1.8920065971876283E-038  -5.5293948692354492E-045   2.5557830887200041E-037  -4.7985760945042391E-043   3.8692890305020565E-037   2.4767128636192519E-036  -1.5525970193104901E-038  -2.4389619356887887E-036  -4.7102997578005615E-022   3.7876347844011738E-038  -2.5778484870699308E-042  -1.3270167126537201E-037   8.9159230960331447E-043  -1.5730737032873376E-037   8.4557788022147728E-037   3.4964709752033195E-039   3.3576249381062116E-036   5.4782713194380968E-025   7.4184215806371668E-025   4.6705860100227676E-025  -1.1457365778377048E-043   2.3882756585511394E-048   6.7799877230831539E-042  -3.9438675427550629E-043   1.1525964543817849E-049  -5.3275025493610989E-042   1.0002580613982316E-047  -8.0654916550599914E-042  -5.1626815097110623E-041   3.2363719030043440E-043   5.0839901036688477E-041   9.8185695330291845E-027  -7.8952842512358748E-043   5.3734976365344690E-047   2.7661521632683400E-042  -1.8585146460067153E-047   3.2790553320365594E-042  -1.7625980594540173E-041  -7.2883564009697853E-044  -6.9989333196964894E-041   1.5552062491832128E-018   2.1059883544551954E-018   1.3259154442318005E-018  -3.2525893331507189E-037   6.7799877230831539E-042   1.9247457202258291E-035  -1.1196100176127509E-036   3.2720635837817978E-043  -1.5124050588563591E-035   2.8395957359081169E-041  -2.2896826924539641E-035  -1.4656146215242221E-034   9.1876168863238724E-037   1.4432752083594105E-034   2.7873575084946889E-020  -2.2413631400533233E-036   1.5254624345927415E-040   7.8527274018765320E-036  -5.2760687142538855E-041   9.3087892994753236E-036  -5.0037746526622479E-035  -2.0690646300857720E-037  -1.9869013785036542E-034  -9.0465170424443409E-020  -1.2250374861709941E-019  -7.7127497843985757E-020   1.8920065971876283E-038  -3.9438675427550629E-043  -1.1196100176127509E-036   6.5126867324154846E-038  -1.9033346213847670E-044   8.7975457578111008E-037  -1.6517713475004693E-042   1.3318910922556637E-036   8.5253693252826754E-036  -5.3443672043647224E-038  -8.3954226497084156E-036  -1.6213847659900842E-021   1.3037839743409011E-037  -8.8734995241947068E-042  -4.5678720946533953E-037   3.0690492380462579E-042  -5.4148522799760389E-037   2.9106578433332507E-036   1.2035592351702708E-038   1.1557654935947954E-035   2.6438472779797701E-026   3.5801756720741740E-026   2.2540534028233655E-026  -5.5293948692354492E-045   1.1525964543817849E-049   3.2720635837817978E-043  -1.9033346213847670E-044   5.5625010534143737E-051  -2.5710853465000210E-043   4.8273066423739749E-049  -3.8924556515003157E-043  -2.4915417036931438E-042   1.5618928941923738E-044   2.4535647493705440E-042   4.7385017681484404E-028  -3.8103125163664845E-044   2.5932828571622405E-048   1.3349619690039325E-043  -8.9693054641082984E-049   1.5824921783609499E-043  -8.5064061451741066E-043  -3.5174054200781796E-045  -3.3777280691419709E-042  -1.2220324867399855E-018  -1.6548198589042244E-018  -1.0418629351396447E-018   2.5557830887200041E-037  -5.3275025493610989E-042  -1.5124050588563591E-035   8.7975457578111008E-037  -2.5710853465000210E-043   1.1884006484689994E-035  -2.2312656217209290E-041   1.7991611311840824E-035   1.1516341845233505E-034  -7.2193423327004449E-037  -1.1340805715305759E-034  -2.1902184545156487E-020   1.7611931363863957E-036  -1.1986607264167380E-040  -6.1704278771039724E-036   4.1457699739034139E-041  -7.3145558295890539E-036   3.9318098066354901E-035   1.6258063497734797E-037   1.5612450334192848E-034   2.2944106264177913E-024   3.1069847244453034E-024   1.9561357129156705E-024  -4.7985760945042391E-043   1.0002580613982316E-047   2.8395957359081169E-041  -1.6517713475004693E-042   4.8273066423739749E-049  -2.2312656217209290E-041   4.1892826977900743E-047  -3.3779907349590284E-041  -2.1622352428332582E-040   1.3554578903285813E-042   2.1292776933248242E-040   4.1122151421873712E-026  -3.3067044380128794E-042   2.2505292927989103E-046   1.1585203703168203E-041  -7.7838345428796387E-047   1.3733345721197835E-041  -7.3821165143194824E-041  -3.0525108013855036E-043  -2.9312945719432304E-040  -1.8500775424679202E-018  -2.5052894182509975E-018  -1.5773125833779018E-018   3.8692890305020565E-037  -8.0654916550599914E-042  -2.2896826924539641E-035   1.3318910922556637E-036  -3.8924556515003157E-043   1.7991611311840824E-035  -3.3779907349590284E-041   2.7238126974549750E-035   1.7434991009190271E-034  -1.0929613791813148E-036  -1.7169240748542616E-034  -3.3158479989414276E-020   2.6663316277862559E-036  -1.8146942205258557E-040  -9.3416256660261946E-036   6.2764255518425372E-041  -1.1073760820836391E-035   5.9525038028380947E-035   2.4613648562991518E-037   2.3636232309372091E-034  -1.1842255287733939E-017  -1.6036234254814321E-017  -1.0096300210205987E-017   2.4767128636192519E-036  -5.1626815097110623E-041  -1.4656146215242221E-034   8.5253693252826754E-036  -2.4915417036931438E-042   1.1516341845233505E-034  -2.1622352428332582E-040   1.7434991009190271E-034   1.1160051929215681E-033  -6.9959919921158294E-036  -1.0989946495409197E-033  -2.1224579833775807E-019   1.7067057511483489E-035  -1.1615768385564933E-039  -5.9795286089446717E-035   4.0175091029009943E-040  -7.0882597958958021E-035   3.8101683857198703E-034   1.5755075295746174E-036   1.5129435962688734E-033   7.4236503277095856E-020   1.0052763834967130E-019   6.3291493506126114E-020  -1.5525970193104901E-038   3.2363719030043440E-043   9.1876168863238724E-037  -5.3443672043647224E-038   1.5618928941923738E-044  -7.2193423327004449E-037   1.3554578903285813E-042  -1.0929613791813148E-036  -6.9959919921158294E-036   4.3856340691049588E-038   6.8893566233672205E-036   1.3305223980580008E-021  -1.0698964345026145E-037   7.2816706519927140E-042   3.7484354490583804E-037  -2.5184884165788199E-042   4.4434747333302703E-037  -2.3885110646597559E-036  -9.8765114448682042E-039  -9.4843118572870617E-036   1.1661751470570369E-017   1.5791804336222601E-017   9.9424088539658310E-018  -2.4389619356887887E-036   5.0839901036688477E-041   1.4432752083594105E-034  -8.3954226497084156E-036   2.4535647493705440E-042  -1.1340805715305759E-034   2.1292776933248242E-040  -1.7169240748542616E-034  -1.0989946495409197E-033   6.8893566233672205E-036   1.0822433868409889E-033   2.0901067328378486E-019  -1.6806915422521441E-035   1.1438716761365097E-039   5.8883865323276234E-035  -3.9562728171645984E-040   6.9802180488536231E-035  -3.7520924600665229E-034  -1.5514930900824432E-036  -1.4898827782368067E-033   2.2522018209294044E-003   3.0498275127502678E-003   1.9201499347534358E-003  -4.7102997578005615E-022   9.8185695330291845E-027   2.7873575084946889E-020  -1.6213847659900842E-021   4.7385017681484404E-028  -2.1902184545156487E-020   4.1122151421873712E-026  -3.3158479989414276E-020  -2.1224579833775807E-019   1.3305223980580008E-021   2.0901067328378486E-019   4.0365653491361689E-005  -3.2458731104272053E-021   2.2091277441519816E-025   1.1372078117006748E-020  -7.6406403149627529E-026   1.3480702139627683E-020  -7.2463124361575896E-020  -2.9963557116280786E-022  -2.8773694196658952E-019  -1.8110350502251550E-019  -2.4524198814706803E-019  -1.5440262951616796E-019   3.7876347844011738E-038  -7.8952842512358748E-043  -2.2413631400533233E-036   1.3037839743409011E-037  -3.8103125163664845E-044   1.7611931363863957E-036  -3.3067044380128794E-042   2.6663316277862559E-036   1.7067057511483489E-035  -1.0698964345026145E-037  -1.6806915422521441E-035  -3.2458731104272053E-021   2.6100635906338133E-037  -1.7763984283757815E-041  -9.1444877951918062E-037   6.1439731057719675E-042  -1.0840069415464803E-036   5.8268871309891270E-036   2.4094222668115328E-038   2.3137432991287371E-035   1.2325829257563002E-023   1.6691067753273150E-023   1.0508578771561808E-023  -2.5778484870699308E-042   5.3734976365344690E-047   1.5254624345927415E-040  -8.8734995241947068E-042   2.5932828571622405E-048  -1.1986607264167380E-040   2.2505292927989103E-046  -1.8146942205258557E-040  -1.1615768385564933E-039   7.2816706519927140E-042   1.1438716761365097E-039   2.2091277441519816E-025  -1.7763984283757815E-041   1.2090093849283036E-045   6.2237003749535372E-041  -4.1815625520549338E-046   7.3777061762851392E-041  -3.9657551559112029E-040  -1.6398427775540385E-042  -1.5747240699370100E-039   6.3450515048282532E-019   8.5921752080180307E-019   5.4095730319476778E-019  -1.3270167126537201E-037   2.7661521632683400E-042   7.8527274018765320E-036  -4.5678720946533953E-037   1.3349619690039325E-043  -6.1704278771039724E-036   1.1585203703168203E-041  -9.3416256660261946E-036  -5.9795286089446717E-035   3.7484354490583804E-037   5.8883865323276234E-035   1.1372078117006748E-020  -9.1444877951918062E-037   6.2237003749535372E-041   3.2038168470870741E-036  -2.1525715802991287E-041   3.7978723133208585E-036  -2.0414789296513312E-035  -8.4415309233791819E-038  -8.1063148944013549E-035  -4.2630956127362894E-024  -5.7728868560468307E-024  -3.6345689300904926E-024   8.9159230960331447E-043  -1.8585146460067153E-047  -5.2760687142538855E-041   3.0690492380462579E-042  -8.9693054641082984E-049   4.1457699739034139E-041  -7.7838345428796387E-047   6.2764255518425372E-041   4.0175091029009943E-040  -2.5184884165788199E-042  -3.9562728171645984E-040  -7.6406403149627529E-026   6.1439731057719675E-042  -4.1815625520549338E-046  -2.1525715802991287E-041   1.4462638251385523E-046  -2.5517039198705485E-041   1.3716232030374572E-040   5.6716723917609244E-043   5.4464483756332668E-040   7.5215583745655799E-019   1.0185346382519565E-018   6.4126223893231457E-019  -1.5730737032873376E-037   3.2790553320365594E-042   9.3087892994753236E-036  -5.4148522799760389E-037   1.5824921783609499E-043  -7.3145558295890539E-036   1.3733345721197835E-041  -1.1073760820836391E-035  -7.0882597958958021E-035   4.4434747333302703E-037   6.9802180488536231E-035   1.3480702139627683E-020  -1.0840069415464803E-036   7.3777061762851392E-041   3.7978723133208585E-036  -2.5517039198705485E-041   4.5020782387742770E-036  -2.4200123400312378E-035  -1.0006769458464095E-037  -9.6093972814016727E-035  -4.0430803547451672E-018  -5.4749523721961469E-018  -3.4469914761738278E-018   8.4557788022147728E-037  -1.7625980594540173E-041  -5.0037746526622479E-035   2.9106578433332507E-036  -8.5064061451741066E-043   3.9318098066354901E-035  -7.3821165143194824E-041   5.9525038028380947E-035   3.8101683857198703E-034  -2.3885110646597559E-036  -3.7520924600665229E-034  -7.2463124361575896E-020   5.8268871309891270E-036  -3.9657551559112029E-040  -2.0414789296513312E-035   1.3716232030374572E-040  -2.4200123400312378E-035   1.3008347290512503E-034   5.3789615126555263E-037   5.1653611438760730E-034  -1.6718168061679339E-020  -2.2638969759935501E-020  -1.4253336008574684E-020   3.4964709752033195E-039  -7.2883564009697853E-044  -2.0690646300857720E-037   1.2035592351702708E-038  -3.5174054200781796E-045   1.6258063497734797E-037  -3.0525108013855036E-043   2.4613648562991518E-037   1.5755075295746174E-036  -9.8765114448682042E-039  -1.5514930900824432E-036  -2.9963557116280786E-022   2.4094222668115328E-038  -1.6398427775540385E-042  -8.4415309233791819E-038   5.6716723917609244E-043  -1.0006769458464095E-037   5.3789615126555263E-037   2.2242046824604354E-039   2.1358807672777836E-036  -1.6054283991326765E-017  -2.1739968664997047E-017  -1.3687331247134038E-017   3.3576249381062116E-036  -6.9989333196964894E-041  -1.9869013785036542E-034   1.1557654935947954E-035  -3.3777280691419709E-042   1.5612450334192848E-034  -2.9312945719432304E-040   2.3636232309372091E-034   1.5129435962688734E-033  -9.4843118572870617E-036  -1.4898827782368067E-033  -2.8773694196658952E-019   2.3137432991287371E-035  -1.5747240699370100E-039  -8.1063148944013549E-035   5.4464483756332668E-040  -9.6093972814016727E-035   5.1653611438760730E-034   2.1358807672777836E-036   2.0510642244402716E-033
