  0.12566161113455196       0.17016513923437959       0.10713477553007075       -8.7762539882396562E-020   1.6643472119153535E-025  -1.7362140129250309E-020   2.2229855204381976E-019   9.0569972394150187E-025  -6.9420818540786344E-020   1.1380121594249853E-023   2.8634839525458642E-018  -9.3064261487483037E-018  -4.4094208257777437E-021   1.7444185038347781E-017   2.2522017285261406E-003  -3.7897391342939050E-018   6.6396750387277022E-025  -2.7640862998008681E-020   1.9979819188316696E-022  -7.9936348374949557E-018  -2.5741808212449225E-018  -4.3940635042750614E-021  -1.4280579175829821E-017  0.17016513923437959       0.23042975773763574       0.14507695572515067       -1.1884397059544396E-019   2.2537819823643426E-025  -2.3511006788996491E-020   3.0102641306766219E-019   1.2264566579846148E-024  -9.4006460255461440E-020   1.5410434086478423E-023   3.8775974705484264E-018  -1.2602331667390114E-017  -5.9710336513036478E-021   2.3622108208546929E-017   3.0498273677885676E-003  -5.1318893783606977E-018   8.9911407090456502E-025  -3.7429977684897592E-020   2.7055746646581163E-022  -1.0824610418647616E-017  -3.4858365566599795E-018  -5.9502374771325804E-021  -1.9338099534635798E-017  0.10713477553007075       0.14507695572515067        9.1339431543566232E-002  -7.4823328503896181E-020   1.4189652937182698E-025  -1.4802364609802577E-020   1.8952411367998095E-019   7.7216849080681514E-025  -5.9185806582706896E-020   9.7023009771807345E-024   2.4413081108874066E-018  -7.9343394329533907E-018  -3.7593208150219710E-021   1.4872313282592800E-017   1.9201498727859341E-003  -3.2310014793250153E-018   5.6607589895138309E-025  -2.3565650846051098E-020   1.7034107907304621E-022  -6.8150986307774680E-018  -2.1946581932853975E-018  -3.7462276899452019E-021  -1.2175131534830818E-017  -8.7762539882396562E-020  -1.1884397059544396E-019  -7.4823328503896181E-020   6.1293686568780842E-038  -1.1623863266202706E-043   1.2125783696227960E-038  -1.5525414136744589E-037  -6.3254407950238342E-043   4.8483759684815697E-038  -7.9479195457112757E-042  -1.9998679176476802E-036   6.4996428795390959E-036   3.0795560202250551E-039  -1.2183084168041146E-035  -1.5729461228324930E-021   2.6467680058726930E-036  -4.6371739159746419E-043   1.9304482246763018E-038  -1.3953980555606446E-040   5.5827845106950845E-036   1.7978175271611631E-036   3.0688304093666771E-039   9.9736099843612384E-036   1.6643472119153535E-025   2.2537819823643426E-025   1.4189652937182698E-025  -1.1623863266202706E-043   2.2043738074027896E-049  -2.2995590503817755E-044   2.9442720968362721E-043   1.1995698581012934E-048  -9.1945618669113525E-044   1.5072601310488507E-047   3.7925914603156404E-042  -1.2326059067458897E-041  -5.8401346212939034E-045   2.3104256320271453E-041   2.9829680152117263E-027  -5.0193863544331642E-042   8.7940338652015797E-049  -3.6609424986928830E-044   2.6462621368941228E-046  -1.0587309628402533E-041  -3.4094188623902982E-042  -5.8197943479242513E-045  -1.8914163141183544E-041  -1.7362140129250309E-020  -2.3511006788996491E-020  -1.4802364609802577E-020   1.2125783696227960E-038  -2.2995590503817755E-044   2.3988544086463555E-039  -3.0714062761630554E-038  -1.2513674924363561E-043   9.5915846415642722E-039  -1.5723438846865605E-042  -3.9563562167547958E-037   1.2858300433859341E-036   6.0923126462237180E-040  -2.4101902111701406E-036  -3.1117730909992156E-022   5.2361243269801353E-037  -9.1737617713369186E-044   3.8190226301569497E-039  -2.7605281945112435E-041   1.1044471492732884E-036   3.5566381596546396E-037   6.0710940763253876E-040   1.9730879983078396E-036   2.2229855204381976E-019   3.0102641306766219E-019   1.8952411367998095E-019  -1.5525414136744589E-037   2.9442720968362721E-043  -3.0714062761630554E-038   3.9325173212896387E-037   1.6022056012245718E-042  -1.2280717479254357E-037   2.0131721451315673E-041   5.0655751641611255E-036  -1.6463302029084448E-035  -7.8003763923788992E-039   3.0859202270270200E-035   3.9842015285469089E-021  -6.7041438874699650E-036   1.1745752213619538E-042  -4.8897382153724630E-038   3.5344802884187246E-040  -1.4140941166506864E-035  -4.5537906453307820E-036  -7.7732089042137004E-039  -2.5262703895583103E-035   9.0569972394150187E-025   1.2264566579846148E-024   7.7216849080681514E-025  -6.3254407950238342E-043   1.1995698581012934E-048  -1.2513674924363561E-043   1.6022056012245718E-042   6.5277850772531200E-048  -5.0034704808026549E-043   8.2021652382736375E-047   2.0638416155231136E-041  -6.7075597055477516E-041  -3.1780678192743044E-044   1.2572808378765020E-040   1.6232630358388186E-026  -2.7314353657817553E-041   4.7855122939637946E-048  -1.9922012586641021E-043   1.4400353902739316E-045  -5.7613719896176684E-041  -1.8553278428689371E-041  -3.1669991072628314E-044  -1.0292655410429890E-040  -6.9420818540786344E-020  -9.4006460255461440E-020  -5.9185806582706896E-020   4.8483759684815697E-038  -9.1945618669113525E-044   9.5915846415642722E-039  -1.2280717479254357E-037  -5.0034704808026549E-043   3.8351012718694026E-038  -6.2868631798823071E-042  -1.5819103230444098E-036   5.1412656188509139E-036   2.4359516025026847E-039  -9.6369097388253006E-036  -1.2442120238761494E-021   2.0936130802670850E-036  -3.6680388853184654E-043   1.5269988321579686E-038  -1.1037701887052126E-040   4.4160238638104110E-036   1.4220869688792351E-036   2.4274675649379530E-039   7.8891993081411874E-036   1.1380121594249853E-023   1.5410434086478423E-023   9.7023009771807345E-024  -7.9479195457112757E-042   1.5072601310488507E-047  -1.5723438846865605E-042   2.0131721451315673E-041   8.2021652382736375E-047  -6.2868631798823071E-042   1.0306024754150433E-045   2.5932180296704021E-040  -8.4280521492964923E-040  -3.9932438160321253E-043   1.5797740062112535E-039   2.0396308223331267E-025  -3.4320499132048298E-040   6.0129986083117122E-047  -2.5032018851845660E-042   1.8094051933705626E-044  -7.2391668075399610E-040  -2.3312203692809681E-040  -3.9793359738132805E-043  -1.2932726708655944E-039   2.8634839525458642E-018   3.8775974705484264E-018   2.4413081108874066E-018  -1.9998679176476802E-036   3.7925914603156404E-042  -3.9563562167547958E-037   5.0655751641611255E-036   2.0638416155231136E-041  -1.5819103230444098E-036   2.5932180296704021E-040   6.5250956695979655E-035  -2.1206796325378814E-034  -1.0047862398578121E-037   3.9750520044713128E-034   5.1321509005843095E-020  -8.6357775436812163E-035   1.5130000922205592E-041  -6.2985956422735801E-037   4.5528535806574418E-039  -1.8215304477649361E-034  -5.8658530684391351E-035  -1.0012867268975706E-037  -3.2541528740439332E-034  -9.3064261487483037E-018  -1.2602331667390114E-017  -7.9343394329533907E-018   6.4996428795390959E-036  -1.2326059067458897E-041   1.2858300433859341E-036  -1.6463302029084448E-035  -6.7075597055477516E-041   5.1412656188509139E-036  -8.4280521492964923E-040  -2.1206796325378814E-034   6.8922853113326030E-034   3.2655915281807237E-037  -1.2919062418406783E-033  -1.6679675574244370E-019   2.8066588561054989E-034  -4.9173048826696644E-041   2.0470663065365336E-036  -1.4796938385766669E-038   5.9200396687221494E-034   1.9064234088793300E-034   3.2542179848115981E-037   1.0576114237379105E-033  -4.4094208257777437E-021  -5.9710336513036478E-021  -3.7593208150219710E-021   3.0795560202250551E-039  -5.8401346212939034E-045   6.0923126462237180E-040  -7.8003763923788992E-039  -3.1780678192743044E-044   2.4359516025026847E-039  -3.9932438160321253E-043  -1.0047862398578121E-037   3.2655915281807237E-037   1.5472499392025089E-040  -6.1211019103082027E-037  -7.9028950177809661E-023   1.3298058581413274E-037  -2.3298381365502429E-044   9.6990796031881127E-040  -7.0108468313290297E-042   2.8049377696082349E-037   9.0327080960002430E-038   1.5418611102156207E-040   5.0110039695932240E-037   1.7444185038347781E-017   2.3622108208546929E-017   1.4872313282592800E-017  -1.2183084168041146E-035   2.3104256320271453E-041  -2.4101902111701406E-036   3.0859202270270200E-035   1.2572808378765020E-040  -9.6369097388253006E-036   1.5797740062112535E-039   3.9750520044713128E-034  -1.2919062418406783E-033  -6.1211019103082027E-037   2.4215795811044341E-033   3.1264777955161940E-019  -5.2608676674457736E-034   9.2171124438351314E-041  -3.8370694470931035E-036   2.7735730889248142E-038  -1.1096662216509173E-033  -3.5734450770236490E-034  -6.0997830719161542E-037  -1.9824118388169805E-033   2.2522017285261406E-003   3.0498273677885676E-003   1.9201498727859341E-003  -1.5729461228324930E-021   2.9829680152117263E-027  -3.1117730909992156E-022   3.9842015285469089E-021   1.6232630358388186E-026  -1.2442120238761494E-021   2.0396308223331267E-025   5.1321509005843095E-020  -1.6679675574244370E-019  -7.9028950177809661E-023   3.1264777955161940E-019   4.0365650099335899E-005  -6.7922549709957020E-020   1.1900124042705892E-026  -4.9540029655844787E-022   3.5809331827987199E-024  -1.4326792435388988E-019  -4.6136401107725034E-020  -7.8753704733146061E-023  -2.5594726037469097E-019  -3.7897391342939050E-018  -5.1318893783606977E-018  -3.2310014793250153E-018   2.6467680058726930E-036  -5.0193863544331642E-042   5.2361243269801353E-037  -6.7041438874699650E-036  -2.7314353657817553E-041   2.0936130802670850E-036  -3.4320499132048298E-040  -8.6357775436812163E-035   2.8066588561054989E-034   1.3298058581413274E-037  -5.2608676674457736E-034  -6.7922549709957020E-020   1.1429204652342473E-034  -2.0024123601533266E-041   8.3360112339358114E-037  -6.0255715321845457E-039   2.4107434637673642E-034   7.7632888110713861E-035   1.3251743528016152E-037   4.3067782813222360E-034   6.6396750387277022E-025   8.9911407090456502E-025   5.6607589895138309E-025  -4.6371739159746419E-043   8.7940338652015797E-049  -9.1737617713369186E-044   1.1745752213619538E-042   4.7855122939637946E-048  -3.6680388853184654E-043   6.0129986083117122E-047   1.5130000922205592E-041  -4.9173048826696644E-041  -2.3298381365502429E-044   9.2171124438351314E-041   1.1900124042705892E-026  -2.0024123601533266E-041   3.5082539704746801E-048  -1.4604806228392207E-043   1.0556884122782272E-045  -4.2236556749530542E-041  -1.3601388673658301E-041  -2.3217236755527713E-044  -7.5455347290434820E-041  -2.7640862998008681E-020  -3.7429977684897592E-020  -2.3565650846051098E-020   1.9304482246763018E-038  -3.6609424986928830E-044   3.8190226301569497E-039  -4.8897382153724630E-038  -1.9922012586641021E-043   1.5269988321579686E-038  -2.5032018851845660E-042  -6.2985956422735801E-037   2.0470663065365336E-036   9.6990796031881127E-040  -3.8370694470931035E-036  -4.9540029655844787E-022   8.3360112339358114E-037  -1.4604806228392207E-043   6.0799579153621956E-039  -4.3948142947006780E-041   1.7583012298220860E-036   5.6622367618656325E-037   9.6652992293858471E-040   3.1411942674256658E-036   1.9979819188316696E-022   2.7055746646581163E-022   1.7034107907304621E-022  -1.3953980555606446E-040   2.6462621368941228E-046  -2.7605281945112435E-041   3.5344802884187246E-040   1.4400353902739316E-045  -1.1037701887052126E-040   1.8094051933705626E-044   4.5528535806574418E-039  -1.4796938385766669E-038  -7.0108468313290297E-042   2.7735730889248142E-038   3.5809331827987199E-024  -6.0255715321845457E-039   1.0556884122782272E-045  -4.3948142947006780E-041   3.1767313119230398E-043  -1.2709639584325227E-038  -4.0928702809194265E-039  -6.9864291508560401E-042  -2.2705692475326534E-038  -7.9936348374949557E-018  -1.0824610418647616E-017  -6.8150986307774680E-018   5.5827845106950845E-036  -1.0587309628402533E-041   1.1044471492732884E-036  -1.4140941166506864E-035  -5.7613719896176684E-041   4.4160238638104110E-036  -7.2391668075399610E-040  -1.8215304477649361E-034   5.9200396687221494E-034   2.8049377696082349E-037  -1.1096662216509173E-033  -1.4326792435388988E-019   2.4107434637673642E-034  -4.2236556749530542E-041   1.7583012298220860E-036  -1.2709639584325227E-038   5.0849418003079812E-034   1.6374978249070779E-034   2.7951686110668083E-037   9.0842170627024936E-034  -2.5741808212449225E-018  -3.4858365566599795E-018  -2.1946581932853975E-018   1.7978175271611631E-036  -3.4094188623902982E-042   3.5566381596546396E-037  -4.5537906453307820E-036  -1.8553278428689371E-041   1.4220869688792351E-036  -2.3312203692809681E-040  -5.8658530684391351E-035   1.9064234088793300E-034   9.0327080960002430E-038  -3.5734450770236490E-034  -4.6136401107725034E-020   7.7632888110713861E-035  -1.3601388673658301E-041   5.6622367618656325E-037  -4.0928702809194265E-039   1.6374978249070779E-034   5.2732149784153013E-035   9.0012485896951963E-038   2.9253797320272452E-034  -4.3940635042750614E-021  -5.9502374771325804E-021  -3.7462276899452019E-021   3.0688304093666771E-039  -5.8197943479242513E-045   6.0710940763253876E-040  -7.7732089042137004E-039  -3.1669991072628314E-044   2.4274675649379530E-039  -3.9793359738132805E-043  -1.0012867268975706E-037   3.2542179848115981E-037   1.5418611102156207E-040  -6.0997830719161542E-037  -7.8753704733146061E-023   1.3251743528016152E-037  -2.3217236755527713E-044   9.6652992293858471E-040  -6.9864291508560401E-042   2.7951686110668083E-037   9.0012485896951963E-038   1.5364910496753255E-040   4.9935514283065372E-037  -1.4280579175829821E-017  -1.9338099534635798E-017  -1.2175131534830818E-017   9.9736099843612384E-036  -1.8914163141183544E-041   1.9730879983078396E-036  -2.5262703895583103E-035  -1.0292655410429890E-040   7.8891993081411874E-036  -1.2932726708655944E-039  -3.2541528740439332E-034   1.0576114237379105E-033   5.0110039695932240E-037  -1.9824118388169805E-033  -2.5594726037469097E-019   4.3067782813222360E-034  -7.5455347290434820E-041   3.1411942674256658E-036  -2.2705692475326534E-038   9.0842170627024936E-034   2.9253797320272452E-034   4.9935514283065372E-037   1.6228897573084699E-033
