  0.12566161113455171       0.17016513923437965       0.10713477553007097       -6.6709396548020528E-020  -5.2636942353271399E-025   5.4879876886518203E-017   1.5535537023650421E-019   1.4261825900881212E-024  -2.9552364385247778E-017  -3.9844356470707441E-018   2.1212509640512134E-018   5.9990115439830499E-018   3.2414907125751315E-019   2.3939609420027157E-017   2.2522017285258951E-003  -2.5969754137259784E-018  -2.3812438387634373E-023   1.3882563989964647E-017   1.0360491939584723E-017  -6.5242819717620426E-019   1.5136640390679988E-017  -3.5770622013865792E-019  -2.5449212281989900E-017  0.17016513923437965       0.23042975773763633       0.14507695572515128       -9.0334778054696917E-020  -7.1278511739164297E-025   7.4315789899913567E-017   2.1037505383244701E-019   1.9312704717444504E-024  -4.0018444415265856E-017  -5.3955383870435963E-018   2.8724999018382554E-018   8.1235838489885701E-018   4.3894767340017959E-019   3.2417911352526771E-017   3.0498273677882419E-003  -3.5167039390555265E-018  -3.2245702224867828E-023   1.8799125786737408E-017   1.4029698788028290E-017  -8.8348807571828189E-019   2.0497338020462299E-017  -4.8438921167199571E-019  -3.4462145696454231E-017  0.10713477553007097       0.14507695572515128        9.1339431543566760E-002  -5.6874141278247315E-020  -4.4876449957090033E-025   4.6788698937335432E-017   1.3245065511580527E-019   1.2159143136433508E-024  -2.5195331304532692E-017  -3.3969930419391649E-018   1.8085057467012405E-018   5.1145512886887702E-018   2.7635836970345825E-019   2.0410089114216190E-017   1.9201498727857320E-003  -2.2140920802673460E-018  -2.0301667457941707E-023   1.1835797451730762E-017   8.8329997387986979E-018  -5.5623788222099726E-019   1.2904979936939685E-017  -3.0496804277983747E-019  -2.1697124687735601E-017  -6.6709396548020528E-020  -9.0334778054696917E-020  -5.6874141278247315E-020   3.5413707874842369E-038   2.7943129399796434E-043  -2.9133825650295724E-035  -8.2472784690581841E-038  -7.5711093541687066E-043   1.5688326585246483E-035   2.1151988678221501E-036  -1.1260986586209271E-036  -3.1846674284258203E-036  -1.7207951370316598E-037  -1.2708709394910914E-035  -1.1956158834657869E-021   1.3786442902932942E-036   1.2641198698901871E-041  -7.3697723429489243E-036  -5.5000262927576953E-036   3.4635153036463419E-037  -8.0355180640288229E-036   1.8989384165521098E-037   1.3510105263064079E-035  -5.2636942353271399E-025  -7.1278511739164297E-025  -4.4876449957090033E-025   2.7943129399796434E-043   2.2048481435869509E-048  -2.2987998402608539E-040  -6.5075018484794471E-043  -5.9739716928606720E-048   1.2378848930112497E-040   1.6689942741591652E-041  -8.8854634047330231E-042  -2.5128567266190492E-041  -1.3577906429497292E-042  -1.0027786764985423E-040  -9.4339879524081398E-027   1.0878170660949891E-041   9.9745175585776077E-047  -5.8151070470753231E-041  -4.3397869249943667E-041   2.7328811953271287E-042  -6.3404126405263793E-041   1.4983543119373609E-042   1.0660126889419956E-040   5.4879876886518203E-017   7.4315789899913567E-017   4.6788698937335432E-017  -2.9133825650295724E-035  -2.2987998402608539E-040   2.3967549515615553E-032   6.7847957027303633E-035   6.2285310728608919E-040  -1.2906329184585693E-032  -1.7401124798516375E-033   9.2640855629241280E-034   2.6199331044870561E-033   1.4156480219280135E-034   1.0455084936605439E-032   9.8359835170949512E-019  -1.1341704892673370E-033  -1.0399545853999101E-038   6.0628969799113723E-033   4.5247113815799009E-033  -2.8493331268835036E-034   6.6105865873910435E-033  -1.5622013075840352E-034  -1.1114369967762192E-032   1.5535537023650421E-019   2.1037505383244701E-019   1.3245065511580527E-019  -8.2472784690581841E-038  -6.5075018484794471E-043   6.7847957027303633E-035   1.9206574580265823E-037   1.7631886326107705E-042  -3.6535569367468365E-035  -4.9259552662539472E-036   2.6225012230016348E-036   7.4165741713325374E-036   4.0074529144074852E-037   2.9596523959758557E-035   2.7843955701617575E-021  -3.2106390587536001E-036  -2.9439302492976750E-041   1.7163005065911556E-035   1.2808669621329887E-035  -8.0659656684263932E-037   1.8713418925633467E-035  -4.4223197334338330E-037  -3.1462845021639512E-035   1.4261825900881212E-024   1.9312704717444504E-024   1.2159143136433508E-024  -7.5711093541687066E-043  -5.9739716928606720E-048   6.2285310728608919E-040   1.7631886326107705E-042   1.6186301941430368E-047  -3.3540129878688097E-040  -4.5220912734393023E-041   2.4074903757983528E-041   6.8085119588394555E-041   3.6788941176768578E-042   2.7169995561965716E-040   2.5561115010301063E-026  -2.9474085908202284E-041  -2.7025664201954807E-046   1.5755862820405893E-040   1.1758526009317789E-040  -7.4046618350211397E-042   1.7179162993937425E-040  -4.0597472762125965E-042  -2.8883302673214816E-040  -2.9552364385247778E-017  -4.0018444415265856E-017  -2.5195331304532692E-017   1.5688326585246483E-035   1.2378848930112497E-040  -1.2906329184585693E-032  -3.6535569367468365E-035  -3.3540129878688097E-040   6.9499525978807743E-033   9.3703632357319775E-034  -4.9886342277656033E-034  -1.4108125265819466E-033  -7.6231486946992884E-035  -5.6299776394210771E-033  -5.2965965937851562E-019   6.1074152267380524E-034   5.6000702981528230E-039  -3.2648203849118832E-033  -2.4365200338008738E-033   1.5343425604751027E-034  -3.5597467544393037E-033   8.4123261391964377E-035   5.9849972309331364E-033  -3.9844356470707441E-018  -5.3955383870435963E-018  -3.3969930419391649E-018   2.1151988678221501E-036   1.6689942741591652E-041  -1.7401124798516375E-033  -4.9259552662539472E-036  -4.5220912734393023E-041   9.3703632357319775E-034   1.2633713098465038E-034  -6.7259904446863261E-035  -1.9021461866696319E-034  -1.0278008556649704E-035  -7.5906899719734421E-034  -7.1412046769990166E-020   8.2344013574173846E-035   7.5503670133414671E-040  -4.4018361960303330E-034  -3.2850695636131314E-034   2.0686971482480050E-035  -4.7994744779245618E-034   1.1342027225588523E-035   8.0693497155353741E-034   2.1212509640512134E-018   2.8724999018382554E-018   1.8085057467012405E-018  -1.1260986586209271E-036  -8.8854634047330231E-042   9.2640855629241280E-034   2.6225012230016348E-036   2.4074903757983528E-041  -4.9886342277656033E-034  -6.7259904446863261E-035   3.5808116829491852E-035   1.0126727571081925E-034   5.4718503423058799E-036   4.0411641314122230E-034   3.8018652194088847E-020  -4.3838659637150149E-035  -4.0196968214973642E-040   2.3434684611582290E-034   1.7489194445674349E-034  -1.1013418734161733E-035   2.5551648376405328E-034  -6.0383171715328216E-036  -4.2959950616669795E-034   5.9990115439830499E-018   8.1235838489885701E-018   5.1145512886887702E-018  -3.1846674284258203E-036  -2.5128567266190492E-041   2.6199331044870561E-033   7.4165741713325374E-036   6.8085119588394555E-041  -1.4108125265819466E-033  -1.9021461866696319E-034   1.0126727571081925E-034   2.8638928929780897E-034   1.5474686365138674E-035   1.1428628995963941E-033   1.0751878833018135E-019  -1.2397808165694167E-034  -1.1367918291676721E-039   6.6274545490832341E-034   4.9460380290972317E-034  -3.1146539115189913E-035   7.2261432605364553E-034  -1.7076684952484445E-035  -1.2149304539909301E-033   3.2414907125751315E-019   4.3894767340017959E-019   2.7635836970345825E-019  -1.7207951370316598E-037  -1.3577906429497292E-042   1.4156480219280135E-034   4.0074529144074852E-037   3.6788941176768578E-042  -7.6231486946992884E-035  -1.0278008556649704E-035   5.4718503423058799E-036   1.5474686365138674E-035   8.3615528599742529E-037   6.1753164627663583E-035   5.8096429927556566E-021  -6.6990002820870234E-036  -6.1425121944868117E-041   3.5810620151938497E-035   2.6725296688989639E-035  -1.6829642105291373E-036   3.9045559580994326E-035  -9.2271727215743172E-037  -6.5647244619594866E-035   2.3939609420027157E-017   3.2417911352526771E-017   2.0410089114216190E-017  -1.2708709394910914E-035  -1.0027786764985423E-040   1.0455084936605439E-032   2.9596523959758557E-035   2.7169995561965716E-040  -5.6299776394210771E-033  -7.5906899719734421E-034   4.0411641314122230E-034   1.1428628995963941E-033   6.1753164627663583E-035   4.5606999147082639E-033   4.2906365141450174E-019  -4.9474598102553715E-034  -4.5364727476559089E-039   2.6447469252358405E-033   1.9737621393969300E-033  -1.2429313991754364E-034   2.8836591828850971E-033  -6.8146087893657119E-035  -4.8482921440968177E-033   2.2522017285258951E-003   3.0498273677882419E-003   1.9201498727857320E-003  -1.1956158834657869E-021  -9.4339879524081398E-027   9.8359835170949512E-019   2.7843955701617575E-021   2.5561115010301063E-026  -5.2965965937851562E-019  -7.1412046769990166E-020   3.8018652194088847E-020   1.0751878833018135E-019   5.8096429927556566E-021   4.2906365141450174E-019   4.0365650099327172E-005  -4.6544942905993766E-020  -4.2678439670506801E-025   2.4881373342485170E-019   1.8568851412963827E-019  -1.1693307925567867E-020   2.7129023210964395E-019  -6.4110794062486429E-021  -4.5611988716067291E-019  -2.5969754137259784E-018  -3.5167039390555265E-018  -2.2140920802673460E-018   1.3786442902932942E-036   1.0878170660949891E-041  -1.1341704892673370E-033  -3.2106390587536001E-036  -2.9474085908202284E-041   6.1074152267380524E-034   8.2344013574173846E-035  -4.3838659637150149E-035  -1.2397808165694167E-034  -6.6990002820870234E-036  -4.9474598102553715E-034  -4.6544942905993766E-020   5.3670180086071001E-035   4.9211781128077250E-040  -2.8690287380457455E-034  -2.1411425970337317E-034   1.3483354001198973E-035  -3.1282014121971611E-034   7.3925063561557599E-036   5.2594406516286257E-034  -2.3812438387634373E-023  -3.2245702224867828E-023  -2.0301667457941707E-023   1.2641198698901871E-041   9.9745175585776077E-047  -1.0399545853999101E-038  -2.9439302492976750E-041  -2.7025664201954807E-046   5.6000702981528230E-039   7.5503670133414671E-040  -4.0196968214973642E-040  -1.1367918291676721E-039  -6.1425121944868117E-041  -4.5364727476559089E-039  -4.2678439670506801E-025   4.9211781128077250E-040   4.5123742791880606E-045  -2.6306976067612244E-039  -1.9632771993730165E-039   1.2363287488792994E-040  -2.8683407243036617E-039   6.7784084980455208E-041   4.8225372411454429E-039   1.3882563989964647E-017   1.8799125786737408E-017   1.1835797451730762E-017  -7.3697723429489243E-036  -5.8151070470753231E-041   6.0628969799113723E-033   1.7163005065911556E-035   1.5755862820405893E-040  -3.2648203849118832E-033  -4.4018361960303330E-034   2.3434684611582290E-034   6.6274545490832341E-034   3.5810620151938497E-035   2.6447469252358405E-033   2.4881373342485170E-019  -2.8690287380457455E-034  -2.6306976067612244E-039   1.5336870281656898E-033   1.1445833856514238E-033  -7.2077511297048198E-035   1.6722320915629255E-033  -3.9517872211316008E-035  -2.8115214727003938E-033   1.0360491939584723E-017   1.4029698788028290E-017   8.8329997387986979E-018  -5.5000262927576953E-036  -4.3397869249943667E-041   4.5247113815799009E-033   1.2808669621329887E-035   1.1758526009317789E-040  -2.4365200338008738E-033  -3.2850695636131314E-034   1.7489194445674349E-034   4.9460380290972317E-034   2.6725296688989639E-035   1.9737621393969300E-033   1.8568851412963827E-019  -2.1411425970337317E-034  -1.9632771993730165E-039   1.1445833856514238E-033   8.5419717494522889E-034  -5.3791106265255273E-035   1.2479789121286601E-033  -2.9492001391878414E-035  -2.0982251965082405E-033  -6.5242819717620426E-019  -8.8348807571828189E-019  -5.5623788222099726E-019   3.4635153036463419E-037   2.7328811953271287E-042  -2.8493331268835036E-034  -8.0659656684263932E-037  -7.4046618350211397E-042   1.5343425604751027E-034   2.0686971482480050E-035  -1.1013418734161733E-035  -3.1146539115189913E-035  -1.6829642105291373E-036  -1.2429313991754364E-034  -1.1693307925567867E-020   1.3483354001198973E-035   1.2363287488792994E-040  -7.2077511297048198E-035  -5.3791106265255273E-035   3.3873714384802487E-036  -7.8588607230426402E-035   1.8571910881668609E-036   1.3213091523165928E-034   1.5136640390679988E-017   2.0497338020462299E-017   1.2904979936939685E-017  -8.0355180640288229E-036  -6.3404126405263793E-041   6.6105865873910435E-033   1.8713418925633467E-035   1.7179162993937425E-040  -3.5597467544393037E-033  -4.7994744779245618E-034   2.5551648376405328E-034   7.2261432605364553E-034   3.9045559580994326E-035   2.8836591828850971E-033   2.7129023210964395E-019  -3.1282014121971611E-034  -2.8683407243036617E-039   1.6722320915629255E-033   1.2479789121286601E-033  -7.8588607230426402E-035   1.8232925731903731E-033  -4.3087704915312224E-035  -3.0654992488206234E-033  -3.5770622013865792E-019  -4.8438921167199571E-019  -3.0496804277983747E-019   1.8989384165521098E-037   1.4983543119373609E-042  -1.5622013075840352E-034  -4.4223197334338330E-037  -4.0597472762125965E-042   8.4123261391964377E-035   1.1342027225588523E-035  -6.0383171715328216E-036  -1.7076684952484445E-035  -9.2271727215743172E-037  -6.8146087893657119E-035  -6.4110794062486429E-021   7.3925063561557599E-036   6.7784084980455208E-041  -3.9517872211316008E-035  -2.9492001391878414E-035   1.8571910881668609E-036  -4.3087704915312224E-035   1.0182404854644111E-036   7.2443297907023854E-035  -2.5449212281989900E-017  -3.4462145696454231E-017  -2.1697124687735601E-017   1.3510105263064079E-035   1.0660126889419956E-040  -1.1114369967762192E-032  -3.1462845021639512E-035  -2.8883302673214816E-040   5.9849972309331364E-033   8.0693497155353741E-034  -4.2959950616669795E-034  -1.2149304539909301E-033  -6.5647244619594866E-035  -4.8482921440968177E-033  -4.5611988716067291E-019   5.2594406516286257E-034   4.8225372411454429E-039  -2.8115214727003938E-033  -2.0982251965082405E-033   1.3213091523165928E-034  -3.0654992488206234E-033   7.2443297907023854E-035   5.1540195921911532E-033
