   1.0000363520521505        3.5446918129239467E-004   2.1313418692116559E-003   1.1562504255966733E-003  -1.6978555025680749E-017  -5.1915319511315449E-019   3.0497430304975377E-018   5.8244978834270203E-017   3.0725493458616537E-017   7.4137283719508306E-019  -7.2231229853748090E-017  -3.0169067548228781E-017   5.5792836915883961E-019  -2.3646778278412588E-017   1.2815362954523024E-017   9.3183202867249284E-018  -2.1503487580241211E-016   1.4807204600610173E-019   1.3705777189908542E-004   1.1361784835128191E-017   9.0508127735622922E-019  -6.8056585247756280E-020  -2.0201318381025756E-017  -1.5762182938658424E-017  -8.8884175744405523E-018   3.2862780291206200E-018  -5.2907424074770013E-020   3.5446918129239467E-004   1.0090937620105707        1.9807526571793913E-002  -3.2251128358721515E-003  -1.0646579944651946E-017   4.3385242785848708E-018   2.5608570195287673E-017   2.1169151786489949E-016   8.7024763564496030E-017   5.7018785306233910E-018  -2.3095110115674652E-016  -1.6306095485006375E-016   5.8853183765081363E-018   4.8467366573074626E-017  -2.4943352000966892E-018   3.6287062245079154E-017   1.0001869385567096E-016   2.7820628424679555E-017   5.0616157909832652E-003  -5.8256901943706210E-017   5.4228299476333380E-017  -2.1406177678768694E-018  -2.7669656999337082E-016  -1.4519102081584726E-017  -4.5089129901977205E-018   2.2103851095308935E-017  -9.2210495264436223E-018   2.1313418692116559E-003   1.9807526571793913E-002  0.37061955308700212       0.28107124659428279       -3.2336590475602301E-017   1.0207321495800227E-016   8.2062113206111379E-017   1.9434923455134811E-016  -8.0844174139663254E-016   1.3502102915466265E-016  -5.7632253496907858E-017  -8.3200906194888467E-016   1.1294675029305577E-016  -7.8876899902953089E-017   1.4513190777931563E-016   8.4384214334938064E-017   1.3452191276476006E-015  -9.0351011344057211E-017   1.4834084412351392E-003  -3.3063039554609738E-016   9.8069132660280234E-017  -1.4405405725127604E-017  -3.9137966707793524E-015  -2.3086349909624257E-016  -1.0327316282243484E-016   5.2846338320752914E-016   5.4246403964209084E-017   1.1562504255966733E-003  -3.2251128358721515E-003  0.28107124659428279       0.21348991006879572       -7.5553889686685814E-017  -5.9052587502519514E-016  -1.2738203123218184E-016   1.4371786057207033E-016  -6.1552335674257193E-016   1.0241303037579668E-016  -3.9332221331225837E-017  -6.2598451604435850E-016   8.6463576507517049E-017  -6.0761886250622577E-017   1.1024553767922378E-016   6.3416248140051085E-017   1.0197825936141251E-015  -6.9111890830752607E-017   1.0347454635796537E-003  -2.5007796884567984E-016   7.2672825281455515E-017  -1.1130650447268680E-017  -2.9669322046269330E-015  -1.7503669962984362E-016  -7.8335031549272000E-017   4.0088820744256429E-016   4.1359060543368167E-017  -1.6978555025680749E-017  -1.0646579944651946E-017  -3.2336590475602301E-017  -7.5553889686685814E-017   1.0006483752638649       -3.5171518475429764E-016  -1.6306400674181987E-016   6.3090759797449750E-005  -2.4965549672535745E-016  -9.8850862526944847E-018  -4.2515448383067360E-003   2.3723868193287885E-016   1.0042422622646996E-017   7.5623611174001146E-018  -9.9916879908434954E-017  -8.1151862537503749E-017   9.9275931197790857E-017   1.9486285485600834E-017   8.2975352171393080E-017   1.2196875486301861E-003  -7.1816535465903096E-017  -2.5461810394464268E-017  -5.6479440723079974E-017   1.1569082130221309E-016  -1.0160619961227369E-017   1.0742496954826381E-018   8.5762076355387828E-018  -5.1915319511315449E-019   4.3385242785848708E-018   1.0207321495800227E-016  -5.9052587502519514E-016  -3.5171518475429764E-016   1.0006483752638646        1.6653345369377348E-016  -1.8147662366077664E-016   6.3090759797812578E-005   5.7979405239556935E-018   2.0129060365140644E-016  -4.2515448383072633E-003  -1.0137290312739460E-017   3.8416035626259041E-018   2.3559425315859046E-017  -5.1747709133589250E-017   2.5937138378415394E-016   6.9424419231838751E-017   5.0957072274795681E-016   1.6489020977610011E-016   1.2196875486300918E-003   6.6895274042355624E-017  -3.0674314306948249E-017  -1.0147804967775061E-016   5.5252738762929897E-017  -6.9444068831353208E-018  -3.9765532868976293E-018   3.0497430304975377E-018   2.5608570195287673E-017   8.2062113206111379E-017  -1.2738203123218184E-016  -1.6306400674181987E-016   1.6653345369377348E-016   1.0006483752638649        3.9650671052157873E-017  -2.5076410403463599E-017   6.3090759797485068E-005  -5.2448280093986300E-018  -1.7173762412170395E-016  -4.2515448383069372E-003   8.6700664754101669E-019  -4.0468787577611418E-017   3.7118504228969882E-017  -7.9525502066532646E-017   4.9246086776539480E-017   9.2452489422222310E-017  -5.5938055836674141E-018   1.1020915083315153E-016   1.2196875486297821E-003  -3.8823393515972183E-018  -2.7671228372084545E-020  -4.0556844339196316E-017  -1.1626824466412695E-017  -4.1980076657076896E-017   5.8244978834270203E-017   2.1169151786489949E-016   1.9434923455134811E-016   1.4371786057207033E-016   6.3090759797449750E-005  -1.8147662366077664E-016   3.9650671052157873E-017   3.9778648226654883E-009  -2.7181427963141142E-020   1.8773768731392165E-021  -2.6805939108327260E-007   7.8591939603237581E-019  -1.6787795967880285E-019   4.7680595953678741E-022  -6.2997472696465525E-021  -5.1166151796900889E-021   6.2593355311898785E-021   1.2286079578562197E-021   1.7853682071563628E-018   7.6901153352970627E-008  -2.2570227889327171E-019   4.6737358970463592E-020  -3.5610219516682564E-021   7.2942923786978758E-021  -6.4062586746720864E-022   6.7731314468178334E-023   5.4072886071416596E-022   3.0725493458616537E-017   8.7024763564496030E-017  -8.0844174139663254E-016  -6.1552335674257193E-016  -2.4965549672535745E-016   6.3090759797812578E-005  -2.5076410403463599E-017  -2.7181427963141142E-020   3.9778648227112405E-009  -1.2161622959007274E-021   1.0733307444899983E-018  -2.6805939108484744E-007   1.0595191030044514E-019   2.4221264309792163E-022   1.4854189343921009E-021  -3.2626868417528656E-021   1.6353334572170698E-020   4.3772012890131849E-021  -2.5555080809263097E-018  -2.9388103821984826E-019   7.6901153353406968E-008  -2.6362246122033392E-020  -1.9340118219285021E-021  -6.3981788356044200E-021   3.4836785387003607E-021  -4.3784402052409642E-022  -2.5072120693922895E-022   7.4137283719508306E-019   5.7018785306233910E-018   1.3502102915466265E-016   1.0241303037579668E-016  -9.8850862526944847E-018   5.7979405239556935E-018   6.3090759797485068E-005   1.8773768731392165E-021  -1.2161622959007274E-021   3.9778648226699410E-009   4.1625382784872562E-020  -3.5413256384923091E-020  -2.6805939108343533E-007   5.4664664897421947E-023  -2.5515521929741012E-021   2.3403172305811813E-021  -5.0140733470337293E-021   3.1049598525882708E-021   5.3873607336842673E-019  -1.2388684034327080E-020   1.4002513409333300E-020   7.6901153352988216E-008  -2.4478103094464608E-022  -1.7446677090219098E-024  -2.5571041613001413E-021  -7.3306988504521712E-022  -2.6468387878344932E-021  -7.2231229853748090E-017  -2.3095110115674652E-016  -5.7632253496907858E-017  -3.9332221331225837E-017  -4.2515448383067360E-003   2.0129060365140644E-016  -5.2448280093986300E-018  -2.6805939108327260E-007   1.0733307444899983E-018   4.1625382784872562E-020   1.8063921312385299E-005  -1.8568815088385096E-018  -1.7470054537137467E-020  -3.2130884503373120E-020   4.2452584297894546E-019   3.4479722429898565E-019  -4.2180258648889660E-019  -8.2793135453011907E-020  -1.7193931822097332E-018  -5.1821962938362478E-006   5.4866724594518303E-019   1.0095573940087416E-019   2.3996928452910537E-019  -4.9154600787431675E-019   4.3170340769093063E-020  -4.5642613937786292E-021  -3.6438505479522849E-020  -3.0169067548228781E-017  -1.6306095485006375E-016  -8.3200906194888467E-016  -6.2598451604435850E-016   2.3723868193287885E-016  -4.2515448383072633E-003  -1.7173762412170395E-016   7.8591939603237581E-019  -2.6805939108484744E-007  -3.5413256384923091E-020  -1.8568815088385096E-018   1.8063921312389785E-005   7.6952943258027792E-019  -1.6322166908055992E-020  -1.0009905134663809E-019   2.1986515053592474E-019  -1.1020145489611473E-018  -2.9496978012838558E-019  -6.0828694361417317E-018  -4.1322965552869948E-019  -5.1821962938364917E-006  -4.9260259838754659E-019   1.3032872075039731E-019   4.3115892552736847E-019  -2.3475728547272529E-019   2.9505326713922315E-020   1.6895539950878457E-020   5.5792836915883961E-019   5.8853183765081363E-018   1.1294675029305577E-016   8.6463576507517049E-017   1.0042422622646996E-017  -1.0137290312739460E-017  -4.2515448383069372E-003  -1.6787795967880285E-019   1.0595191030044514E-019  -2.6805939108343533E-007  -1.7470054537137467E-020   7.6952943258027792E-019   1.8063921312387014E-005  -3.6837291982639754E-021   1.7194338110308449E-019  -1.5770873062049573E-019   3.3788716014852677E-019  -2.0923628241182125E-019   6.0343645589557661E-020   3.5178337090554212E-020  -4.7968534594192111E-019  -5.1821962938347782E-006   1.6495244720993139E-020   1.1756923909995260E-022   1.7231751579352466E-019   4.9399935849797932E-020   1.7836453107324283E-019  -2.3646778278412588E-017   4.8467366573074626E-017  -7.8876899902953089E-017  -6.0761886250622577E-017   7.5623611174001146E-018   3.8416035626259041E-018   8.6700664754101669E-019   4.7680595953678741E-022   2.4221264309792163E-022   5.4664664897421947E-023  -3.2130884503373120E-020  -1.6322166908055992E-020  -3.6837291982639754E-021   2.0151441371089476E-032  -3.2401162226218546E-032  -1.7282855929753524E-032  -2.7797892881356847E-031   2.1376408457341621E-032  -5.8268897632036293E-020   9.2177411378640823E-021   4.6825200019472557E-021   1.0567920147866717E-021   8.2882062635965337E-031   4.9839086526845734E-032   2.2324537052925675E-032  -1.1282518196836306E-031  -1.2156824723084241E-032   1.2815362954523024E-017  -2.4943352000966892E-018   1.4513190777931563E-016   1.1024553767922378E-016  -9.9916879908434954E-017   2.3559425315859046E-017  -4.0468787577611418E-017  -6.2997472696465525E-021   1.4854189343921009E-021  -2.5515521929741012E-021   4.2452584297894546E-019  -1.0009905134663809E-019   1.7194338110308449E-019  -3.2401162226218546E-032   6.9248691849578532E-032   3.8210513514364003E-032   5.2323243782729315E-031  -3.8007749262962440E-032   5.3175187197855539E-019  -1.2178840973012609E-019   2.8716518630330205E-020  -4.9327293719476722E-020  -1.5268252565524817E-030  -1.0449531609284473E-031  -3.6595024598248728E-032   2.0720726362111700E-031   2.2109214256852260E-032   9.3183202867249284E-018   3.6287062245079154E-017   8.4384214334938064E-017   6.3416248140051085E-017  -8.1151862537503749E-017  -5.1747709133589250E-017   3.7118504228969882E-017  -5.1166151796900889E-021  -3.2626868417528656E-021   2.3403172305811813E-021   3.4479722429898565E-019   2.1986515053592474E-019  -1.5770873062049573E-019  -1.7282855929753524E-032   3.8210513514364003E-032   3.0926918685547495E-032   2.8079131307376724E-031  -2.2880231752978311E-032   4.9593511636780421E-019  -9.8915781739141509E-020  -6.3075140139705367E-020   4.5243642573140156E-020  -8.8719511210212056E-031  -5.6895714107328247E-032  -2.7092781733092000E-032   1.1997212479966667E-031   9.9186697796342921E-033  -2.1503487580241211E-016   1.0001869385567096E-016   1.3452191276476006E-015   1.0197825936141251E-015   9.9275931197790857E-017   2.5937138378415394E-016  -7.9525502066532646E-017   6.2593355311898785E-021   1.6353334572170698E-020  -5.0140733470337293E-021  -4.2180258648889660E-019  -1.1020145489611473E-018   3.3788716014852677E-019  -2.7797892881356847E-031   5.2323243782729315E-031   2.8079131307376724E-031   5.0164869230123824E-030  -3.1116407029506281E-031   5.4948933518400475E-018   1.2100715911073307E-019   3.1614706533592336E-019  -9.6933415440306407E-020  -1.4221357718691822E-029  -8.4962233621735380E-031  -3.5643250841245217E-031   1.9171408305448197E-030   1.9979436956444852E-031   1.4807204600610173E-019   2.7820628424679555E-017  -9.0351011344057211E-017  -6.9111890830752607E-017   1.9486285485600834E-017   6.9424419231838751E-017   4.9246086776539480E-017   1.2286079578562197E-021   4.3772012890131849E-021   3.1049598525882708E-021  -8.2793135453011907E-020  -2.9496978012838558E-019  -2.0923628241182125E-019   2.1376408457341621E-032  -3.8007749262962440E-032  -2.2880231752978311E-032  -3.1116407029506281E-031   3.0703727524678323E-032  -2.0017327369059227E-019   2.3751779709494598E-020   8.4621233393400935E-020   6.0025919538674994E-020   9.4851521399546048E-031   5.1411676532218271E-032   2.6843137345939490E-032  -1.3006254085071788E-031  -1.5792087708226391E-032   1.3705777189908542E-004   5.0616157909832652E-003   1.4834084412351392E-003   1.0347454635796537E-003   8.2975352171393080E-017   5.0957072274795681E-016   9.2452489422222310E-017   1.7853682071563628E-018  -2.5555080809263097E-018   5.3873607336842673E-019  -1.7193931822097332E-018  -6.0828694361417317E-018   6.0343645589557661E-020  -5.8268897632036293E-020   5.3175187197855539E-019   4.9593511636780421E-019   5.4948933518400475E-018  -2.0017327369059227E-019   3.0579371043824388E-005  -1.4209128654633651E-018   1.2553123612377768E-018   4.7730621053045918E-020  -1.5998470749325430E-017  -9.3665002012625540E-019  -4.0941377361699606E-019   2.0848661900581567E-018   1.5717005129181534E-019   1.1361784835128191E-017  -5.8256901943706210E-017  -3.3063039554609738E-016  -2.5007796884567984E-016   1.2196875486301861E-003   1.6489020977610011E-016  -5.5938055836674141E-018   7.6901153352970627E-008  -2.9388103821984826E-019  -1.2388684034327080E-020  -5.1821962938362478E-006  -4.1322965552869948E-019   3.5178337090554212E-020   9.2177411378640823E-021  -1.2178840973012609E-019  -9.8915781739141509E-020   1.2100715911073307E-019   2.3751779709494598E-020  -1.4209128654633651E-018   1.4866737937701954E-006   1.1397059915869401E-019  -3.7606939369097940E-020  -6.8842634738582474E-020   1.4101522345058466E-019  -1.2384751686328437E-020   1.3093999946603729E-021   1.0453515866377239E-020   9.0508127735622922E-019   5.4228299476333380E-017   9.8069132660280234E-017   7.2672825281455515E-017  -7.1816535465903096E-017   1.2196875486300918E-003   1.1020915083315153E-016  -2.2570227889327171E-019   7.6901153353406968E-008   1.4002513409333300E-020   5.4866724594518303E-019  -5.1821962938364917E-006  -4.7968534594192111E-019   4.6825200019472557E-021   2.8716518630330205E-020  -6.3075140139705367E-020   3.1614706533592336E-019   8.4621233393400935E-020   1.2553123612377768E-018   1.1397059915869401E-019   1.4866737937699663E-006   2.1562282463541900E-019  -3.7388837226782823E-020  -1.2369131526211691E-019   6.7347411101382369E-020  -8.4645184234768537E-021  -4.8470098491946523E-021  -6.8056585247756280E-020  -2.1406177678768694E-018  -1.4405405725127604E-017  -1.1130650447268680E-017  -2.5461810394464268E-017   6.6895274042355624E-017   1.2196875486297821E-003   4.6737358970463592E-020  -2.6362246122033392E-020   7.6901153352988216E-008   1.0095573940087416E-019  -4.9260259838754659E-019  -5.1821962938347782E-006   1.0567920147866717E-021  -4.9327293719476722E-020   4.5243642573140156E-020  -9.6933415440306407E-020   6.0025919538674994E-020   4.7730621053045918E-020  -3.7606939369097940E-020   2.1562282463541900E-019   1.4866737937692112E-006  -4.7321727427950316E-021  -3.3728384051459898E-023  -4.9434625863637638E-020  -1.4171904319606166E-020  -5.1169399816055507E-020  -2.0201318381025756E-017  -2.7669656999337082E-016  -3.9137966707793524E-015  -2.9669322046269330E-015  -5.6479440723079974E-017  -3.0674314306948249E-017  -3.8823393515972183E-018  -3.5610219516682564E-021  -1.9340118219285021E-021  -2.4478103094464608E-022   2.3996928452910537E-019   1.3032872075039731E-019   1.6495244720993139E-020   8.2882062635965337E-031  -1.5268252565524817E-030  -8.8719511210212056E-031  -1.4221357718691822E-029   9.4851521399546048E-031  -1.5998470749325430E-017  -6.8842634738582474E-020  -3.7388837226782823E-020  -4.7321727427950316E-021   4.1338937158754200E-029   2.4346458149085795E-030   1.0895298565588599E-030  -5.5800413903323164E-030  -5.7223818115286050E-031  -1.5762182938658424E-017  -1.4519102081584726E-017  -2.3086349909624257E-016  -1.7503669962984362E-016   1.1569082130221309E-016  -1.0147804967775061E-016  -2.7671228372084545E-020   7.2942923786978758E-021  -6.3981788356044200E-021  -1.7446677090219098E-024  -4.9154600787431675E-019   4.3115892552736847E-019   1.1756923909995260E-022   4.9839086526845734E-032  -1.0449531609284473E-031  -5.6895714107328247E-032  -8.4962233621735380E-031   5.1411676532218271E-032  -9.3665002012625540E-019   1.4101522345058466E-019  -1.2369131526211691E-019  -3.3728384051459898E-023   2.4346458149085795E-030   1.6768759646797348E-031   5.7670752696614152E-032  -3.2834790847114840E-031  -3.2363332356250096E-032  -8.8884175744405523E-018  -4.5089129901977205E-018  -1.0327316282243484E-016  -7.8335031549272000E-017  -1.0160619961227369E-017   5.5252738762929897E-017  -4.0556844339196316E-017  -6.4062586746720864E-022   3.4836785387003607E-021  -2.5571041613001413E-021   4.3170340769093063E-020  -2.3475728547272529E-019   1.7231751579352466E-019   2.2324537052925675E-032  -3.6595024598248728E-032  -2.7092781733092000E-032  -3.5643250841245217E-031   2.6843137345939490E-032  -4.0941377361699606E-019  -1.2384751686328437E-020   6.7347411101382369E-020  -4.9434625863637638E-020   1.0895298565588599E-030   5.7670752696614152E-032   3.3644738035243620E-032  -1.4718768851483760E-031  -1.3730090919784846E-032   3.2862780291206200E-018   2.2103851095308935E-017   5.2846338320752914E-016   4.0088820744256429E-016   1.0742496954826381E-018  -6.9444068831353208E-018  -1.1626824466412695E-017   6.7731314468178334E-023  -4.3784402052409642E-022  -7.3306988504521712E-022  -4.5642613937786292E-021   2.9505326713922315E-020   4.9399935849797932E-020  -1.1282518196836306E-031   2.0720726362111700E-031   1.1997212479966667E-031   1.9171408305448197E-030  -1.3006254085071788E-031   2.0848661900581567E-018   1.3093999946603729E-021  -8.4645184234768537E-021  -1.4171904319606166E-020  -5.5800413903323164E-030  -3.2834790847114840E-031  -1.4718768851483760E-031   7.5375350448537764E-031   7.7947814825873310E-032  -5.2907424074770013E-020  -9.2210495264436223E-018   5.4246403964209084E-017   4.1359060543368167E-017   8.5762076355387828E-018  -3.9765532868976293E-018  -4.1980076657076896E-017   5.4072886071416596E-022  -2.5072120693922895E-022  -2.6468387878344932E-021  -3.6438505479522849E-020   1.6895539950878457E-020   1.7836453107324283E-019  -1.2156824723084241E-032   2.2109214256852260E-032   9.9186697796342921E-033   1.9979436956444852E-031  -1.5792087708226391E-032   1.5717005129181534E-019   1.0453515866377239E-020  -4.8470098491946523E-021  -5.1169399816055507E-020  -5.7223818115286050E-031  -3.2363332356250096E-032  -1.3730090919784846E-032   7.7947814825873310E-032   9.9362244275253962E-033
