   1.0012787267251164        7.5985677243628150E-003   4.1946560242271504E-003   3.1590953391892267E-049  -7.7877499969538918E-052   1.4501428446225067E-035   8.7508008261356641E-051  -5.4441289835390904E-053   3.6287787661867620E-036   1.4440335916944887E-019   5.3210131883333290E-020  -8.7139882627412399E-019   1.3355535747484012E-019   2.4140626656176350E-018   1.4925146944462775E-003  -2.0904074090306169E-050  -2.8918885549223904E-052  -4.9169058519743810E-037  -4.6324219074323502E-022  -2.1641085186543783E-018   5.9985533811073515E-019   7.8445221806207725E-020  -4.9742345705961920E-019   7.5985677243628150E-003  0.28281286056565913       0.28649735214588051        6.6737952199477480E-048  -1.5775365171749108E-050   3.5031442250996983E-034   8.5089503248843396E-049  -3.5152581709668652E-051   1.3874872852648017E-034   2.5497924613339930E-018   1.2308630598536553E-018   1.1917973978351105E-017   2.5012144312537843E-018  -3.3409570531720779E-017   3.9210578482787740E-003  -8.7060539952980804E-049  -8.6566512216022343E-051  -2.3541277966251487E-035   7.4502119828454810E-019  -7.1015889266911357E-017  -3.3339104457716248E-017   3.1591961725234163E-018   2.5424605372363747E-017   4.1946560242271504E-003  0.28649735214588051       0.29024210253498683        6.7602635766662350E-048  -1.5979645008418369E-050   3.5486051778934750E-034   8.6202988602350133E-049  -3.5611950114989152E-051   1.4055669648500140E-034   2.5827456372309216E-018   1.2468282972177300E-018   1.2077411194194079E-017   2.5335681233110554E-018  -3.3856419222137986E-017   3.9672875774449390E-003  -8.8195636710219107E-049  -8.7692321824837039E-051  -2.3848466927803516E-035   7.5479901300899091E-019  -7.1940189675409308E-017  -3.3778680313728146E-017   3.2003767620124966E-018   2.5759968475235218E-017   3.1590953391892267E-049   6.6737952199477480E-048   6.7602635766662350E-048   1.5750632408089216E-094  -3.7231423357046155E-097   8.2673861089872171E-081   2.0077427320737042E-095  -8.2947321688920870E-098   3.2741678546786052E-081   6.0180154366589419E-065   2.9048555936342654E-065   2.8107679684170118E-064   5.9032511764478007E-065  -7.8794447756069824E-064   9.2718090950160034E-050  -2.0544137065535537E-095  -2.0428668549198155E-097  -5.5550597671411577E-082   1.7578155939075594E-065  -1.6758622047539438E-063  -7.8652943628542773E-064   7.4549579968540822E-065   5.9980671419962360E-064  -7.7877499969538918E-052  -1.5775365171749108E-050  -1.5979645008418369E-050  -3.7231423357046155E-097   8.8007926524414475E-100  -1.9542421887574847E-083  -4.7458113956290568E-098   1.9606770998450869E-100  -7.7394002474948699E-084  -1.4225490726343499E-067  -6.8664959538441590E-068  -6.6436479946929160E-067  -1.3954183043535850E-067   1.8624192363694876E-066  -2.1920930254101705E-052   4.8561683791815524E-098   4.8289002670629695E-100   1.3130878721975540E-084  -4.1550189347706877E-068   3.9613731128162276E-066   1.8591325107875080E-066  -1.7621839361703962E-067  -1.4177716749301672E-066   1.4501428446225067E-035   3.5031442250996983E-034   3.5486051778934750E-034   8.2673861089872171E-081  -1.9542421887574847E-083   4.3395307931550035E-067   1.0539142854744586E-081  -4.3540739789705884E-084   1.7186466743776446E-067   3.1587608563322458E-051   1.5247469187838209E-051   1.4756489215365216E-050   3.0985397448316454E-051  -4.1366905854846395E-050   4.8639850364779651E-036  -1.0783882004684649E-081  -1.0723102017029663E-083  -2.9159376717220537E-068   9.2273818291343339E-052  -8.7967210360382658E-050  -4.1288853642182651E-050   3.9131980343408903E-051   3.1486929620003314E-050   8.7508008261356641E-051   8.5089503248843396E-049   8.6202988602350133E-049   2.0077427320737042E-095  -4.7458113956290568E-098   1.0539142854744586E-081   2.5602746898501514E-096  -1.0576871193998106E-098   4.1745272362469944E-082   7.6704545139085999E-066   3.7029963058589757E-066   3.5874235483644914E-065   7.5244329986879610E-066  -1.0056558082078534E-064   1.1777677868431360E-050  -2.6194131461154628E-096  -2.6044345580236197E-098  -7.0830293159896837E-083   2.2418233723246816E-066  -2.1366088687827972E-064  -1.0032797123678785E-064   9.5051193196717399E-066   7.6511289116452651E-065  -5.4441289835390904E-053  -3.5152581709668652E-051  -3.5611950114989152E-051  -8.2947321688920870E-098   1.9606770998450869E-100  -4.3540739789705884E-084  -1.0576871193998106E-098   4.3694944196763534E-101  -1.7245988061053277E-084  -3.1689934408594317E-068  -1.5298363028259102E-068  -1.4818358327420547E-067  -3.1086509008803804E-068   4.1540082279743639E-067  -4.8681848350314202E-053   1.0821399171342049E-098   1.0759667768404201E-100   2.9261491515903913E-085  -9.2611535422460012E-069   8.8269073209086979E-067   4.1445237877653126E-067  -3.9267885030978136E-068  -3.1606552128445661E-067   3.6287787661867620E-036   1.3874872852648017E-034   1.4055669648500140E-034   3.2741678546786052E-081  -7.7394002474948699E-084   1.7186466743776446E-067   4.1745272362469944E-082  -1.7245988061053277E-084   6.8070498645611922E-068   1.2509273323298552E-051   6.0386264038001712E-052   5.8471071412727385E-051   1.2270957684763681E-051  -1.6391150451437998E-050   1.9235439098338334E-036  -4.2712153055467369E-082  -4.2469701102347889E-084  -1.1549426434815618E-068   3.6551137438659806E-052  -3.4840555526295826E-050  -1.6356399831856816E-050   1.5499105358820921E-051   1.2473494705850542E-050   1.4440335916944887E-019   2.5497924613339930E-018   2.5827456372309216E-018   6.0180154366589419E-065  -1.4225490726343499E-067   3.1587608563322458E-051   7.6704545139085999E-066  -3.1689934408594317E-068   1.2509273323298552E-051   2.2994247476438335E-035   1.1098778048275370E-035   1.0736007719036104E-034   2.2555552767999155E-035  -3.0096390803173929E-034   3.5456755226886336E-020  -7.8490410625743805E-066  -7.8051180674910802E-068  -2.1223346690822273E-052   6.7154312062544786E-036  -6.4028654535519830E-034  -3.0046628470288429E-034   2.8482285361400605E-035   2.2913439975660647E-034   5.3210131883333290E-020   1.2308630598536553E-018   1.2468282972177300E-018   2.9048555936342654E-065  -6.8664959538441590E-068   1.5247469187838209E-051   3.7029963058589757E-066  -1.5298363028259102E-068   6.0386264038001712E-052   1.1098778048275370E-035   5.3573888218641889E-036   5.1845641359831413E-035   1.0887163917914402E-035  -1.4533909050050646E-034   1.7093203120181917E-020  -3.7890139531005169E-066  -3.7676767033210529E-068  -1.0245392732838606E-052   3.2420822199702859E-036  -3.0908174224394399E-034  -1.4506894294637195E-034   1.3749379162843776E-035   1.1062966080644087E-034  -8.7139882627412399E-019   1.1917973978351105E-017   1.2077411194194079E-017   2.8107679684170118E-064  -6.6436479946929160E-067   1.4756489215365216E-050   3.5874235483644914E-065  -1.4818358327420547E-067   5.8471071412727385E-051   1.0736007719036104E-034   5.1845641359831413E-035   5.0365194632787305E-034   1.0532431687062532E-034  -1.4118496797997491E-033   1.6358552254132064E-019  -3.6691011044708310E-065  -3.6473125296343566E-067  -9.9221704715141574E-052   3.1420203988963956E-035  -2.9923650449594971E-033  -1.4067184209233332E-033   1.3313886843525844E-034   1.0728196662279192E-033   1.3355535747484012E-019   2.5012144312537843E-018   2.5335681233110554E-018   5.9032511764478007E-065  -1.3954183043535850E-067   3.0985397448316454E-051   7.5244329986879610E-066  -3.1086509008803804E-068   1.2270957684763681E-051   2.2555552767999155E-035   1.0887163917914402E-035   1.0532431687062532E-034   2.2125293149117368E-035  -2.9525680199638782E-034   3.4770022065998586E-020  -7.6995231450874192E-066  -7.6563710615398347E-068  -2.0819118507635771E-052   6.5876560815614742E-036  -6.2808588964833891E-034  -2.9475397033213453E-034   2.7939699792102973E-035   2.2477853482840565E-034   2.4140626656176350E-018  -3.3409570531720779E-017  -3.3856419222137986E-017  -7.8794447756069824E-064   1.8624192363694876E-066  -4.1366905854846395E-050  -1.0056558082078534E-064   4.1540082279743639E-067  -1.6391150451437998E-050  -3.0096390803173929E-034  -1.4533909050050646E-034  -1.4118496797997491E-033  -2.9525680199638782E-034   3.9577330074831347E-033  -4.5861791726467924E-019   1.0285557537617447E-064   1.0224501160248323E-066   2.7814708546924658E-051  -8.8079443687215116E-035   8.3884827044688740E-033   3.9434006950248912E-033  -3.7322704537775452E-034  -3.0073937635775827E-033   1.4925146944462775E-003   3.9210578482787740E-003   3.9672875774449390E-003   9.2718090950160034E-050  -2.1920930254101705E-052   4.8639850364779651E-036   1.1777677868431360E-050  -4.8681848350314202E-053   1.9235439098338334E-036   3.5456755226886336E-020   1.7093203120181917E-020   1.6358552254132064E-019   3.4770022065998586E-020  -4.5861791726467924E-019   5.6285651406724962E-005  -1.2067058851371364E-050  -1.2009854248096120E-052  -3.2619284002026750E-037   1.0300964509654117E-020  -9.8495435526636047E-019  -4.6015746652369892E-019   4.3791745981324803E-020   3.5086351838256972E-019  -2.0904074090306169E-050  -8.7060539952980804E-049  -8.8195636710219107E-049  -2.0544137065535537E-095   4.8561683791815524E-098  -1.0783882004684649E-081  -2.6194131461154628E-096   1.0821399171342049E-098  -4.2712153055467369E-082  -7.8490410625743805E-066  -3.7890139531005169E-066  -3.6691011044708310E-065  -7.6995231450874192E-066   1.0285557537617447E-064  -1.2067058851371364E-050   2.6800602625634017E-096   2.6648319696093777E-098   7.2469344609236972E-083  -2.2935090977557181E-066   2.1861324339314295E-064   1.0263414187389396E-064  -9.7252216976384892E-066  -7.8269524875593518E-065  -2.8918885549223904E-052  -8.6566512216022343E-051  -8.7692321824837039E-051  -2.0428668549198155E-097   4.8289002670629695E-100  -1.0723102017029663E-083  -2.6044345580236197E-098   1.0759667768404201E-100  -4.2469701102347889E-084  -7.8051180674910802E-068  -3.7676767033210529E-068  -3.6473125296343566E-067  -7.6563710615398347E-068   1.0224501160248323E-066  -1.2009854248096120E-052   2.6648319696093777E-098   2.6497562864574137E-100   7.2056971004055001E-085  -2.2803281124811553E-068   2.1737479621369016E-066   1.0203958990713483E-066  -9.6699833384735295E-068  -7.7815790593472581E-067  -4.9169058519743810E-037  -2.3541277966251487E-035  -2.3848466927803516E-035  -5.5550597671411577E-082   1.3130878721975540E-084  -2.9159376717220537E-068  -7.0830293159896837E-083   2.9261491515903913E-085  -1.1549426434815618E-068  -2.1223346690822273E-052  -1.0245392732838606E-052  -9.9221704715141574E-052  -2.0819118507635771E-052   2.7814708546924658E-051  -3.2619284002026750E-037   7.2469344609236972E-083   7.2056971004055001E-085   1.9595904118782023E-069  -6.2018275298835686E-053   5.9113103958687116E-051   2.7753498196902522E-051  -2.6297167359695133E-052  -2.1165044029915112E-051  -4.6324219074323502E-022   7.4502119828454810E-019   7.5479901300899091E-019   1.7578155939075594E-065  -4.1550189347706877E-068   9.2273818291343339E-052   2.2418233723246816E-066  -9.2611535422460012E-069   3.6551137438659806E-052   6.7154312062544786E-036   3.2420822199702859E-036   3.1420203988963956E-035   6.5876560815614742E-036  -8.8079443687215116E-035   1.0300964509654117E-020  -2.2935090977557181E-066  -2.2803281124811553E-068  -6.2018275298835686E-053   1.9630475140146503E-036  -1.8707374638353332E-034  -8.7856658653359002E-035   8.3224834562701551E-036   6.7000844026049195E-035  -2.1641085186543783E-018  -7.1015889266911357E-017  -7.1940189675409308E-017  -1.6758622047539438E-063   3.9613731128162276E-066  -8.7967210360382658E-050  -2.1366088687827972E-064   8.8269073209086979E-067  -3.4840555526295826E-050  -6.4028654535519830E-034  -3.0908174224394399E-034  -2.9923650449594971E-033  -6.2808588964833891E-034   8.3884827044688740E-033  -9.8495435526636047E-019   2.1861324339314295E-064   2.1737479621369016E-066   5.9113103958687116E-051  -1.8707374638353332E-034   1.7832552035709171E-032   8.3712528215273084E-033  -7.9329016212308951E-034  -6.3839584794794448E-033   5.9985533811073515E-019  -3.3339104457716248E-017  -3.3778680313728146E-017  -7.8652943628542773E-064   1.8591325107875080E-066  -4.1288853642182651E-050  -1.0032797123678785E-064   4.1445237877653126E-067  -1.6356399831856816E-050  -3.0046628470288429E-034  -1.4506894294637195E-034  -1.4067184209233332E-033  -2.9475397033213453E-034   3.9434006950248912E-033  -4.6015746652369892E-019   1.0263414187389396E-064   1.0203958990713483E-066   2.7753498196902522E-051  -8.7856658653359002E-035   8.3712528215273084E-033   3.9323806210162560E-033  -3.7242822033869841E-034  -2.9989172758002706E-033   7.8445221806207725E-020   3.1591961725234163E-018   3.2003767620124966E-018   7.4549579968540822E-065  -1.7621839361703962E-067   3.9131980343408903E-051   9.5051193196717399E-066  -3.9267885030978136E-068   1.5499105358820921E-051   2.8482285361400605E-035   1.3749379162843776E-035   1.3313886843525844E-034   2.7939699792102973E-035  -3.7322704537775452E-034   4.3791745981324803E-020  -9.7252216976384892E-066  -9.6699833384735295E-068  -2.6297167359695133E-052   8.3224834562701551E-036  -7.9329016212308951E-034  -3.7242822033869841E-034   3.5290234457210698E-035   2.8401630014429479E-034  -4.9742345705961920E-019   2.5424605372363747E-017   2.5759968475235218E-017   5.9980671419962360E-064  -1.4177716749301672E-066   3.1486929620003314E-050   7.6511289116452651E-065  -3.1606552128445661E-067   1.2473494705850542E-050   2.2913439975660647E-034   1.1062966080644087E-034   1.0728196662279192E-033   2.2477853482840565E-034  -3.0073937635775827E-033   3.5086351838256972E-019  -7.8269524875593518E-065  -7.7815790593472581E-067  -2.1165044029915112E-051   6.7000844026049195E-035  -6.3839584794794448E-033  -2.9989172758002706E-033   2.8401630014429479E-034   2.2870398280179277E-033
