   1.0022058083214396        2.0844482075480448E-003  -4.7544896619692197E-003  -4.3036159338969219E-018   6.0510570627457224E-018  -4.2315780213996622E-020   3.5429522622845682E-018  -4.9384377937012135E-018   3.4518103837334856E-020   9.4275148803629872E-019  -1.4661540181975908E-018   8.0375086622610572E-018  -3.3941807561475805E-018  -8.2731822342443105E-019   1.8674033461127451E-003  -7.6553004225659807E-019   1.0685899233915128E-018  -7.4697213394422822E-021  -1.2526610747930702E-016   8.0133092300086824E-019  -4.5997890186522571E-018   2.7741230647557915E-016   1.7082944892019881E-018   2.0844482075480448E-003  0.24327601276466596       0.27896382859340335        1.4964646092032504E-016  -2.0339079342565172E-016   1.4195940948758309E-018  -3.2107370447554298E-017   4.4842601179042256E-017  -3.1349479461832627E-019   1.0258819356452240E-018   2.4223156278688952E-017   2.7674581356931457E-017  -1.2076473550594936E-017  -2.1060250153830386E-017   7.2294132410697601E-003   8.1894270071621464E-018  -1.1099261441327239E-017   7.7458184538984117E-020  -1.2758367373342280E-018  -3.1605079566188146E-017   9.0386779701647593E-018   2.4327368328240505E-016   5.6058141044198819E-017  -4.7544896619692197E-003  0.27896382859340335       0.31993786885473185        1.7163894187507340E-016  -2.3328313733470499E-016   1.6282324137005838E-018  -3.6844638762076038E-017   5.1458813764306264E-017  -3.5974871527317539E-019   1.1697172214439666E-018   2.7788548152102223E-017   3.1678744350574865E-017  -1.3824593889062664E-017  -2.4145110132220265E-017   8.2770737819509478E-003   9.3967476521687751E-018  -1.2735783820336188E-017   8.8879037387878085E-020  -5.7003853797745642E-019  -3.6249087375102557E-017   1.0397967799442778E-017   2.7699831145155467E-016   6.4272937315040402E-017  -4.3036159338969219E-018   1.4964646092032504E-016   1.7163894187507340E-016   9.2083214442106051E-032  -1.2515529117090136E-031   8.7353907122307871E-034  -1.9771498716416566E-032   2.7613711864747766E-032  -1.9304752777775614E-034   6.2584556841516678E-034   1.4909727407028424E-032   1.6979998694215824E-032  -7.4102643273023648E-033  -1.2951193818236614E-032   4.4369685948103321E-018   5.0422230459879017E-033  -6.8339786501886091E-033   4.7692213376835747E-035  -8.6680092372119546E-035  -1.9447219580214285E-032   5.5860343873232630E-033   1.4811045267721166E-031   3.4476220116771024E-032   6.0510570627457224E-018  -2.0339079342565172E-016  -2.3328313733470499E-016  -1.2515529117090136E-031   1.7010538505446320E-031  -1.1872746308700719E-033   2.6873043658936152E-032  -3.7532028105421946E-032   2.6238649977339795E-034  -8.5042491949245737E-034  -2.0264774119193260E-032  -2.3076658823730482E-032   1.0070938919408788E-032   1.7602381475017868E-032  -6.0301068621846968E-018  -6.8532655266627364E-033   9.2885819155331409E-033  -6.4822129300525554E-035   9.2585269760362584E-035   2.6431749253121742E-032  -7.5931560238495118E-033  -2.0124769147372784E-031  -4.6857832204560553E-032  -4.2315780213996622E-020   1.4195940948758309E-018   1.6282324137005838E-018   8.7353907122307871E-034  -1.1872746308700719E-033   8.2867514734229396E-036  -1.8756442546024722E-034   2.6196040001495007E-034  -1.8313657931341656E-036   5.9355819800787985E-036   1.4144092219686302E-034   1.6106608798373275E-034  -7.0291239284818912E-035  -1.2285819660423702E-034   4.2087815540829410E-020   4.7833380000899578E-035  -6.4831033325269338E-035   4.5243565406026320E-037  -6.3601404274038365E-037  -1.8448412673168135E-034   5.2997860531148921E-035   1.4046136034737779E-033   3.2705060264465804E-034   3.5429522622845682E-018  -3.2107370447554298E-017  -3.6844638762076038E-017  -1.9771498716416566E-032   2.6873043658936152E-032  -1.8756442546024722E-034   4.2520503837699055E-033  -5.9385679066074262E-033   4.1516525828000261E-035  -1.3183693183550159E-034  -3.2033288231213676E-033  -3.6227514642045406E-033   1.5813064917517968E-033   2.7770503094385507E-033  -9.4725378602341663E-019  -1.0840177004944379E-033   1.4693048422813354E-033  -1.0253854231793426E-035  -3.0880332419629477E-034   4.1752972341704938E-033  -1.2107363294514509E-033  -3.1058140722889387E-032  -7.3938296546726702E-033  -4.9384377937012135E-018   4.4842601179042256E-017   5.1458813764306264E-017   2.7613711864747766E-032  -3.7532028105421946E-032   2.6196040001495007E-034  -5.9385679066074262E-033   8.2940195917796175E-033  -5.7983487668027936E-035   1.8413854437768940E-034   4.4738970799126744E-033   5.0597743799652596E-033  -2.2085561504240093E-033  -3.8785600012356183E-033   1.3229950172368755E-018   1.5139798156382586E-033  -2.0520859988680463E-033   1.4320915524511710E-035   4.3006269031840417E-034  -5.8313978735214755E-033   1.6909231665048922E-033   4.3379894455195601E-032   1.0326567877313597E-032   3.4518103837334856E-020  -3.1349479461832627E-019  -3.5974871527317539E-019  -1.9304752777775614E-034   2.6238649977339795E-034  -1.8313657931341656E-036   4.1516525828000261E-035  -5.7983487668027936E-035   4.0536253927259198E-037  -1.2873193495920733E-036  -3.1277020512768419E-035  -3.5372952699187583E-035   1.5440045862097656E-035   2.7115031870075914E-035  -9.2490749445839683E-021  -1.0584233175007974E-035   1.4346133401006407E-035  -1.0011752162797352E-037  -3.0057533312245296E-036   4.0767317622214247E-035  -1.1821219767046167E-035  -3.0327080129481647E-034  -7.2193083132470115E-035   9.4275148803629872E-019   1.0258819356452240E-018   1.1697172214439666E-018   6.2584556841516678E-034  -8.5042491949245737E-034   5.9355819800787985E-036  -1.3183693183550159E-034   1.8413854437768940E-034  -1.2873193495920733E-036   5.1964689623862053E-036   1.0058799227303462E-034   1.2397158475483164E-034  -5.3992526576698805E-035  -8.9412780253385035E-035   3.2168597754010546E-020   3.3755568991972055E-035  -4.5720522017719122E-035   3.1905732165933603E-037  -1.2210824976037069E-034  -1.3227778737956967E-034   3.3756801521861388E-035   1.2824563523270143E-033   2.3753856004360657E-034  -1.4661540181975908E-018   2.4223156278688952E-017   2.7788548152102223E-017   1.4909727407028424E-032  -2.0264774119193260E-032   1.4144092219686302E-034  -3.2033288231213676E-033   4.4738970799126744E-033  -3.1277020512768419E-035   1.0058799227303462E-034   2.4147111383201814E-033   2.7425496521048189E-033  -1.1969669527054020E-033  -2.0959029748470577E-033   7.1682233238180189E-019   8.1682241649381237E-034  -1.1071043520881531E-033   7.7261467396044993E-036   8.2146477182178156E-035  -3.1487295500504706E-033   9.0779846256019766E-034   2.3763113022443771E-032   5.5796960433401562E-033   8.0375086622610572E-018   2.7674581356931457E-017   3.1678744350574865E-017   1.6979998694215824E-032  -2.3076658823730482E-032   1.6106608798373275E-034  -3.6227514642045406E-033   5.0597743799652596E-033  -3.5372952699187583E-035   1.2397158475483164E-034   2.7425496521048189E-033   3.2089169261764679E-033  -1.3994076596217536E-033  -2.4008057694815106E-033   8.3645579421203547E-019   9.2510791333244250E-034  -1.2535718446190720E-033   8.7481793907789315E-036  -1.1200422653254529E-033  -3.5869843954087958E-033   9.9181692403653985E-034   2.9817291395539851E-032   6.3866171689340432E-033  -3.3941807561475805E-018  -1.2076473550594936E-017  -1.3824593889062664E-017  -7.4102643273023648E-033   1.0070938919408788E-032  -7.0291239284818912E-035   1.5813064917517968E-033  -2.2085561504240093E-033   1.5440045862097656E-035  -5.3992526576698805E-035  -1.1969669527054020E-033  -1.3994076596217536E-033   6.1029377915446017E-034   1.0475766655023407E-033  -3.6480383845040488E-019  -4.0378761250463673E-034   5.4715784205845351E-034  -3.8183983969909756E-036   4.7461203518806510E-034   1.5653885580907025E-033  -4.3333154286750883E-034  -1.2980403170500560E-032  -2.7868163359948384E-033  -8.2731822342443105E-019  -2.1060250153830386E-017  -2.4145110132220265E-017  -1.2951193818236614E-032   1.7602381475017868E-032  -1.2285819660423702E-034   2.7770503094385507E-033  -3.8785600012356183E-033   2.7115031870075914E-035  -8.9412780253385035E-035  -2.0959029748470577E-033  -2.4008057694815106E-033   1.0475766655023407E-033   1.8235900264588279E-033  -6.2701106593753141E-019  -7.0841409526211231E-034   9.6010491233612914E-034  -6.7002561578739697E-036   1.9129516197962874E-034   2.7353396819391237E-033  -7.7945366795289057E-034  -2.1237760698712172E-032  -4.8537103258500217E-033   1.8674033461127451E-003   7.2294132410697601E-003   8.2770737819509478E-003   4.4369685948103321E-018  -6.0301068621846968E-018   4.2087815540829410E-020  -9.4725378602341663E-019   1.3229950172368755E-018  -9.2490749445839683E-021   3.2168597754010546E-020   7.1682233238180189E-019   8.3645579421203547E-019  -3.6480383845040488E-019  -6.2701106593753141E-019   2.1808844729865866E-004   2.4185900092442141E-019  -3.2773942752385103E-019   2.2871660195845191E-021  -2.6356343183774186E-019  -9.3727408367216952E-019   2.6017552508746707E-019   7.7253522385715667E-018   1.6680873807163742E-018  -7.6553004225659807E-019   8.1894270071621464E-018   9.3967476521687751E-018   5.0422230459879017E-033  -6.8532655266627364E-033   4.7833380000899578E-035  -1.0840177004944379E-033   1.5139798156382586E-033  -1.0584233175007974E-035   3.3755568991972055E-035   8.1682241649381237E-034   9.2510791333244250E-034  -4.0378761250463673E-034  -7.0841409526211231E-034   2.4185900092442141E-019   2.7637844461695158E-034  -3.7460602344530659E-034   2.6142655692274056E-036   6.1498475034518389E-035  -1.0648192705365847E-033   3.0817023144533459E-034   7.9597596719204826E-033   1.8860673521338032E-033   1.0685899233915128E-018  -1.1099261441327239E-017  -1.2735783820336188E-017  -6.8339786501886091E-033   9.2885819155331409E-033  -6.4831033325269338E-035   1.4693048422813354E-033  -2.0520859988680463E-033   1.4346133401006407E-035  -4.5720522017719122E-035  -1.1071043520881531E-033  -1.2535718446190720E-033   5.4715784205845351E-034   9.6010491233612914E-034  -3.2773942752385103E-019  -3.7460602344530659E-034   5.0774559601856171E-034  -3.5434079801152639E-036  -8.7231150709518429E-035   1.4431998150002378E-033  -4.1781297846256387E-034  -1.0779458039327106E-032  -2.5561792053236632E-033  -7.4697213394422822E-021   7.7458184538984117E-020   8.8879037387878085E-020   4.7692213376835747E-035  -6.4822129300525554E-035   4.5243565406026320E-037  -1.0253854231793426E-035   1.4320915524511710E-035  -1.0011752162797352E-037   3.1905732165933603E-037   7.7261467396044993E-036   8.7481793907789315E-036  -3.8183983969909756E-036  -6.7002561578739697E-036   2.2871660195845191E-021   2.6142655692274056E-036  -3.5434079801152639E-036   2.4728407866815113E-038   6.1030487606804593E-037  -1.0071641714939474E-035   2.9158404815088720E-036   7.5222979427702939E-035   1.7838739392493463E-035  -1.2526610747930702E-016  -1.2758367373342280E-018  -5.7003853797745642E-019  -8.6680092372119546E-035   9.2585269760362584E-035  -6.3601404274038365E-037  -3.0880332419629477E-034   4.3006269031840417E-034  -3.0057533312245296E-036  -1.2210824976037069E-034   8.2146477182178156E-035  -1.1200422653254529E-033   4.7461203518806510E-034   1.9129516197962874E-034  -2.6356343183774186E-019   6.1498475034518389E-035  -8.7231150709518429E-035   6.1030487606804593E-037   1.5661298591247891E-032   3.1752908416494876E-035   5.3716639434932862E-034  -3.5686776926887494E-032  -4.4746570713060715E-034   8.0133092300086824E-019  -3.1605079566188146E-017  -3.6249087375102557E-017  -1.9447219580214285E-032   2.6431749253121742E-032  -1.8448412673168135E-034   4.1752972341704938E-033  -5.8313978735214755E-033   4.0767317622214247E-035  -1.3227778737956967E-034  -3.1487295500504706E-033  -3.5869843954087958E-033   1.5653885580907025E-033   2.7353396819391237E-033  -9.3727408367216952E-019  -1.0648192705365847E-033   1.4431998150002378E-033  -1.0071641714939474E-035   3.1752908416494876E-035   4.1071048055361610E-033  -1.1792589153195229E-033  -3.1310233837382777E-032  -7.2814512297856472E-033  -4.5997890186522571E-018   9.0386779701647593E-018   1.0397967799442778E-017   5.5860343873232630E-033  -7.5931560238495118E-033   5.2997860531148921E-035  -1.2107363294514509E-033   1.6909231665048922E-033  -1.1821219767046167E-035   3.3756801521861388E-035   9.0779846256019766E-034   9.9181692403653985E-034  -4.3333154286750883E-034  -7.7945366795289057E-034   2.6017552508746707E-019   3.0817023144533459E-034  -4.1781297846256387E-034   2.9158404815088720E-036   5.3716639434932862E-034  -1.1792589153195229E-033   3.5765184160352143E-034   7.7536297674296928E-033   2.0770534144115221E-033   2.7741230647557915E-016   2.4327368328240505E-016   2.7699831145155467E-016   1.4811045267721166E-031  -2.0124769147372784E-031   1.4046136034737779E-033  -3.1058140722889387E-032   4.3379894455195601E-032  -3.0327080129481647E-034   1.2824563523270143E-033   2.3763113022443771E-032   2.9817291395539851E-032  -1.2980403170500560E-032  -2.1237760698712172E-032   7.7253522385715667E-018   7.9597596719204826E-033  -1.0779458039327106E-032   7.5222979427702939E-035  -3.5686776926887494E-032  -3.1310233837382777E-032   7.7536297674296928E-033   3.1891129806730332E-031   5.6394961799395047E-032   1.7082944892019881E-018   5.6058141044198819E-017   6.4272937315040402E-017   3.4476220116771024E-032  -4.6857832204560553E-032   3.2705060264465804E-034  -7.3938296546726702E-033   1.0326567877313597E-032  -7.2193083132470115E-035   2.3753856004360657E-034   5.5796960433401562E-033   6.3866171689340432E-033  -2.7868163359948384E-033  -4.8537103258500217E-033   1.6680873807163742E-018   1.8860673521338032E-033  -2.5561792053236632E-033   1.7838739392493463E-035  -4.4746570713060715E-034  -7.2814512297856472E-033   2.0770534144115221E-033   5.6394961799395047E-032   1.2918993459055619E-032
