   1.0022058083214396        2.0844482075485903E-003  -4.7544896619691555E-003  -5.1706274732205663E-018   1.7120266316581843E-018   9.7960058602524058E-021   4.0912094604165547E-018  -1.3597570857074040E-018  -7.7843017640207074E-021   1.1928509048195192E-017  -1.9462202120384793E-018   8.5098333671161592E-018   4.8160982093776393E-019  -4.5863559096681044E-019   1.8674033461128867E-003  -8.6759488413939280E-019   2.8818663398505297E-019   1.6496771848133039E-021  -6.7735330541886154E-018   3.2347351948195891E-018  -8.2595697474837302E-018   5.0765360522058046E-019   9.1302258776529651E-019   2.0844482075485903E-003  0.24327601276466743       0.27896382859340302        1.9579535320348722E-016  -6.5323437575089800E-017  -3.7415288321641879E-019  -7.8108321312610838E-017   2.5733521451992958E-017   1.4714810257454024E-019  -2.6689508254813331E-017   1.2532529799562942E-017   1.7109558565985737E-017  -1.3247068797279313E-017  -2.1348567898220054E-017   7.2294132410702155E-003   2.1731309784208846E-017  -7.2105385003363498E-018  -4.1269116491274073E-020   1.5155478830891338E-017  -1.2421641259256213E-016   1.0431459169511530E-017   2.8117092347463915E-016   4.6902486096568043E-017  -4.7544896619691555E-003  0.27896382859340302       0.31993786885472919        2.2456672958631554E-016  -7.4922373168583909E-017  -4.2913261056889157E-019  -8.9600501045290238E-017   2.9519812825825993E-017   1.6879874394422503E-019  -3.0691444159956263E-017   1.4385652362265069E-017   1.9559853768909615E-017  -1.5194614215255649E-017  -2.4478369165880015E-017   8.2770737819514092E-003   2.4926736304657582E-017  -8.2707964871061949E-018  -4.7337446003090183E-020   1.7427954378732858E-017  -1.4246921294395043E-016   1.2021241661054301E-017   3.2243135788064303E-016   5.3779287288377370E-017  -5.1706274732205663E-018   1.9579535320348722E-016   2.2456672958631554E-016   1.5762838381859862E-031  -5.2589656771680406E-032  -3.0121757199191708E-034  -6.2896295731160769E-032   2.0721857588489648E-032   1.1849072486090864E-034  -2.1563537973833368E-032   1.0100564099520924E-032   1.3713103770672299E-032  -1.0665678826005625E-032  -1.7180041717355708E-032   5.8060971425959680E-018   1.7497168052595652E-032  -5.8056349078116253E-033  -3.3228230591625444E-035   1.2244727035111827E-032  -1.0000222688832099E-031   8.4525815592918204E-033   2.2630723282966298E-031   3.7744942469263071E-032   1.7120266316581843E-018  -6.5323437575089800E-017  -7.4922373168583909E-017  -5.2589656771680406E-032   1.7545520414321230E-032   1.0049540897949534E-034   2.0984104260235545E-032  -6.9134375137211327E-033  -3.9532084242574052E-035   7.1941105551354451E-033  -3.3698365128034860E-033  -4.5752281438049102E-033   3.5583954144855505E-033   5.7318014323303185E-033  -1.9371186459155251E-018  -5.8375873502065159E-033   1.9369363501623338E-033   1.1085948167093099E-035  -4.0851329737700982E-033   3.3363806407796840E-032  -2.8199361167810152E-033  -7.5503127650898736E-032  -1.2592896902954102E-032   9.7960058602524058E-021  -3.7415288321641879E-019  -4.2913261056889157E-019  -3.0121757199191708E-034   1.0049540897949534E-034   5.7560716292293472E-037   1.2019055197037476E-034  -3.9598062324070824E-035  -2.2642772599189629E-037   4.1205567407064132E-035  -1.9301383396509798E-035  -2.6205605474257275E-035   2.0381406227982442E-035   3.2830026872716048E-035  -1.1095247373016886E-020  -3.3435923379804081E-035   1.1094181806977945E-035   6.3496936516891568E-038  -2.3398336851710357E-035   1.9109774429674530E-034  -1.6151657737053034E-035  -4.3245904863699045E-034  -7.2128307865988503E-035   4.0912094604165547E-018  -7.8108321312610838E-017  -8.9600501045290238E-017  -6.2896295731160769E-032   2.0984104260235545E-032   1.2019055197037476E-034   2.5100752310903539E-032  -8.2697354272515895E-033  -4.7287619782258660E-035   8.6269140950716793E-033  -4.0335582189285299E-033  -5.4536183696748071E-033   4.2560464330039617E-033   6.8530479884353892E-033  -2.3125624962612278E-018  -6.9822497030751538E-033   2.3167408373091748E-033   1.3259738685650704E-035  -4.8987419586570193E-033   3.9902427059401942E-032  -3.3888734574229546E-033  -9.0284224494949926E-032  -1.5056493809481861E-032  -1.3597570857074040E-018   2.5733521451992958E-017   2.9519812825825993E-017   2.0721857588489648E-032  -6.9134375137211327E-033  -3.9598062324070824E-035  -8.2697354272515895E-033   2.7245608703342129E-033   1.5579458439136234E-035  -2.8423620138070797E-033   1.3289180330968260E-033   1.7966468383900519E-033  -1.4022015949070631E-033  -2.2577978811418937E-033   7.6187409213756585E-019   2.3003803481515060E-033  -7.6327621419705177E-034  -4.3685694097866143E-036   1.6140183969936601E-033  -1.3146280991396523E-032   1.1165951322778552E-033   2.9745009850758872E-032   4.9604975124937844E-033  -7.7843017640207074E-021   1.4714810257454024E-019   1.6879874394422503E-019   1.1849072486090864E-034  -3.9532084242574052E-035  -2.2642772599189629E-037  -4.7287619782258660E-035   1.5579458439136234E-035   8.9085741529945459E-038  -1.6253157970824039E-035   7.5989694003384888E-036   1.0273418630852784E-035  -8.0180025948407588E-036  -1.2910421570144185E-035   4.3564931304697404E-021   1.3153926399864070E-035  -4.3645300477778782E-036  -2.4980147555936472E-038   9.2292592733525946E-036  -7.5172428376760297E-035   6.3849320662941386E-036   1.7008640689182299E-034   2.8364857872793812E-035   1.1928509048195192E-017  -2.6689508254813331E-017  -3.0691444159956263E-017  -2.1563537973833368E-032   7.1941105551354451E-033   4.1205567407064132E-035   8.6269140950716793E-033  -2.8423620138070797E-033  -1.6253157970824039E-035   3.0755473298607629E-033  -1.3998397565832870E-033  -1.7756168821196878E-033   1.4605385316885200E-033   2.3387801726885194E-033  -7.7122851627138711E-019  -2.3968981274483163E-033   7.9530453782768439E-034   4.5518844529080567E-036  -1.7464312945032629E-033   1.3679778151983723E-032  -1.2457005674286869E-033  -3.0869977972945700E-032  -5.1394127226751162E-033  -1.9462202120384793E-018   1.2532529799562942E-017   1.4385652362265069E-017   1.0100564099520924E-032  -3.3698365128034860E-033  -1.9301383396509798E-035  -4.0335582189285299E-033   1.3289180330968260E-033   7.5989694003384888E-036  -1.3998397565832870E-033   6.4982989838986006E-034   8.6427332490106693E-034  -6.8365124741950857E-034  -1.0992210682093367E-033   3.6872855454142584E-019   1.1216626011252503E-033  -3.7217293756434064E-034  -2.1301116569472716E-036   7.9489069618628186E-034  -6.4079025220081066E-033   5.5449172404315998E-034   1.4488608356098946E-032   2.4151661673678998E-033   8.5098333671161592E-018   1.7109558565985737E-017   1.9559853768909615E-017   1.3713103770672299E-032  -4.5752281438049102E-033  -2.6205605474257275E-035  -5.4536183696748071E-033   1.7966468383900519E-033   1.0273418630852784E-035  -1.7756168821196878E-033   8.6427332490106693E-034   1.2731031929707996E-033  -9.2669777302549645E-034  -1.5037418129283227E-033   5.2350986352036018E-019   1.5195652530955459E-033  -5.0419540904060437E-034  -2.8857322660632139E-036   1.0082735062713287E-033  -8.7002426477740389E-033   6.6397088161580954E-034   1.9758833006730762E-032   3.3029090175412590E-033   4.8160982093776393E-019  -1.3247068797279313E-017  -1.5194614215255649E-017  -1.0665678826005625E-032   3.5583954144855505E-033   2.0381406227982442E-035   4.2560464330039617E-033  -1.4022015949070631E-033  -8.0180025948407588E-036   1.4605385316885200E-033  -6.8365124741950857E-034  -9.2669777302549645E-034   7.2169385055024165E-034   1.1623263399651887E-033  -3.9258994407152208E-019  -1.1839572035930071E-033   3.9284208589833222E-034   2.2484100050566639E-036  -8.2935813531575673E-034   6.7664887689521371E-033  -5.7298026285096211E-034  -1.5311683282155680E-032  -2.5536698491389194E-033  -4.5863559096681044E-019  -2.1348567898220054E-017  -2.4478369165880015E-017  -1.7180041717355708E-032   5.7318014323303185E-033   3.2830026872716048E-035   6.8530479884353892E-033  -2.2577978811418937E-033  -1.2910421570144185E-035   2.3387801726885194E-033  -1.0992210682093367E-033  -1.5037418129283227E-033   1.1623263399651887E-033   1.8735090213221016E-033  -6.3491034165524014E-019  -1.9067305822525629E-033   6.3266100966761430E-034   3.6210000676693461E-036  -1.3280624378269256E-033   1.0899368000096358E-032  -9.1311070178054135E-034  -2.4673494187380754E-032  -4.1160454261585583E-033   1.8674033461128867E-003   7.2294132410702155E-003   8.2770737819514092E-003   5.8060971425959680E-018  -1.9371186459155251E-018  -1.1095247373016886E-020  -2.3125624962612278E-018   7.6187409213756585E-019   4.3564931304697404E-021  -7.7122851627138711E-019   3.6872855454142584E-019   5.2350986352036018E-019  -3.9258994407152208E-019  -6.3491034165524014E-019   2.1808844729868492E-004   6.4388911429627909E-019  -2.1364450464424482E-019  -1.2227819893210290E-021   4.3793753487469387E-019  -3.6835840850804316E-018   2.9495002844490446E-019   8.3521076180436550E-018   1.3947181648592135E-018  -8.6759488413939280E-019   2.1731309784208846E-017   2.4926736304657582E-017   1.7497168052595652E-032  -5.8375873502065159E-033  -3.3435923379804081E-035  -6.9822497030751538E-033   2.3003803481515060E-033   1.3153926399864070E-035  -2.3968981274483163E-033   1.1216626011252503E-033   1.5195652530955459E-033  -1.1839572035930071E-033  -1.9067305822525629E-033   6.4388911429627909E-019   1.9423180418923987E-033  -6.4446949398348179E-034  -3.6885856125090918E-036   1.3610643734432533E-033  -1.1100498657989484E-032   9.4059811079228479E-034   2.5118377999268170E-032   4.1891581890741785E-033   2.8818663398505297E-019  -7.2105385003363498E-018  -8.2707964871061949E-018  -5.8056349078116253E-033   1.9369363501623338E-033   1.1094181806977945E-035   2.3167408373091748E-033  -7.6327621419705177E-034  -4.3645300477778782E-036   7.9530453782768439E-034  -3.7217293756434064E-034  -5.0419540904060437E-034   3.9284208589833222E-034   6.3266100966761430E-034  -2.1364450464424482E-019  -6.4446949398348179E-034   2.1383775463617183E-034   1.2238885976416568E-036  -4.5160896079775270E-034   3.6831927348714819E-033  -3.1209696960495622E-034  -8.3343823459657887E-033  -1.3899798592080858E-033   1.6496771848133039E-021  -4.1269116491274073E-020  -4.7337446003090183E-020  -3.3228230591625444E-035   1.1085948167093099E-035   6.3496936516891568E-038   1.3259738685650704E-035  -4.3685694097866143E-036  -2.4980147555936472E-038   4.5518844529080567E-036  -2.1301116569472716E-036  -2.8857322660632139E-036   2.2484100050566639E-036   3.6210000676693461E-036  -1.2227819893210290E-021  -3.6885856125090918E-036   1.2238885976416568E-036   7.0048589034238160E-039  -2.5847605661400727E-036   2.1080550083360815E-035  -1.7862718064865730E-036  -4.7701374788909490E-035  -7.9554723662275270E-036  -6.7735330541886154E-018   1.5155478830891338E-017   1.7427954378732858E-017   1.2244727035111827E-032  -4.0851329737700982E-033  -2.3398336851710357E-035  -4.8987419586570193E-033   1.6140183969936601E-033   9.2292592733525946E-036  -1.7464312945032629E-033   7.9489069618628186E-034   1.0082735062713287E-033  -8.2935813531575673E-034  -1.3280624378269256E-033   4.3793753487469387E-019   1.3610643734432533E-033  -4.5160896079775270E-034  -2.5847605661400727E-036   9.9170064359192443E-034  -7.7679808190654572E-033   7.0736367261056662E-034   1.7529333744644242E-032   2.9183850065004169E-033   3.2347351948195891E-018  -1.2421641259256213E-016  -1.4246921294395043E-016  -1.0000222688832099E-031   3.3363806407796840E-032   1.9109774429674530E-034   3.9902427059401942E-032  -1.3146280991396523E-032  -7.5172428376760297E-035   1.3679778151983723E-032  -6.4079025220081066E-033  -8.7002426477740389E-033   6.7664887689521371E-033   1.0899368000096358E-032  -3.6835840850804316E-018  -1.1100498657989484E-032   3.6831927348714819E-033   2.1080550083360815E-035  -7.7679808190654572E-033   6.3443178617258137E-032  -5.3621035550111001E-033  -1.4357366097519824E-031  -2.3946155132325214E-032  -8.2595697474837302E-018   1.0431459169511530E-017   1.2021241661054301E-017   8.4525815592918204E-033  -2.8199361167810152E-033  -1.6151657737053034E-035  -3.3888734574229546E-033   1.1165951322778552E-033   6.3849320662941386E-036  -1.2457005674286869E-033   5.5449172404315998E-034   6.6397088161580954E-034  -5.7298026285096211E-034  -9.1311070178054135E-034   2.9495002844490446E-019   9.4059811079228479E-034  -3.1209696960495622E-034  -1.7862718064865730E-036   7.0736367261056662E-034  -5.3621035550111001E-033   5.1684446834495149E-034   1.2072200017391588E-032   2.0068786564414597E-033   5.0765360522058046E-019   2.8117092347463915E-016   3.2243135788064303E-016   2.2630723282966298E-031  -7.5503127650898736E-032  -4.3245904863699045E-034  -9.0284224494949926E-032   2.9745009850758872E-032   1.7008640689182299E-034  -3.0869977972945700E-032   1.4488608356098946E-032   1.9758833006730762E-032  -1.5311683282155680E-032  -2.4673494187380754E-032   8.3521076180436550E-018   2.5118377999268170E-032  -8.3343823459657887E-033  -4.7701374788909490E-035   1.7529333744644242E-032  -1.4357366097519824E-031   1.2072200017391588E-032   3.2497230199897078E-031   5.4207479167791024E-032   9.1302258776529651E-019   4.6902486096568043E-017   5.3779287288377370E-017   3.7744942469263071E-032  -1.2592896902954102E-032  -7.2128307865988503E-035  -1.5056493809481861E-032   4.9604975124937844E-033   2.8364857872793812E-035  -5.1394127226751162E-033   2.4151661673678998E-033   3.3029090175412590E-033  -2.5536698491389194E-033  -4.1160454261585583E-033   1.3947181648592135E-018   4.1891581890741785E-033  -1.3899798592080858E-033  -7.9554723662275270E-036   2.9183850065004169E-033  -2.3946155132325214E-032   2.0068786564414597E-033   5.4207479167791024E-032   9.0428423263286123E-033
