   1.0022058083806880        2.0844476064494221E-003  -4.7544904972066735E-003  -6.0849464400919377E-021  -2.9525472390942750E-021   4.2906311846741399E-025   9.5649704709685755E-022   1.4797772367145957E-022  -1.5907332269665480E-026   6.9712054561402133E-030   8.7116402728997652E-023   8.2987905251034277E-018   1.2092008164086249E-018  -8.5146603069754375E-019   1.8674032723050384E-003  -2.2687992021511707E-022  -8.1224772559805778E-023   1.1239236354838788E-026  -3.9585576364927344E-030   1.5039896381847524E-021  -1.1497939149794345E-017  -7.8139500823741859E-017   1.2408234576988097E-018   2.0844476064494221E-003  0.24327601303122570       0.27896383983536172       -7.2816047489637165E-020  -8.4654905768149101E-020   1.3087141978563922E-023  -2.6162712484887488E-020  -6.4702292142279113E-020   1.0239228612813557E-023   4.4649598390945248E-029   1.0330390824734124E-019   2.1670022093761759E-017   1.0677625026416976E-018  -1.9045022667943993E-017   7.2293975322451007E-003   1.1071344944977160E-021   3.3124268821514443E-021  -5.2520372824600255E-025  -2.5354009401793055E-029   5.3653767235211860E-020   1.5397222151230301E-018  -3.5473358358296959E-017   2.0262052647855918E-017  -4.7544904972066735E-003  0.27896383983536172       0.31993789428987868       -8.3459000461421785E-020  -9.7057636475798721E-020   1.5004725162758712E-023  -3.0009117318358820E-020  -7.4198922350862145E-020   1.1742030140152951E-023   5.1152583002374229E-029   1.1846395619055619E-019   2.4791106856978487E-017   1.2158445904185093E-018  -2.1833960800784843E-017   8.2770560926919753E-003   1.2712327293681911E-021   3.7991308967212061E-021  -6.0236167258111312E-025  -2.9046690611022531E-029   6.1517161586258968E-020   1.8476588885741334E-018  -4.0122289413571680E-017   2.3226823819727273E-017  -6.0849464400919377E-021  -7.2816047489637165E-020  -8.3459000461421785E-020   2.1824659485919855E-038   2.5350580320644122E-038  -3.9188988428342918E-042   7.8244466186154009E-039   1.9362509434474558E-038  -3.0641852395131389E-042  -1.3400176185945144E-047  -3.0916013102682095E-038  -6.5303619893340009E-036  -3.2613606584054779E-037   5.7042027037809806E-036  -2.1737019495459835E-021  -3.3009346292599088E-040  -9.9086026395201867E-040   1.5711534600870443E-043   7.6092105023958312E-048  -1.6065042919029602E-038  -3.9813572126384097E-037   1.1041827051608399E-035  -6.0705423025979317E-036  -2.9525472390942750E-021  -8.4654905768149101E-020  -9.7057636475798721E-020   2.5350580320644122E-038   2.9463065847646604E-038  -4.5547528610230009E-042   9.1014466027600399E-039   2.2513467929359504E-038  -3.5628046129587148E-042  -1.5551757828883933E-047  -3.5945801099587562E-038  -7.5587393490973462E-036  -3.7422568618842054E-037   6.6287945716065886E-036  -2.5196897437685617E-021  -3.8473409530140755E-040  -1.1524108941012161E-039   1.8272480806348960E-043   8.8309733663336649E-048  -1.8672696621412458E-038  -5.1020909374738725E-037   1.2516955395822517E-035  -7.0531373679410510E-036   4.2906311846741399E-025   1.3087141978563922E-023   1.5004725162758712E-023  -3.9188988428342918E-042  -4.5547528610230009E-042   7.0412888368864579E-046  -1.4070614544266410E-042  -3.4804666444900846E-042   5.5079111023244587E-046   2.4040286980939809E-051   5.5570276064188818E-042   1.1683142061234539E-039   5.7820262949640389E-041  -1.0247531774587449E-039   3.8947962917086871E-025   5.9484047726046928E-044   1.7815882466195797E-043  -2.8248592213081856E-047  -1.3651134256566096E-051   2.8866586542399547E-042   7.9189794943756289E-041  -1.9329197012182028E-039   1.0903436815305117E-039   9.5649704709685755E-022  -2.6162712484887488E-020  -3.0009117318358820E-020   7.8244466186154009E-039   9.1014466027600399E-039  -1.4070614544266410E-042   2.8150161431066422E-039   6.9591273830133177E-039  -1.1012828353486938E-042  -4.7940044887306458E-048  -1.1110586400551034E-038  -2.3209083669575819E-036  -1.1341696820506581E-037   2.0473542938338581E-036  -7.7534649194565328E-022  -1.1934339005571440E-040  -3.5635854242081309E-040   5.6500700011260683E-044   2.7222469912330543E-048  -5.7688745377861979E-039  -1.7914797889616660E-037   3.7232259481745724E-036  -2.1777913378590767E-036   1.4797772367145957E-022  -6.4702292142279113E-020  -7.4198922350862145E-020   1.9362509434474558E-038   2.2513467929359504E-038  -3.4804666444900846E-042   6.9591273830133177E-039   1.7208874420306593E-038  -2.7233232852475779E-042  -1.1870500481836346E-047  -2.7475523070817970E-038  -5.7577269436195960E-036  -2.8314373350773509E-037   5.0647791218064298E-036  -1.9214831891016009E-021  -2.9462188991080163E-040  -8.8105808913093517E-040   1.3969551748296715E-043   6.7405932341264265E-048  -1.4269157225910512E-038  -4.1757567870322001E-037   9.3800329889520209E-036  -5.3881978705149971E-036  -1.5907332269665480E-026   1.0239228612813557E-023   1.1742030140152951E-023  -3.0641852395131389E-042  -3.5628046129587148E-042   5.5079111023244587E-046  -1.1012828353486938E-042  -2.7233232852475779E-042   4.3096895841985444E-046   1.8785727495814475E-051   4.3480341379729604E-042   9.1122917549377456E-040   4.4816886667511567E-041  -8.0151356801670779E-040   3.0409094363872585E-025   4.6622556589586437E-044   1.3942785875974510E-043  -2.2106893909338241E-047  -1.0667363844531083E-051   2.2581219992800256E-042   6.5995673792253818E-041  -1.4849866918401075E-039   8.5269787895723593E-040   6.9712054561402133E-030   4.4649598390945248E-029   5.1152583002374229E-029  -1.3400176185945144E-047  -1.5551757828883933E-047   2.4040286980939809E-051  -4.7940044887306458E-048  -1.1870500481836346E-047   1.8785727495814475E-051   8.2380675378571732E-057   1.8954608981173434E-047   4.0305394243730323E-045   2.0386095213272434E-046  -3.4999481242518162E-045   1.3387151053376770E-030   2.0164370458328812E-049   6.0722480691830916E-049  -9.6289652474776720E-053  -4.6779377493750209E-057   9.8541952116990017E-048   2.0691541671328714E-046  -7.0223040226757053E-045   3.7258065772535044E-045   8.7116402728997652E-023   1.0330390824734124E-019   1.1846395619055619E-019  -3.0916013102682095E-038  -3.5945801099587562E-038   5.5570276064188818E-042  -1.1110586400551034E-038  -2.7475523070817970E-038   4.3480341379729604E-042   1.8954608981173434E-047   4.3867259716601086E-038   9.1954250589066555E-036   4.5245550872393272E-037  -8.0866663312768518E-036   3.0684294206175093E-021   4.7031808165348294E-040   1.4066650912044405E-039  -2.2303327816340156E-043  -1.0763262193494692E-047   2.2782523801439492E-038   6.6298848215288451E-037  -1.5001309180546944E-035   8.6031601182448171E-036   8.2987905251034277E-018   2.1670022093761759E-017   2.4791106856978487E-017  -6.5303619893340009E-036  -7.5587393490973462E-036   1.1683142061234539E-039  -2.3209083669575819E-036  -5.7577269436195960E-036   9.1122917549377456E-040   4.0305394243730323E-045   9.1954250589066555E-036   1.9959549916662000E-033   1.0482677782194109E-034  -1.7020238652604656E-033   6.5858079126254857E-019   9.6705487154905242E-038   2.9416999217653154E-037  -4.6655562054325844E-041  -2.2887178864429653E-045   4.7877097008047266E-036   4.3964827799478194E-035  -3.7899304894156529E-033   1.8134994558975012E-033   1.2092008164086249E-018   1.0677625026416976E-018   1.2158445904185093E-018  -3.2613606584054779E-037  -3.7422568618842054E-037   5.7820262949640389E-041  -1.1341696820506581E-037  -2.8314373350773509E-037   4.4816886667511567E-041   2.0386095213272434E-046   4.5245550872393272E-037   1.0482677782194109E-034   6.1234960100189118E-036  -8.4414662658364425E-035   3.3892457121752462E-020   4.5762905269278963E-039   1.4407323205859869E-038  -2.2863243995658172E-042  -1.1576123152945911E-046   2.3674213929767429E-037  -7.0258050070281645E-036  -2.4889887129705693E-034   9.0210070183890281E-035  -8.5146603069754375E-019  -1.9045022667943993E-017  -2.1833960800784843E-017   5.7042027037809806E-036   6.6287945716065886E-036  -1.0247531774587449E-039   2.0473542938338581E-036   5.0647791218064298E-036  -8.0151356801670779E-040  -3.4999481242518162E-045  -8.0866663312768518E-036  -1.7020238652604656E-033  -8.4414662658364425E-035   1.4914248244889288E-033  -5.6719809587141412E-019  -8.6510420230300352E-038  -2.5924024122182777E-037   4.1105109801446222E-041   1.9874247663124368E-045  -4.2010376384826118E-036  -1.1263253910868723E-034   2.8305111720154899E-033  -1.5869610585105472E-033   1.8674032723050384E-003   7.2293975322451007E-003   8.2770560926919753E-003  -2.1737019495459835E-021  -2.5196897437685617E-021   3.8947962917086871E-025  -7.7534649194565328E-022  -1.9214831891016009E-021   3.0409094363872585E-025   1.3387151053376770E-030   3.0684294206175093E-021   6.5858079126254857E-019   3.3892457121752462E-020  -5.6719809587141412E-019   2.1808751371198354E-004   3.2474735179035393E-023   9.8237444897654668E-023  -1.5579047364286056E-026  -7.6018142581853762E-031   1.5963023908558314E-021   2.5018182738138264E-020  -1.1943787666756806E-018   6.0404704564481451E-019  -2.2687992021511707E-022   1.1071344944977160E-021   1.2712327293681911E-021  -3.3009346292599088E-040  -3.8473409530140755E-040   5.9484047726046928E-044  -1.1934339005571440E-040  -2.9462188991080163E-040   4.6622556589586437E-044   2.0164370458328812E-049   4.7031808165348294E-040   9.6705487154905242E-038   4.5762905269278963E-039  -8.6510420230300352E-038   3.2474735179035393E-023   5.0942494242482549E-042   1.5100506082467138E-041  -2.3938826768388920E-045  -1.1450218067031612E-049   2.4392877424652141E-040   9.7220846003738603E-039  -1.4307959617753516E-037   9.1959679841418387E-038  -8.1224772559805778E-023   3.3124268821514443E-021   3.7991308967212061E-021  -9.9086026395201867E-040  -1.1524108941012161E-039   1.7815882466195797E-043  -3.5635854242081309E-040  -8.8105808913093517E-040   1.3942785875974510E-043   6.0722480691830916E-049   1.4066650912044405E-039   2.9416999217653154E-037   1.4407323205859869E-038  -2.5924024122182777E-037   9.8237444897654668E-023   1.5100506082467138E-041   4.5113728831743198E-041  -7.1528536364852661E-045  -3.4480900206105652E-049   7.3043122665939944E-040   2.2223675212008823E-038  -4.7448977807232809E-037   2.7576978236540131E-037   1.1239236354838788E-026  -5.2520372824600255E-025  -6.0236167258111312E-025   1.5711534600870443E-043   1.8272480806348960E-043  -2.8248592213081856E-047   5.6500700011260683E-044   1.3969551748296715E-043  -2.2106893909338241E-047  -9.6289652474776720E-053  -2.2303327816340156E-043  -4.6655562054325844E-041  -2.2863243995658172E-042   4.1105109801446222E-041  -1.5579047364286056E-026  -2.3938826768388920E-045  -7.1528536364852661E-045   1.1340990297787687E-048   5.4677507572743723E-053  -1.1581564682104060E-043  -3.5048572708200918E-042   7.5360321943500929E-041  -4.3726580461038217E-041  -3.9585576364927344E-030  -2.5354009401793055E-029  -2.9046690611022531E-029   7.6092105023958312E-048   8.8309733663336649E-048  -1.3651134256566096E-051   2.7222469912330543E-048   6.7405932341264265E-048  -1.0667363844531083E-051  -4.6779377493750209E-057  -1.0763262193494692E-047  -2.2887178864429653E-045  -1.1576123152945911E-046   1.9874247663124368E-045  -7.6018142581853762E-031  -1.1450218067031612E-049  -3.4480900206105652E-049   5.4677507572743723E-053   2.6563391822737965E-057  -5.5956462554697420E-048  -1.1749569110992282E-046   3.9875736541736852E-045  -2.1156771481309604E-045   1.5039896381847524E-021   5.3653767235211860E-020   6.1517161586258968E-020  -1.6065042919029602E-038  -1.8672696621412458E-038   2.8866586542399547E-042  -5.7688745377861979E-039  -1.4269157225910512E-038   2.2581219992800256E-042   9.8541952116990017E-048   2.2782523801439492E-038   4.7877097008047266E-036   2.3674213929767429E-037  -4.2010376384826118E-036   1.5963023908558314E-021   2.4392877424652141E-040   7.3043122665939944E-040  -1.1581564682104060E-043  -5.5956462554697420E-048   1.1834259434554470E-038   3.2758644039347750E-037  -7.9046427191346168E-036   4.4698446527345441E-036  -1.1497939149794345E-017   1.5397222151230301E-018   1.8476588885741334E-018  -3.9813572126384097E-037  -5.1020909374738725E-037   7.9189794943756289E-041  -1.7914797889616660E-037  -4.1757567870322001E-037   6.5995673792253818E-041   2.0691541671328714E-046   6.6298848215288451E-037   4.3964827799478194E-035  -7.0258050070281645E-036  -1.1263253910868723E-034   2.5018182738138264E-020   9.7220846003738603E-039   2.2223675212008823E-038  -3.5048572708200918E-042  -1.1749569110992282E-046   3.2758644039347750E-037   1.4196195423924925E-034   6.6950427087380211E-034   1.1598287754025901E-034  -7.8139500823741859E-017  -3.5473358358296959E-017  -4.0122289413571680E-017   1.1041827051608399E-035   1.2516955395822517E-035  -1.9329197012182028E-039   3.7232259481745724E-036   9.3800329889520209E-036  -1.4849866918401075E-039  -7.0223040226757053E-045  -1.5001309180546944E-035  -3.7899304894156529E-033  -2.4889887129705693E-034   2.8305111720154899E-033  -1.1943787666756806E-018  -1.4307959617753516E-037  -4.7448977807232809E-037   7.5360321943500929E-041   3.9875736541736852E-045  -7.9046427191346168E-036   6.6950427087380211E-034   1.1217704837961082E-032  -3.0374025382913031E-033   1.2408234576988097E-018   2.0262052647855918E-017   2.3226823819727273E-017  -6.0705423025979317E-036  -7.0531373679410510E-036   1.0903436815305117E-039  -2.1777913378590767E-036  -5.3881978705149971E-036   8.5269787895723593E-040   3.7258065772535044E-045   8.6031601182448171E-036   1.8134994558975012E-033   9.0210070183890281E-035  -1.5869610585105472E-033   6.0404704564481451E-019   9.1959679841418387E-038   2.7576978236540131E-037  -4.3726580461038217E-041  -2.1156771481309604E-045   4.4698446527345441E-036   1.1598287754025901E-034  -3.0374025382913031E-033   1.6887289679224274E-033
