   1.0022058083214396        2.0844482075477290E-003  -4.7544896619679516E-003  -4.0658386297211301E-018   5.4419292106348720E-018  -1.6321643611351537E-020   3.3347103546816334E-018  -4.3898813120379594E-018   1.3118771823011486E-020   7.4088995572573520E-018   4.7811852659839274E-017   8.0945466345024907E-018   2.3502687142340661E-018  -1.0371399396507621E-018   1.8674033461123711E-003  -6.8191534079808440E-019   9.2491114412289868E-019  -2.7752452976223435E-021  -8.1605280995488637E-018   5.5105425771835988E-017  -2.1417977287722568E-017   2.7988850953014457E-017   1.4508511264347156E-018   2.0844482075477290E-003  0.24327601276466704       0.27896382859340252        1.6115174556847587E-016  -2.1416888220838343E-016   6.3781305403162360E-019  -5.0770746586827347E-017   7.8017975432237490E-017  -2.4136696448952636E-019  -5.1595364497232129E-018  -4.0573883479802496E-017   2.1384764983105829E-017  -2.8560436195616407E-017  -1.3183736318485095E-017   7.2294132410709181E-003   1.9561407024137575E-017  -2.3388102632755493E-017   6.9170356664788338E-020   3.8149021638116426E-018   5.8842322197595918E-018  -5.1499972766465742E-017  -2.4335202924675536E-016   7.0944859905524964E-018  -4.7544896619679516E-003  0.27896382859340252       0.31993786885472852        1.8483102276348953E-016  -2.4563865321829407E-016   7.3153351573799860E-019  -5.8245528159458481E-017   8.9499025461434957E-017  -2.7688299801218989E-019  -5.9695581165675546E-018  -4.6869277820332081E-017   2.4465441120250689E-017  -3.2768661111139176E-017  -1.5111159843269964E-017   8.2770737819522211E-003   2.2437059445975458E-017  -2.6827085202620903E-017   7.9341437830422112E-020   4.4329465814244247E-018   6.3549364851694996E-018  -5.8905309119059206E-017  -2.7926539730209288E-016   8.1253145432892499E-018  -4.0658386297211301E-018   1.6115174556847587E-016   1.8483102276348953E-016   1.0678030279514323E-031  -1.4191004700383171E-031   4.2262075393784647E-034  -3.3652222642411810E-032   5.1708430457778495E-032  -1.5996968372379227E-034  -3.4583038118517038E-033  -2.7138827650258296E-032   1.4122774755587483E-032  -1.8933206876563545E-032  -8.7281939667395577E-033   4.7791209577503718E-018   1.2962552451505411E-032  -1.5498944326512065E-032   4.5838372831297067E-035   2.5716087621708963E-033   3.5986442574090494E-033  -3.4000788849016302E-032  -1.6136554462825070E-031   4.6919995454342120E-033   5.4419292106348720E-018  -2.1416888220838343E-016  -2.4563865321829407E-016  -1.4191004700383171E-031   1.8859715763256521E-031  -5.6165913026615685E-034   4.4723575311263977E-032  -6.8720124672421034E-032   2.1259851816484394E-034   4.5963335336728684E-033   3.6069049777490650E-032  -1.8768707265006032E-032   2.5162121536737462E-032   1.1599637480238716E-032  -6.3513294251747910E-018  -1.7227121028612672E-032   2.0597968281924258E-032  -6.0918818305743329E-035  -3.4179540620298327E-033  -4.7804446938886979E-033   4.5185865898168231E-032   2.1445417334948182E-031  -6.2355619820223495E-033  -1.6321643611351537E-020   6.3781305403162360E-019   7.3153351573799860E-019   4.2262075393784647E-034  -5.6165913026615685E-034   1.6726709196704524E-036  -1.3319102476905628E-034   2.0465492735790772E-034  -6.3313812149031710E-037  -1.3689126314880496E-035  -1.0742221429247886E-034   5.5893889683428581E-035  -7.4935225213551249E-035  -3.4544595811792587E-035   1.8914589085985171E-020   5.1303921751400268E-035  -6.1342621788762300E-035   1.8142178268143693E-037   1.0179897548338661E-035   1.4230244834115914E-035  -1.3456492271599527E-034  -6.3866612968361904E-034   1.8569871559264702E-035   3.3347103546816334E-018  -5.0770746586827347E-017  -5.8245528159458481E-017  -3.3652222642411810E-032   4.4723575311263977E-032  -1.3319102476905628E-034   1.0609834845832330E-032  -1.6301071473857851E-032   5.0429461055727685E-035   1.1048097934451732E-033   8.6487616170934577E-033  -4.4331579136083568E-033   5.9702116642519255E-033   2.7479175983040459E-033  -1.5019588646649340E-018  -4.0855841479093309E-033   4.8852378236506741E-033  -1.4448249650574192E-035  -8.2697382040794317E-034  -1.0209268875129745E-033   1.0668937833831704E-032   5.0899733988032569E-032  -1.4753625895161392E-033  -4.3898813120379594E-018   7.8017975432237490E-017   8.9499025461434957E-017   5.1708430457778495E-032  -6.8720124672421034E-032   2.0465492735790772E-034  -1.6301071473857851E-032   2.5045690006298882E-032  -7.7482401569201319E-035  -1.6922679095331449E-033  -1.3255013550430749E-032   6.8181067999310893E-033  -9.1723542231123941E-033  -4.2233248333179872E-033   2.3093410269196374E-018   6.2775794281213156E-033  -7.5061825814812469E-033   2.2199749804823585E-035   1.2647827969206422E-033   1.6091777741193422E-033  -1.6410029308430382E-032  -7.8194146421545320E-032   2.2681668488265460E-033   1.3118771823011486E-020  -2.4136696448952636E-019  -2.7688299801218989E-019  -1.5996968372379227E-034   2.1259851816484394E-034  -6.3313812149031710E-037   5.0429461055727685E-035  -7.7482401569201319E-035   2.3970303427249744E-037   5.2319904779436868E-036   4.0985284936319130E-035  -2.1097067556235977E-035   2.8375638834205572E-035   1.3066275481950054E-035  -7.1453227987071433E-021  -1.9420777137394290E-035   2.3221622847676445E-035  -6.8678595797126165E-038  -3.9091232473939971E-036  -5.0037696835043088E-036   5.0777964512972417E-035   2.4189811629450271E-034  -7.0177491477530645E-036   7.4088995572573520E-018  -5.1595364497232129E-018  -5.9695581165675546E-018  -3.4583038118517038E-033   4.5963335336728684E-033  -1.3689126314880496E-035   1.1048097934451732E-033  -1.6922679095331449E-033   5.2319904779436868E-036   1.6485393430958815E-034   1.2186683804962172E-033  -3.9470512649833337E-034   6.2502447507940241E-034   2.7273523617554806E-034  -1.3989860959810933E-019  -4.2118723639884677E-034   5.0439693917167809E-034  -1.4920510042417039E-036  -1.4184022085483728E-034   2.8463893089725138E-034   9.3624041873341522E-034   5.3848036976377063E-033  -1.4012622852668703E-034   4.7811852659839274E-017  -4.0573883479802496E-017  -4.6869277820332081E-017  -2.7138827650258296E-032   3.6069049777490650E-032  -1.0742221429247886E-034   8.6487616170934577E-033  -1.3255013550430749E-032   4.0985284936319130E-035   1.2186683804962172E-033   9.0812378898823703E-033  -3.1864051036522919E-033   4.8880461236215114E-033   2.1543895425338779E-033  -1.1189705328744550E-018  -3.3032996428995861E-033   3.9547734307458712E-033  -1.1698163185079559E-035  -1.0299739466824984E-033   1.6642533885864896E-033   7.5812085998593486E-033   4.2031746023011873E-032  -1.1164287888790301E-033   8.0945466345024907E-018   2.1384764983105829E-017   2.4465441120250689E-017   1.4122774755587483E-032  -1.8768707265006032E-032   5.5893889683428581E-035  -4.4331579136083568E-033   6.8181067999310893E-033  -2.1097067556235977E-035  -3.9470512649833337E-034  -3.1864051036522919E-033   1.9422437592816613E-033  -2.4900717666863010E-033  -1.1661894703978582E-033   6.4974168251229237E-019   1.7128061155132435E-033  -2.0470082476000658E-033   6.0537163349699269E-036   2.7066489086218764E-034   9.5185015778805642E-034  -4.6926088096112417E-033  -2.1154041964733086E-032   6.3460197583122317E-034   2.3502687142340661E-018  -2.8560436195616407E-017  -3.2768661111139176E-017  -1.8933206876563545E-032   2.5162121536737462E-032  -7.4935225213551249E-035   5.9702116642519255E-033  -9.1723542231123941E-033   2.8375638834205572E-035   6.2502447507940241E-034   4.8880461236215114E-033  -2.4900717666863010E-033   3.3596947488007030E-033   1.5453685652523234E-033  -8.4405322412450151E-019  -2.2986953816485564E-033   2.7486608997877931E-033  -8.1292727834214636E-036  -4.6908170889468801E-034  -5.4824998118980253E-034   5.9917459583023066E-033   2.8647231445618983E-032  -8.2928844985805191E-034  -1.0371399396507621E-018  -1.3183736318485095E-017  -1.5111159843269964E-017  -8.7281939667395577E-033   1.1599637480238716E-032  -3.4544595811792587E-035   2.7479175983040459E-033  -4.2233248333179872E-033   1.3066275481950054E-035   2.7273523617554806E-034   2.1543895425338779E-033  -1.1661894703978582E-033   1.5453685652523234E-033   7.1531192564290321E-034  -3.9344493115403790E-019  -1.0592982341599484E-033   1.2664221345306486E-033  -3.7454090787830237E-036  -1.9918363908304486E-034  -3.6965085084664586E-034   2.8102563882144153E-033   1.3160122822815253E-032  -3.8574982353680431E-034   1.8674033461123711E-003   7.2294132410709181E-003   8.2770737819522211E-003   4.7791209577503718E-018  -6.3513294251747910E-018   1.8914589085985171E-020  -1.5019588646649340E-018   2.3093410269196374E-018  -7.1453227987071433E-021  -1.3989860959810933E-019  -1.1189705328744550E-018   6.4974168251229237E-019  -8.4405322412450151E-019  -3.9344493115403790E-019   2.1808844729872518E-004   5.7977429202860519E-019  -6.9299506066667069E-019   2.0494624353782493E-021   9.8606906201085915E-020   2.7404385151649370E-019  -1.5682103835666968E-018  -7.1774934432062902E-018   2.1333048155705945E-019  -6.8191534079808440E-019   1.9561407024137575E-017   2.2437059445975458E-017   1.2962552451505411E-032  -1.7227121028612672E-032   5.1303921751400268E-035  -4.0855841479093309E-033   6.2775794281213156E-033  -1.9420777137394290E-035  -4.2118723639884677E-034  -3.3032996428995861E-033   1.7128061155132435E-033  -2.2986953816485564E-033  -1.0592982341599484E-033   5.7977429202860519E-019   1.5736193079871592E-033  -1.8815511130204110E-033   5.5647246395756851E-036   3.1369486425516711E-034   4.2647267632207796E-034  -4.1232432197671748E-033  -1.9593012092363492E-032   5.6927714102168461E-034   9.2491114412289868E-019  -2.3388102632755493E-017  -2.6827085202620903E-017  -1.5498944326512065E-032   2.0597968281924258E-032  -6.1342621788762300E-035   4.8852378236506741E-033  -7.5061825814812469E-033   2.3221622847676445E-035   5.0439693917167809E-034   3.9547734307458712E-033  -2.0470082476000658E-033   2.7486608997877931E-033   1.2664221345306486E-033  -6.9299506066667069E-019  -1.8815511130204110E-033   2.2497521632623669E-033  -6.6536908820720856E-036  -3.7595733315772374E-034  -5.0388064142207025E-034   4.9275577459030569E-033   2.3429179232231921E-032  -6.8048983346258744E-034  -2.7752452976223435E-021   6.9170356664788338E-020   7.9341437830422112E-020   4.5838372831297067E-035  -6.0918818305743329E-035   1.8142178268143693E-037  -1.4448249650574192E-035   2.2199749804823585E-035  -6.8678595797126165E-038  -1.4920510042417039E-036  -1.1698163185079559E-035   6.0537163349699269E-036  -8.1292727834214636E-036  -3.7454090787830237E-036   2.0494624353782493E-021   5.5647246395756851E-036  -6.6536908820720856E-036   1.9678436867136595E-038   1.1122200385197687E-036   1.4880404832411529E-036  -1.4572427674333844E-035  -6.9293035680239413E-035   2.0124947073611748E-036  -8.1605280995488637E-018   3.8149021638116426E-018   4.4329465814244247E-018   2.5716087621708963E-033  -3.4179540620298327E-033   1.0179897548338661E-035  -8.2697382040794317E-034   1.2647827969206422E-033  -3.9091232473939971E-036  -1.4184022085483728E-034  -1.0299739466824984E-033   2.7066489086218764E-034  -4.6908170889468801E-034  -1.9918363908304486E-034   9.8606906201085915E-020   3.1369486425516711E-034  -3.7595733315772374E-034   1.1122200385197687E-036   1.2680512818950111E-034  -3.5781989912143841E-034  -6.3609883160449022E-034  -4.0619586137111559E-033   9.9887061089481771E-035   5.5105425771835988E-017   5.8842322197595918E-018   6.3549364851694996E-018   3.5986442574090494E-033  -4.7804446938886979E-033   1.4230244834115914E-035  -1.0209268875129745E-033   1.6091777741193422E-033  -5.0037696835043088E-036   2.8463893089725138E-034   1.6642533885864896E-033   9.5185015778805642E-034  -5.4824998118980253E-034  -3.6965085084664586E-034   2.7404385151649370E-019   4.2647267632207796E-034  -5.0388064142207025E-034   1.4880404832411529E-036  -3.5781989912143841E-034   3.1667613344168224E-033  -2.3980060680357458E-033  -4.2339639989893956E-033   2.4796059314011197E-034  -2.1417977287722568E-017  -5.1499972766465742E-017  -5.8905309119059206E-017  -3.4000788849016302E-032   4.5185865898168231E-032  -1.3456492271599527E-034   1.0668937833831704E-032  -1.6410029308430382E-032   5.0777964512972417E-035   9.3624041873341522E-034   7.5812085998593486E-033  -4.6926088096112417E-033   5.9917459583023066E-033   2.8102563882144153E-033  -1.5682103835666968E-018  -4.1232432197671748E-033   4.9275577459030569E-033  -1.4572427674333844E-035  -6.3609883160449022E-034  -2.3980060680357458E-033   1.1341276017665823E-032   5.0886589601071960E-032  -1.5309525273665190E-033   2.7988850953014457E-017  -2.4335202924675536E-016  -2.7926539730209288E-016  -1.6136554462825070E-031   2.1445417334948182E-031  -6.3866612968361904E-034   5.0899733988032569E-032  -7.8194146421545320E-032   2.4189811629450271E-034   5.3848036976377063E-033   4.2031746023011873E-032  -2.1154041964733086E-032   2.8647231445618983E-032   1.3160122822815253E-032  -7.1774934432062902E-018  -1.9593012092363492E-032   2.3429179232231921E-032  -6.9293035680239413E-035  -4.0619586137111559E-033  -4.2339639989893956E-033   5.0886589601071960E-032   2.4433053742652567E-031  -7.0549893611093652E-033   1.4508511264347156E-018   7.0944859905524964E-018   8.1253145432892499E-018   4.6919995454342120E-033  -6.2355619820223495E-033   1.8569871559264702E-035  -1.4753625895161392E-033   2.2681668488265460E-033  -7.0177491477530645E-036  -1.4012622852668703E-034  -1.1164287888790301E-033   6.3460197583122317E-034  -8.2928844985805191E-034  -3.8574982353680431E-034   2.1333048155705945E-019   5.6927714102168461E-034  -6.8048983346258744E-034   2.0124947073611748E-036   9.9887061089481771E-035   2.4796059314011197E-034  -1.5309525273665190E-033  -7.0549893611093652E-033   2.0881952723365142E-034
