   1.0022058083806871        2.0844476064490439E-003  -4.7544904972064107E-003   4.3984054142069042E-021  -1.4463894142833333E-021  -6.1471975957036696E-027   7.0592691770355939E-022  -3.3107225630304734E-021  -3.8423645262991521E-026   6.8853605842565970E-030  -1.3006212240084420E-016   5.2483456947247132E-018   4.2291347036584653E-020  -9.1185065312264857E-019   1.8674032723047084E-003   3.1182747703769193E-022  -4.2774577950861445E-022  -4.3473658211848303E-027   1.7623762158394814E-028   7.8973567935889595E-017   3.9838813210336275E-016   4.6413793726580771E-021   4.4778167803695164E-018   2.0844476064490439E-003  0.24327601303122501       0.27896383983536305        1.1733377141807113E-019  -1.3946573821193955E-019  -1.3549693256805916E-024   2.8372954062630116E-019  -7.8675009653557511E-019  -8.5027310232383727E-024  -3.7133515949062582E-028   2.1709424234608173E-017   1.5371074748228239E-017   2.4215808939853754E-018  -1.7210611371908082E-017   7.2293975322431118E-003   3.3635941557077897E-020  -8.7169855023825306E-020  -9.5918218730323247E-025   4.9935103805409018E-028  -1.3272848420645507E-017   1.4786248761708663E-016   2.7101203317655500E-018   1.5034967395791847E-017  -4.7544904972064107E-003  0.27896383983536305       0.31993789428988267        1.3452207750630133E-019  -1.5992313148786948E-019  -1.5537780116859885E-024   3.2536407154134687E-019  -9.0218831926847272E-019  -9.7503004053503960E-024  -4.2588062997848525E-028   2.5822683385018761E-017   1.7589485953262288E-017   2.7766656229500017E-018  -1.9729904588265607E-017   8.2770560926897635E-003   3.8570060071472867E-020  -9.9959674126544686E-020  -1.0999187985087917E-024   5.7137834940577403E-028  -1.5783756533616415E-017   1.6672232449947523E-016   3.1078189261010797E-018   1.7209545371921640E-017   4.3984054142069042E-021   1.1733377141807113E-019   1.3452207750630133E-019   5.6602409883859668E-038  -6.7266180172310732E-038  -6.5349296041355539E-043   1.3683895811999482E-037  -3.7944361815308414E-037  -4.1008117809338617E-042  -1.7906353557644615E-046   1.0029636427402447E-035   7.4309031235732402E-036   1.1680188240450369E-036  -8.3033896385687509E-036   3.4929031066898376E-021   1.6222936609871319E-038  -4.2041567731749042E-038  -4.6260736376805292E-043   2.4142279223907751E-046  -6.1338281034344021E-036   7.2659656521800011E-035   1.3070476308615838E-036   7.2661971353535957E-036  -1.4463894142833333E-021  -1.3946573821193955E-019  -1.5992313148786948E-019  -6.7266180172310732E-038   7.9953248313395275E-038   7.7677803714820545E-043  -1.6265658113629384E-037   4.5102874008459598E-037   4.8744532721127813E-042   2.1287720524582239E-046  -1.2412945638888969E-035  -8.8132427248322221E-036  -1.3882539324149571E-036   9.8667239736980251E-036  -4.1449357750273678E-021  -1.9282882858758526E-038   4.9972821208121756E-038   5.4988082841502722E-043  -2.8631205691772490E-046   7.5892437494345744E-036  -8.4866513390983505E-035  -1.5536583081263159E-036  -8.6203658829108181E-036  -6.1471975957036696E-027  -1.3549693256805916E-024  -1.5537780116859885E-024  -6.5349296041355539E-043   7.7677803714820545E-043   7.5467741102764619E-048  -1.5802918959047337E-042   4.3819642681495591E-042   4.7357670948411254E-047   2.0682725487453492E-051  -1.2162445448113182E-040  -8.5584065117608347E-041  -1.3487311077864397E-041   9.5853416134694836E-041  -4.0255583545503336E-026  -1.8734127197157766E-043   4.8550985934285717E-043   5.3423580831263826E-048  -2.7802877641636935E-051   7.4356578168963484E-041  -8.2138206581975366E-040  -1.5094601843972375E-041  -8.3716239154353873E-041   7.0592691770355939E-022   2.8372954062630116E-019   3.2536407154134687E-019   1.3683895811999482E-037  -1.6265658113629384E-037  -1.5802918959047337E-042   3.3091291514056984E-037  -9.1758195645344937E-037  -9.9166800513341348E-042  -4.3310052917472984E-046   2.5543614607906192E-035   1.7918270020004616E-035   2.8242201304715592E-036  -2.0071188676580126E-035   8.4284412027571573E-021   3.9229105383393767E-038  -1.0166557837982461E-037  -1.1186879425497952E-042   5.8209039155168651E-046  -1.5616083015915602E-035   1.7176643721905825E-034   3.1608088595720421E-036   1.7527593945390771E-035  -3.3107225630304734E-021  -7.8675009653557511E-019  -9.0218831926847272E-019  -3.7944361815308414E-037   4.5102874008459598E-037   4.3819642681495591E-042  -9.1758195645344937E-037   2.5443469050876230E-036   2.7497791663182951E-041   1.2009254498584740E-045  -7.0653693999327352E-035  -4.9692256022143090E-035  -7.8312737858703623E-036   5.5656180347779321E-035  -2.3373557188963006E-020  -1.0877792785048154E-037   2.8190678050501516E-037   3.1019905848625173E-042  -1.6143033689281580E-045   4.3194848852807738E-035  -4.7682524428030970E-034  -8.7645422878217623E-036  -4.8607918652446561E-035  -3.8423645262991521E-026  -8.5027310232383727E-024  -9.7503004053503960E-024  -4.1008117809338617E-042   4.8744532721127813E-042   4.7357670948411254E-047  -9.9166800513341348E-042   2.7497791663182951E-041   2.9717982346610671E-046   1.2978867411784778E-050  -7.6323991929597724E-040  -5.3705809025366985E-040  -8.4635845062631634E-041   6.0150118764042289E-040  -2.5261238249431781E-025  -1.1756077500058232E-042   3.0466813751413533E-042   3.3524474496937182E-047  -1.7446892254188374E-050   4.6661585464613434E-040  -5.1542934338806694E-039  -9.4721954772069395E-041  -5.2533718679384591E-040   6.8853605842565970E-030  -3.7133515949062582E-028  -4.2588062997848525E-028  -1.7906353557644615E-046   2.1287720524582239E-046   2.0682725487453492E-051  -4.3310052917472984E-046   1.2009254498584740E-045   1.2978867411784778E-050   5.6690505593656410E-055  -3.4445496820385605E-044  -2.3410926357583328E-044  -3.6960712729268438E-045   2.6262503606388052E-044  -1.1016776394774922E-029  -5.1341477649807580E-047   1.3305878997768183E-046   1.4641292664376862E-051  -7.6047931891543868E-055   2.1054039883029111E-044  -2.2170737145404443E-043  -4.1368993041842802E-045  -2.2905605045506866E-044  -1.3006212240084420E-016   2.1709424234608173E-017   2.5822683385018761E-017   1.0029636427402447E-035  -1.2412945638888969E-035  -1.2162445448113182E-040   2.5543614607906192E-035  -7.0653693999327352E-035  -7.6323991929597724E-040  -3.4445496820385605E-044   1.8864841800286077E-032   7.0670318709097679E-034   2.1329686633945291E-034  -1.4364951728636331E-033   4.1049135746292284E-019   2.9985279334130439E-036  -7.8203264651703375E-036  -8.6098447708773665E-041   2.2212554954687378E-044  -1.1462923763597132E-032  -3.8416445647573551E-032   2.4425993890392054E-034   7.7647626950901030E-034   5.2483456947247132E-018   1.5371074748228239E-017   1.7589485953262288E-017   7.4309031235732402E-036  -8.8132427248322221E-036  -8.5584065117608347E-041   1.7918270020004616E-035  -4.9692256022143090E-035  -5.3705809025366985E-040  -2.3410926357583328E-044   7.0670318709097679E-034   9.9732400680224132E-034   1.5311438758239572E-034  -1.0913323828080595E-033   4.6599769558558242E-019   2.1253633296072709E-036  -5.5060831859463147E-036  -6.0584900293725166E-041   3.2428770417665790E-044  -4.3484949335848369E-034   1.1369987966538111E-032   1.7114052926609941E-034   9.7216829514247710E-034   4.2291347036584653E-020   2.4215808939853754E-018   2.7766656229500017E-018   1.1680188240450369E-036  -1.3882539324149571E-036  -1.3487311077864397E-041   2.8242201304715592E-036  -7.8312737858703623E-036  -8.4635845062631634E-041  -3.6960712729268438E-045   2.1329686633945291E-034   1.5311438758239572E-034   2.4104993367730242E-035  -1.7133166731049099E-034   7.2000573093244037E-020   3.3481425465347718E-037  -8.6768598305849144E-037  -9.5476614651239122E-042   4.9742601239511248E-045  -1.3041852756439728E-034   1.4803665363017468E-033   2.6976266071204452E-035   1.4975225806561582E-034  -9.1185065312264857E-019  -1.7210611371908082E-017  -1.9729904588265607E-017  -8.3033896385687509E-036   9.8667239736980251E-036   9.5853416134694836E-041  -2.0071188676580126E-035   5.5656180347779321E-035   6.0150118764042289E-040   2.6262503606388052E-044  -1.4364951728636331E-033  -1.0913323828080595E-033  -1.7133166731049099E-034   1.2181512370705115E-033  -5.1282226463304142E-019  -2.3795995954978603E-036   6.1666058300011061E-036   6.7854587725166826E-041  -3.5457847601603499E-044   8.7866914202429701E-034  -1.0763453148627407E-032  -1.9171384701274796E-034  -1.0669689001738793E-033   1.8674032723047084E-003   7.2293975322431118E-003   8.2770560926897635E-003   3.4929031066898376E-021  -4.1449357750273678E-021  -4.0255583545503336E-026   8.4284412027571573E-021  -2.3373557188963006E-020  -2.5261238249431781E-025  -1.1016776394774922E-029   4.1049135746292284E-019   4.6599769558558242E-019   7.2000573093244037E-020  -5.1282226463304142E-019   2.1808751371186490E-004   9.9959689655572879E-022  -2.5898388245497928E-021  -2.8496902190062583E-026   1.5148928839630210E-029  -2.5195007125728502E-019   5.1094289934242077E-018   8.0502776207531679E-020   4.5462670884954033E-019   3.1182747703769193E-022   3.3635941557077897E-020   3.8570060071472867E-020   1.6222936609871319E-038  -1.9282882858758526E-038  -1.8734127197157766E-043   3.9229105383393767E-038  -1.0877792785048154E-037  -1.1756077500058232E-042  -5.1341477649807580E-047   2.9985279334130439E-036   2.1253633296072709E-036   3.3481425465347718E-037  -2.3795995954978603E-036   9.9959689655572879E-022   4.6505887935207276E-039  -1.2052311620061199E-038  -1.3261880360015033E-043   6.9045560018399062E-047  -1.8332722724358934E-036   2.0453194357574828E-035   3.7470748306717473E-037   2.0788742007636014E-036  -4.2774577950861445E-022  -8.7169855023825306E-020  -9.9959674126544686E-020  -4.2041567731749042E-038   4.9972821208121756E-038   4.8550985934285717E-043  -1.0166557837982461E-037   2.8190678050501516E-037   3.0466813751413533E-042   1.3305878997768183E-046  -7.8203264651703375E-036  -5.5060831859463147E-036  -8.6768598305849144E-037   6.1666058300011061E-036  -2.5898388245497928E-021  -1.2052311620061199E-038   3.1234515293415234E-038   3.4369221637854729E-043  -1.7887104928804264E-046   4.7810684085001113E-036  -5.2855133517585848E-035  -9.7108725540361225E-037  -5.3858947706479286E-036  -4.3473658211848303E-027  -9.5918218730323247E-025  -1.0999187985087917E-024  -4.6260736376805292E-043   5.4988082841502722E-043   5.3423580831263826E-048  -1.1186879425497952E-042   3.1019905848625173E-042   3.3524474496937182E-047   1.4641292664376862E-051  -8.6098447708773665E-041  -6.0584900293725166E-041  -9.5476614651239122E-042   6.7854587725166826E-041  -2.8496902190062583E-026  -1.3261880360015033E-043   3.4369221637854729E-043   3.7818529442423136E-048  -1.9681637542414438E-051   5.2637322867809592E-041  -5.8145432447419092E-040  -1.0685462058134455E-041  -5.9262670361248024E-041   1.7623762158394814E-028   4.9935103805409018E-028   5.7137834940577403E-028   2.4142279223907751E-046  -2.8631205691772490E-046  -2.7802877641636935E-051   5.8209039155168651E-046  -1.6143033689281580E-045  -1.7446892254188374E-050  -7.6047931891543868E-055   2.2212554954687378E-044   3.2428770417665790E-044   4.9742601239511248E-045  -3.5457847601603499E-044   1.5148928839630210E-029   6.9045560018399062E-047  -1.7887104928804264E-046  -1.9681637542414438E-051   1.0544788324114317E-054  -1.3673909628198118E-044   3.7164368421229277E-043   5.5596350480850459E-045   3.1607156719584157E-044   7.8973567935889595E-017  -1.3272848420645507E-017  -1.5783756533616415E-017  -6.1338281034344021E-036   7.5892437494345744E-036   7.4356578168963484E-041  -1.5616083015915602E-035   4.3194848852807738E-035   4.6661585464613434E-040   2.1054039883029111E-044  -1.1462923763597132E-032  -4.3484949335848369E-034  -1.3041852756439728E-034   8.7866914202429701E-034  -2.5195007125728502E-019  -1.8332722724358934E-036   4.7810684085001113E-036   5.2637322867809592E-041  -1.3673909628198118E-044   6.9652953385587726E-033   2.3271473556783527E-032  -1.4932712637378654E-034  -4.7709062137028063E-034   3.9838813210336275E-016   1.4786248761708663E-016   1.6672232449947523E-016   7.2659656521800011E-035  -8.4866513390983505E-035  -8.2138206581975366E-040   1.7176643721905825E-034  -4.7682524428030970E-034  -5.1542934338806694E-039  -2.2170737145404443E-043  -3.8416445647573551E-032   1.1369987966538111E-032   1.4803665363017468E-033  -1.0763453148627407E-032   5.1094289934242077E-018   2.0453194357574828E-035  -5.2855133517585848E-035  -5.8145432447419092E-040   3.7164368421229277E-043   2.3271473556783527E-032   2.4723136913811791E-031   1.6398413997786899E-033   1.0861518660774227E-032   4.6413793726580771E-021   2.7101203317655500E-018   3.1078189261010797E-018   1.3070476308615838E-036  -1.5536583081263159E-036  -1.5094601843972375E-041   3.1608088595720421E-036  -8.7645422878217623E-036  -9.4721954772069395E-041  -4.1368993041842802E-045   2.4425993890392054E-034   1.7114052926609941E-034   2.6976266071204452E-035  -1.9171384701274796E-034   8.0502776207531679E-020   3.7470748306717473E-037  -9.7108725540361225E-037  -1.0685462058134455E-041   5.5596350480850459E-045  -1.4932712637378654E-034   1.6398413997786899E-033   3.0191369535026703E-035   1.6741048952907913E-034   4.4778167803695164E-018   1.5034967395791847E-017   1.7209545371921640E-017   7.2661971353535957E-036  -8.6203658829108181E-036  -8.3716239154353873E-041   1.7527593945390771E-035  -4.8607918652446561E-035  -5.2533718679384591E-040  -2.2905605045506866E-044   7.7647626950901030E-034   9.7216829514247710E-034   1.4975225806561582E-034  -1.0669689001738793E-033   4.5462670884954033E-019   2.0788742007636014E-036  -5.3858947706479286E-036  -5.9262670361248024E-041   3.1607156719584157E-044  -4.7709062137028063E-034   1.0861518660774227E-032   1.6741048952907913E-034   9.4806494412726035E-034
