   1.0022058083214378        2.0844482075474489E-003  -4.7544896619679837E-003  -1.8053585947868577E-018   6.0374053019583814E-018   9.1668464032206971E-021   1.5288911969985576E-018  -4.9924033541527808E-018  -7.5689071571040261E-021   3.7684996274357902E-017  -8.1192944117353902E-018   9.5995717240127590E-018   1.2454443623405727E-017  -1.0923195566409087E-018   1.8674033461123151E-003  -3.2132999660354446E-019   1.0764001181917137E-018   1.6346555897923479E-021  -5.5383636780750718E-017   7.6046504455489006E-017  -5.3500555670278909E-018  -1.1791071657928390E-016   2.1146702042821693E-018   2.0844482075474489E-003  0.24327601276466645       0.27896382859340357        6.6300904030119858E-017  -2.1310119677274157E-016  -3.2289379662100196E-019  -7.8884128183355596E-018   4.4219927297600510E-017   6.8904124346394094E-020   9.1900745066031258E-018   7.8927999963266246E-017   8.9302600311453321E-018   1.4958009967477369E-016  -1.8971084839582921E-017   7.2294132410692718E-003   4.2027098054348076E-018  -1.1822962972122866E-017  -1.7724952035359998E-020  -4.6937997251936095E-018   2.2582345116988837E-016  -3.8158487951700992E-017  -1.7286523542874534E-016   4.9217726531280729E-017  -4.7544896619679837E-003  0.27896382859340357       0.31993786885473169        7.6043955920219991E-017  -2.4441852173455057E-016  -3.7034636284940929E-019  -9.0569993484315258E-018   5.0745142300322047E-017   7.9070308415217725E-020   1.0270129595793294E-017   9.0569190718787373E-017   1.0172409701855757E-017   1.7144337134779429E-016  -2.1747454082462009E-017   8.2770737819503840E-003   4.8217814603595775E-018  -1.3565749945942422E-017  -2.0337882385549794E-020  -4.9878152206206024E-018   2.5842268126029865E-016  -4.3720406213391048E-017  -1.9739397406843013E-016   5.6425740849177052E-017  -1.8053585947868577E-018   6.6300904030119858E-017   7.6043955920219991E-017   1.8074849472779859E-032  -5.8095873107610524E-032  -8.8027692254101856E-035  -2.1536389590145766E-033   1.2064139581805370E-032   1.8798017054951679E-035   2.4155433531973852E-033   2.1531367504148089E-032   2.4112434565196341E-033   4.0739153085392831E-032  -5.1680573941674297E-033   1.9659827088116598E-018   1.1462261910816234E-033  -3.2249445663027557E-033  -4.8348771484443982E-036  -1.1481508886296533E-033   6.1368977936906537E-032  -1.0387576663143076E-032  -4.6835861236739991E-032   1.3409478159092345E-032   6.0374053019583814E-018  -2.1310119677274157E-016  -2.4441852173455057E-016  -5.8095873107610524E-032   1.8673082010669817E-031   2.8293719578283737E-034   6.9224972941624159E-033  -3.8777238750960235E-032  -6.0421598806630169E-035  -7.7551167722984434E-033  -6.9207152188078503E-032  -7.7478732111027188E-033  -1.3093922203056176E-031   1.6610705312330075E-032  -6.3185448245210628E-018  -3.6842291250205940E-033   1.0365738496123156E-032   1.5540449436429649E-035   3.6773705238322052E-033  -1.9723187904505350E-031   3.3386076030467298E-032   1.5051031929947434E-031  -4.3099707286935122E-032   9.1668464032206971E-021  -3.2289379662100196E-019  -3.7034636284940929E-019  -8.8027692254101856E-035   2.8293719578283737E-034   4.2871046556839671E-037   1.0489091001922218E-035  -5.8755894409879038E-035  -9.1551772131242429E-038  -1.1749948347626791E-035  -1.0486377265149171E-034  -1.1739502105370547E-035  -1.9840065796687572E-034   2.5168746350168449E-035  -9.5739099868999735E-021  -5.5824002072559250E-036   1.5706328442272181E-035   2.3547131462343190E-038   5.5709581407182076E-036  -2.9884699635595937E-034   5.0586936310337638E-035   2.2805306367976276E-034  -6.5305223669449233E-035   1.5288911969985576E-018  -7.8884128183355596E-018  -9.0569993484315258E-018  -2.1536389590145766E-033   6.9224972941624159E-033   1.0489091001922218E-035   2.5833107242112966E-034  -1.4424217764570150E-033  -2.2472672302137862E-036  -2.3808867358155024E-034  -2.5733127298298273E-033  -2.7440040120056331E-034  -4.8324521598737775E-033   6.1367097399292725E-034  -2.3154322434721948E-019  -1.3684535584496978E-034   3.8524479045168767E-034   5.7759120514891091E-037   6.4038259435055721E-035  -7.2044405671343409E-033   1.2293166931585541E-033   5.4198171299275580E-033  -1.5932259595540473E-033  -4.9924033541527808E-018   4.4219927297600510E-017   5.0745142300322047E-017   1.2064139581805370E-032  -3.8777238750960235E-032  -5.8755894409879038E-035  -1.4424217764570150E-033   8.0665796971648067E-033   1.2568332808304935E-035   1.4689133642166408E-033   1.4393768264578495E-032   1.5722009644738401E-033   2.7129075976565654E-032  -3.4433633559608630E-033   1.3044034603229044E-018   7.6583563946270951E-034  -2.1553547677043849E-033  -3.2314137800106092E-036  -5.5656855629950962E-034   4.0650394706129054E-032  -6.9090912515778643E-033  -3.0797450917544124E-032   8.9371610941978092E-033  -7.5689071571040261E-021   6.8904124346394094E-020   7.9070308415217725E-020   1.8798017054951679E-035  -6.0421598806630169E-035  -9.1551772131242429E-038  -2.2472672302137862E-036   1.2568332808304935E-035   1.9582443898982247E-038   2.2967742054795688E-036   2.2426730050100190E-035   2.4518246565772644E-036   4.2275259737013759E-035  -5.3656932507281448E-036   2.0329190712517032E-021   1.1932610729027950E-036  -3.3582575211886619E-036  -5.0348603201281366E-039  -8.7886791807020841E-037   6.3357581174042980E-035  -1.0766899178582067E-035  -4.8013464171365317E-035   1.3926367776814388E-035   3.7684996274357902E-017   9.1900745066031258E-018   1.0270129595793294E-017   2.4155433531973852E-033  -7.7551167722984434E-033  -1.1749948347626791E-035  -2.3808867358155024E-034   1.4689133642166408E-033   2.2967742054795688E-036   1.7583100639253523E-033   2.6515637682167627E-033   6.9469700572791643E-034   6.0698369745330961E-033  -7.5154678428360005E-034   3.4084904283029497E-019   1.4535407038497766E-034  -4.0243585468885583E-034  -6.0254568276104275E-037  -2.2540294233487845E-033   1.1311755573933768E-032  -1.6299752987845435E-033  -1.0899134635536171E-032   1.9227919081171779E-033  -8.1192944117353902E-018   7.8927999963266246E-017   9.0569190718787373E-017   2.1531367504148089E-032  -6.9207152188078503E-032  -1.0486377265149171E-034  -2.5733127298298273E-033   1.4393768264578495E-032   2.2426730050100190E-035   2.6515637682167627E-033   2.5684441081394554E-032   2.8137385037640134E-033   4.8431422159722161E-032  -6.1467821354894506E-033   2.3296514978776759E-018   1.3666552018011339E-033  -3.8461552294358723E-033  -5.7663284406561395E-036  -1.0371331904789376E-033   7.2615294056331687E-032  -1.2335981565439683E-032  -5.5062234746881353E-032   1.5953246142498130E-032   9.5995717240127590E-018   8.9302600311453321E-018   1.0172409701855757E-017   2.4112434565196341E-033  -7.7478732111027188E-033  -1.1739502105370547E-035  -2.7440040120056331E-034   1.5722009644738401E-033   2.4518246565772644E-036   6.9469700572791643E-034   2.8137385037640134E-033   4.1830566369278479E-034   5.5970049901150071E-033  -7.0523207179687872E-034   2.8253576045764270E-019   1.5087898763938841E-034  -4.2281057715556471E-034  -6.3367761560752259E-037  -6.9818943754882531E-034   8.9938333406032910E-033  -1.4484658421901798E-033  -7.4519413964590043E-033   1.8227882917610283E-033   1.2454443623405727E-017   1.4958009967477369E-016   1.7144337134779429E-016   4.0739153085392831E-032  -1.3093922203056176E-031  -1.9840065796687572E-034  -4.8324521598737775E-033   2.7129075976565654E-032   4.2275259737013759E-035   6.0698369745330961E-033   4.8431422159722161E-032   5.5970049901150071E-033   9.2095016646241100E-032  -1.1674880718807839E-032   4.4651875191412668E-018   2.5800841944909365E-033  -7.2563088527233461E-033  -1.0878404111713152E-035  -3.5030096014934665E-033   1.3967548658192986E-031  -2.3518035072229417E-032  -1.0758550459128800E-031   3.0280765889902591E-032  -1.0923195566409087E-018  -1.8971084839582921E-017  -2.1747454082462009E-017  -5.1680573941674297E-033   1.6610705312330075E-032   2.5168746350168449E-035   6.1367097399292725E-034  -3.4433633559608630E-033  -5.3656932507281448E-036  -7.5154678428360005E-034  -6.1467821354894506E-033  -7.0523207179687872E-034  -1.1674880718807839E-032   1.4802606407145671E-033  -5.6543716510810303E-019  -3.2740307113875760E-034   9.2088252806677905E-034   1.3805650257584023E-036   4.1737498184015566E-034  -1.7678860209350234E-032   2.9803251215318897E-033   1.3588346929424307E-032  -3.8396541908402154E-033   1.8674033461123151E-003   7.2294132410692718E-003   8.2770737819503840E-003   1.9659827088116598E-018  -6.3185448245210628E-018  -9.5739099868999735E-021  -2.3154322434721948E-019   1.3044034603229044E-018   2.0329190712517032E-021   3.4084904283029497E-019   2.3296514978776759E-018   2.8253576045764270E-019   4.4651875191412668E-018  -5.6543716510810303E-019   2.1808844729862776E-004   1.2424782698139080E-019  -3.4922036517176231E-019  -5.2351247854026586E-022  -2.3918744466130830E-019   6.8442903011204619E-018  -1.1430018592540610E-018  -5.3467719652692089E-018   1.4656490267513479E-018  -3.2132999660354446E-019   4.2027098054348076E-018   4.8217814603595775E-018   1.1462261910816234E-033  -3.6842291250205940E-033  -5.5824002072559250E-036  -1.3684535584496978E-034   7.6583563946270951E-034   1.1932610729027950E-036   1.4535407038497766E-034   1.3666552018011339E-033   1.5087898763938841E-034   2.5800841944909365E-033  -3.2740307113875760E-034   1.2424782698139080E-019   7.2731240664571869E-035  -2.0466727724084705E-034  -3.0684405165578967E-037  -6.1354408378498080E-035   3.8747832248257166E-033  -6.5741514510546416E-034  -2.9448157637481236E-033   8.4965619104702928E-034   1.0764001181917137E-018  -1.1822962972122866E-017  -1.3565749945942422E-017  -3.2249445663027557E-033   1.0365738496123156E-032   1.5706328442272181E-035   3.8524479045168767E-034  -2.1553547677043849E-033  -3.3582575211886619E-036  -4.0243585468885583E-034  -3.8461552294358723E-033  -4.2281057715556471E-034  -7.2563088527233461E-033   9.2088252806677905E-034  -3.4922036517176231E-019  -2.0466727724084705E-034   5.7596774436988689E-034   8.6351376676907001E-037   1.6307805028437525E-034  -1.0887695669810457E-032   1.8485602997653341E-033   8.2642519178967713E-033  -2.3899412281521868E-033   1.6346555897923479E-021  -1.7724952035359998E-020  -2.0337882385549794E-020  -4.8348771484443982E-036   1.5540449436429649E-035   2.3547131462343190E-038   5.7759120514891091E-037  -3.2314137800106092E-036  -5.0348603201281366E-039  -6.0254568276104275E-037  -5.7663284406561395E-036  -6.3367761560752259E-037  -1.0878404111713152E-035   1.3805650257584023E-036  -5.2351247854026586E-022  -3.0684405165578967E-037   8.6351376676907001E-037   1.2946146439540484E-039   2.4333090687807780E-037  -1.6321254986910729E-035   2.7712514251053442E-036   1.2387312326366745E-035  -3.5829576669501920E-036  -5.5383636780750718E-017  -4.6937997251936095E-018  -4.9878152206206024E-018  -1.1481508886296533E-033   3.6773705238322052E-033   5.5709581407182076E-036   6.4038259435055721E-035  -5.5656855629950962E-034  -8.7886791807020841E-037  -2.2540294233487845E-033  -1.0371331904789376E-033  -6.9818943754882531E-034  -3.5030096014934665E-033   4.1737498184015566E-034  -2.3918744466130830E-019  -6.1354408378498080E-035   1.6307805028437525E-034   2.4333090687807780E-037   3.1467700168152686E-033  -8.4497022236929064E-033   1.0136237946516677E-033   9.7648275448999706E-033  -1.0431030416086523E-033   7.6046504455489006E-017   2.2582345116988837E-016   2.5842268126029865E-016   6.1368977936906537E-032  -1.9723187904505350E-031  -2.9884699635595937E-034  -7.2044405671343409E-033   4.0650394706129054E-032   6.3357581174042980E-035   1.1311755573933768E-032   7.2615294056331687E-032   8.9938333406032910E-033   1.3967548658192986E-031  -1.7678860209350234E-032   6.8442903011204619E-018   3.8747832248257166E-033  -1.0887695669810457E-032  -1.6321254986910729E-035  -8.4497022236929064E-033   2.1510346931203731E-031  -3.5792464907905277E-032  -1.6907386831576597E-031   4.5812052979265266E-032  -5.3500555670278909E-018  -3.8158487951700992E-017  -4.3720406213391048E-017  -1.0387576663143076E-032   3.3386076030467298E-032   5.0586936310337638E-035   1.2293166931585541E-033  -6.9090912515778643E-033  -1.0766899178582067E-035  -1.6299752987845435E-033  -1.2335981565439683E-032  -1.4484658421901798E-033  -2.3518035072229417E-032   2.9803251215318897E-033  -1.1430018592540610E-018  -6.5741514510546416E-034   1.8485602997653341E-033   2.7712514251053442E-036   1.0136237946516677E-033  -3.5792464907905277E-032   6.0104365523246184E-033   2.7697931796467894E-032  -7.7284163213987700E-033  -1.1791071657928390E-016  -1.7286523542874534E-016  -1.9739397406843013E-016  -4.6835861236739991E-032   1.5051031929947434E-031   2.2805306367976276E-034   5.4198171299275580E-033  -3.0797450917544124E-032  -4.8013464171365317E-035  -1.0899134635536171E-032  -5.5062234746881353E-032  -7.4519413964590043E-033  -1.0758550459128800E-031   1.3588346929424307E-032  -5.3467719652692089E-018  -2.9448157637481236E-033   8.2642519178967713E-033   1.2387312326366745E-035   9.7648275448999706E-033  -1.6907386831576597E-031   2.7697931796467894E-032   1.3635952489175329E-031  -3.5169441488103727E-032   2.1146702042821693E-018   4.9217726531280729E-017   5.6425740849177052E-017   1.3409478159092345E-032  -4.3099707286935122E-032  -6.5305223669449233E-035  -1.5932259595540473E-033   8.9371610941978092E-033   1.3926367776814388E-035   1.9227919081171779E-033   1.5953246142498130E-032   1.8227882917610283E-033   3.0280765889902591E-032  -3.8396541908402154E-033   1.4656490267513479E-018   8.4965619104702928E-034  -2.3899412281521868E-033  -3.5829576669501920E-036  -1.0431030416086523E-033   4.5812052979265266E-032  -7.7284163213987700E-033  -3.5169441488103727E-032   9.9602106776232774E-033
