   1.0001997536721590       -1.0074503519301938E-003  -2.2037331470777938E-003   1.3105514809137569E-018  -3.9063800846504217E-022  -1.0353951119224317E-021   4.6416357464269507E-017  -1.6566628250171811E-019  -2.0544605371162953E-022   8.8986688258861231E-019  -2.1215024861325881E-016  -4.3468854132118487E-018   1.3578094681832315E-018  -1.2973591027196876E-016   1.2371403442136917E-003   7.2263723570413540E-019   3.7677224121601162E-023  -6.4526594518886338E-022  -1.6483257712776144E-018   1.1595970903983506E-016  -4.1701708882865536E-018  -1.1429354877584650E-018  -1.3714885537499563E-017  -1.0074503519301938E-003  0.24592096019312801       0.27815471184977708       -1.6197355019432629E-017   5.8409675299088724E-019  -1.3929365581448984E-019  -6.1047387096168239E-017   2.0021391463599612E-018  -4.5090334171923610E-019   4.9127021071434408E-018   1.4923576593784539E-017   5.1276967207578472E-017  -4.1215160106943651E-017   4.9567891761961527E-017   1.5453879645220990E-002  -1.5070869438084015E-017   4.8718252829730817E-019  -1.0520061855341720E-019  -2.0569767212522644E-018  -2.0196709552282115E-016  -1.4086631038348078E-017   3.6098904340556961E-018   4.4968456495086949E-017  -2.2037331470777938E-003  0.27815471184977708       0.31461459054519464       -1.8321724909074458E-017   6.6065430122771927E-019  -1.5754967133118638E-019  -6.9098211444079448E-017   2.2647343273428042E-018  -5.1000269307921675E-019   5.5556595254281433E-018   1.7105331878262289E-017   5.8002426845951701E-017  -4.6618645625748423E-017   5.6202761127695291E-017   1.7478091956946853E-002  -1.7046966134464229E-017   5.5103714451714109E-019  -1.1898849981335835E-019  -2.3248292909746385E-018  -2.2856215842335209E-016  -1.5928518262680531E-017   4.0842522343071196E-018   5.0877032047298831E-017   1.3105514809137569E-018  -1.6197355019432629E-017  -1.8321724909074458E-017   1.0683714265799967E-033  -3.8468498031720076E-035   9.1724490892200519E-036   4.0782579822314202E-033  -1.3206490846407417E-034   2.9695775297186633E-035  -3.2243856095624776E-034  -1.2467564359170418E-033  -3.3824557049886469E-033   2.7160771550217786E-033  -3.4258758496215367E-033  -1.0162376924390171E-018   9.9345090556062730E-034  -3.2085293951392691E-035   6.9276019822335518E-036   1.3341993331578395E-034   1.3445593894492037E-032   9.2254355062034419E-034  -2.3916543389584946E-034  -2.9786370254898738E-033  -3.9063800846504217E-022   5.8409675299088724E-019   6.6065430122771927E-019  -3.8468498031720076E-035   1.3873156734615706E-036  -3.3084517332947825E-037  -1.4490368588888504E-034   4.7550459141544927E-036  -1.0709627519683427E-036   1.1670177782261919E-035   3.5021025058770557E-035   1.2178170386810093E-034  -9.7889402604330194E-035   1.1747139156916263E-034   3.6707733687874106E-020  -3.5794104520751488E-035   1.1571308672825962E-036  -2.4986837021582942E-037  -4.8889245517383964E-036  -4.7946969047044460E-034  -3.3466186735686194E-035   8.5717374737552993E-036   1.0677930196126609E-034  -1.0353951119224317E-021  -1.3929365581448984E-019  -1.5754967133118638E-019   9.1724490892200519E-036  -3.3084517332947825E-037   7.8900784723352501E-038   3.4504108980907769E-035  -1.1337915300940184E-036   2.5540232675455184E-037  -2.7840960498602944E-036  -8.1124028065121200E-036  -2.9037470695437338E-035   2.3343031938115476E-035  -2.7868071822000612E-035  -8.7554184542712111E-021   8.5353258374879241E-036  -2.7595142091927720E-037   5.9589079857455235E-038   1.1677655490576651E-036   1.1421259768839866E-034   7.9856870955088624E-036  -2.0428895245401547E-036  -2.5449143144754250E-035   4.6416357464269507E-017  -6.1047387096168239E-017  -6.9098211444079448E-017   4.0782579822314202E-033  -1.4490368588888504E-034   3.4504108980907769E-035   1.7285302863811081E-032  -5.0427887484491133E-034   1.1183744275100310E-034  -1.1775257911299148E-033  -1.3494074444749735E-032  -1.2919931933735270E-032   1.0286125343795971E-032  -1.8283605567352252E-032  -3.7762439165198679E-018   3.7716958571727319E-033  -1.2084426702176194E-034   2.6065311784108877E-035   4.3415251412730896E-034   5.5450475510096040E-032   3.3017162427958016E-033  -9.4819088347066755E-034  -1.1787501947874316E-032  -1.6566628250171811E-019   2.0021391463599612E-018   2.2647343273428042E-018  -1.3206490846407417E-034   4.7550459141544927E-036  -1.1337915300940184E-036  -5.0427887484491133E-034   1.6324991461016720E-035  -3.6706580876344957E-036   3.9852974556450740E-035   1.5488861723035082E-034   4.1811720816086532E-034  -3.3573599265285555E-034   4.2394448074519188E-034   1.2561137099755773E-019  -1.2280191597529657E-034   3.9660242119672806E-036  -8.5631012801838518E-037  -1.6485827333043252E-035  -1.6624191438722119E-033  -1.1401918769959559E-034   2.9567144226452633E-035   3.6823604927397192E-034  -2.0544605371162953E-022  -4.5090334171923610E-019  -5.1000269307921675E-019   2.9695775297186633E-035  -1.0709627519683427E-036   2.5540232675455184E-037   1.1183744275100310E-034  -3.6706580876344957E-036   8.2674880316679282E-037  -9.0094518867275993E-036  -2.6927561723668563E-035  -9.4009343679605890E-035   7.5566772962404585E-035  -9.0618361329362170E-035  -2.8337813456867929E-020   2.7631527789771403E-035  -8.9326772366603022E-037   1.9289064901955666E-037   3.7749275985645292E-036   3.7007635451001514E-034   2.5836930537774765E-035  -6.6165254761988798E-036  -8.2423224648623937E-035   8.8986688258861231E-019   4.9127021071434408E-018   5.5556595254281433E-018  -3.2243856095624776E-034   1.1670177782261919E-035  -2.7840960498602944E-036  -1.1775257911299148E-033   3.9852974556450740E-035  -9.0094518867275993E-036   9.8967757447024544E-035   1.0516284681267769E-034   1.0205835320301240E-033  -8.2226330626525338E-034   8.7235463408755957E-034   3.0990149341976594E-019  -3.0046573180414791E-034   9.7341747913714097E-036  -2.1025458731177532E-036  -4.2599051842602211E-035  -3.9298975857871574E-033  -2.8525172435289979E-034   7.1087482498629876E-035   8.8601332095082549E-034  -2.1215024861325881E-016   1.4923576593784539E-017   1.7105331878262289E-017  -1.2467564359170418E-033   3.5021025058770557E-035  -8.1124028065121200E-036  -1.3494074444749735E-032   1.5488861723035082E-034  -2.6927561723668563E-035   1.0516284681267769E-034   4.5878622479599988E-032   3.9889175134960410E-033  -2.7532364050063887E-033   3.0475133405097531E-032   6.6205287810113973E-019  -1.0547090224490119E-033   2.9133203823782421E-035  -6.1558278371257922E-036   2.2648394723398511E-034  -3.6669796781306328E-032   4.1672311761096584E-035   4.5828510115898462E-034   5.5980313741177924E-033  -4.3468854132118487E-018   5.1276967207578472E-017   5.8002426845951701E-017  -3.3824557049886469E-033   1.2178170386810093E-034  -2.9037470695437338E-035  -1.2919931933735270E-032   4.1811720816086532E-034  -9.4009343679605890E-035   1.0205835320301240E-033   3.9889175134960410E-033   1.0708867837173183E-032  -8.5986885661988436E-033   1.0871148180382762E-032   3.2169090026819029E-018  -3.1451597183379874E-033   1.0157399426080062E-034  -2.1930924431546482E-035  -4.2204776453314009E-034  -4.2588337832305458E-032  -2.9197161777491744E-033   7.5736410603612773E-034   9.4323336406138964E-033   1.3578094681832315E-018  -4.1215160106943651E-017  -4.6618645625748423E-017   2.7160771550217786E-033  -9.7889402604330194E-035   2.3343031938115476E-035   1.0286125343795971E-032  -3.3573599265285555E-034   7.5566772962404585E-035  -8.2226330626525338E-034  -2.7532364050063887E-033  -8.5986885661988436E-033   6.9088742857255830E-033  -8.4613182218826985E-033  -2.5884493833912244E-018   2.5265902481595003E-033  -8.1647011422813379E-035   1.7629834045167563E-035   3.4276988472200293E-034   3.3985567188410338E-032   2.3558252162921427E-033  -6.0634119301977631E-034  -7.5525795431219222E-033  -1.2973591027196876E-016   4.9567891761961527E-017   5.6202761127695291E-017  -3.4258758496215367E-033   1.1747139156916263E-034  -2.7868071822000612E-035  -1.8283605567352252E-032   4.2394448074519188E-034  -9.0618361329362170E-035   8.7235463408755957E-034   3.0475133405097531E-032   1.0871148180382762E-032  -8.4613182218826985E-033   2.6766394033077891E-032   2.9464699778464347E-018  -3.1232794677187561E-033   9.7933283019197875E-035  -2.1064883078059320E-035  -2.0004286265393996E-034  -5.5619040244388604E-032  -2.2917628946099682E-033   8.7371396078343086E-034   1.0816176499662455E-032   1.2371403442136917E-003   1.5453879645220990E-002   1.7478091956946853E-002  -1.0162376924390171E-018   3.6707733687874106E-020  -8.7554184542712111E-021  -3.7762439165198679E-018   1.2561137099755773E-019  -2.8337813456867929E-020   3.0990149341976594E-019   6.6205287810113973E-019   3.2169090026819029E-018  -2.5884493833912244E-018   2.9464699778464347E-018   9.7282561175122614E-004  -9.4620679558633249E-019   3.0617603112598932E-020  -6.6122945255772627E-021  -1.3141624577166567E-019  -1.2542087408645369E-017  -8.9071279031835918E-019   2.2538173502049574E-019   2.8082630631190520E-018   7.2263723570413540E-019  -1.5070869438084015E-017  -1.7046966134464229E-017   9.9345090556062730E-034  -3.5794104520751488E-035   8.5353258374879241E-036   3.7716958571727319E-033  -1.2280191597529657E-034   2.7631527789771403E-035  -3.0046573180414791E-034  -1.0547090224490119E-033  -3.1451597183379874E-033   2.5265902481595003E-033  -3.1232794677187561E-033  -9.4620679558633249E-019   9.2403062783673404E-034  -2.9854851881234166E-035   6.4463391046100244E-036   1.2496377196728759E-034   1.2453303482406208E-032   8.6048281804985346E-034  -2.2197175690083457E-034  -2.7647599647548543E-033   3.7677224121601162E-023   4.8718252829730817E-019   5.5103714451714109E-019  -3.2085293951392691E-035   1.1571308672825962E-036  -2.7595142091927720E-037  -1.2084426702176194E-034   3.9660242119672806E-036  -8.9326772366603022E-037   9.7341747913714097E-036   2.9133203823782421E-035   1.0157399426080062E-034  -8.1647011422813379E-035   9.7933283019197875E-035   3.0617603112598932E-020  -2.9854851881234166E-035   9.6513868682101338E-037  -2.0841022002027051E-037  -4.0783488404280668E-036  -3.9987350525906138E-034  -2.7914962490303730E-035   7.1490917088645739E-036   8.9057399780565966E-035  -6.4526594518886338E-022  -1.0520061855341720E-019  -1.1898849981335835E-019   6.9276019822335518E-036  -2.4986837021582942E-037   5.9589079857455235E-038   2.6065311784108877E-035  -8.5631012801838518E-037   1.9289064901955666E-037  -2.1025458731177532E-036  -6.1558278371257922E-036  -2.1930924431546482E-035   1.7629834045167563E-035  -2.1064883078059320E-035  -6.6122945255772627E-021   6.4463391046100244E-036  -2.0841022002027051E-037   4.5004114027321334E-038   8.8172081068170035E-037   8.6274050751150663E-035   6.0305598442519212E-036  -1.5430330921094596E-036  -1.9222147595798665E-035  -1.6483257712776144E-018  -2.0569767212522644E-018  -2.3248292909746385E-018   1.3341993331578395E-034  -4.8889245517383964E-036   1.1677655490576651E-036   4.3415251412730896E-034  -1.6485827333043252E-035   3.7749275985645292E-036  -4.2599051842602211E-035   2.2648394723398511E-034  -4.2204776453314009E-034   3.4276988472200293E-034  -2.0004286265393996E-034  -1.3141624577166567E-019   1.2496377196728759E-034  -4.0783488404280668E-036   8.8172081068170035E-037   1.9949629852525221E-035   1.4986213790781897E-033   1.2482913417313796E-034  -2.8325805781344910E-035  -3.5372074446486851E-034   1.1595970903983506E-016  -2.0196709552282115E-016  -2.2856215842335209E-016   1.3445593894492037E-032  -4.7946969047044460E-034   1.1421259768839866E-034   5.5450475510096040E-032  -1.6624191438722119E-033   3.7007635451001514E-034  -3.9298975857871574E-033  -3.6669796781306328E-032  -4.2588337832305458E-032   3.3985567188410338E-032  -5.5619040244388604E-032  -1.2542087408645369E-017   1.2453303482406208E-032  -3.9987350525906138E-034   8.6274050751150663E-035   1.4986213790781897E-033   1.7912203757789059E-031   1.1082233608309078E-032  -3.0945494628520293E-033  -3.8488681312349347E-032  -4.1701708882865536E-018  -1.4086631038348078E-017  -1.5928518262680531E-017   9.2254355062034419E-034  -3.3466186735686194E-035   7.9856870955088624E-036   3.3017162427958016E-033  -1.1401918769959559E-034   2.5836930537774765E-035  -2.8525172435289979E-034   4.1672311761096584E-035  -2.9197161777491744E-033   2.3558252162921427E-033  -2.2917628946099682E-033  -8.9071279031835918E-019   8.6048281804985346E-034  -2.7914962490303730E-035   6.0305598442519212E-036   1.2482913417313796E-034   1.1082233608309078E-032   8.2476963803798690E-034  -2.0200987516761893E-034  -2.5186492763763049E-033  -1.1429354877584650E-018   3.6098904340556961E-018   4.0842522343071196E-018  -2.3916543389584946E-034   8.5717374737552993E-036  -2.0428895245401547E-036  -9.4819088347066755E-034   2.9567144226452633E-035  -6.6165254761988798E-036   7.1087482498629876E-035   4.5828510115898462E-034   7.5736410603612773E-034  -6.0634119301977631E-034   8.7371396078343086E-034   2.2538173502049574E-019  -2.2197175690083457E-034   7.1490917088645739E-036  -1.5430330921094596E-036  -2.8325805781344910E-035  -3.0945494628520293E-033  -2.0200987516761893E-034   5.4262293076934802E-035   6.7535661442832592E-034  -1.3714885537499563E-017   4.4968456495086949E-017   5.0877032047298831E-017  -2.9786370254898738E-033   1.0677930196126609E-034  -2.5449143144754250E-035  -1.1787501947874316E-032   3.6823604927397192E-034  -8.2423224648623937E-035   8.8601332095082549E-034   5.5980313741177924E-033   9.4323336406138964E-033  -7.5525795431219222E-033   1.0816176499662455E-032   2.8082630631190520E-018  -2.7647599647548543E-033   8.9057399780565966E-035  -1.9222147595798665E-035  -3.5372074446486851E-034  -3.8488681312349347E-032  -2.5186492763763049E-033   6.7535661442832592E-034   8.4058561548669806E-033
