   1.0001997536325851       -1.0074471570512698E-003  -2.2037294025473667E-003   8.2482357002791947E-021   3.4626121369878203E-021   3.8249518583184968E-022  -2.7621681256370186E-021   1.3902446294574024E-020   3.5475373053526763E-021   8.5457991209699202E-018  -1.0147770860528266E-016   2.9786889863158664E-017   1.1013948487278604E-017   7.1061409293661139E-017   1.2371404838942323E-003   4.6157630214260130E-021   4.5984802195532986E-021   8.2243903725839386E-022  -1.7418729992500452E-017   6.7908396036451072E-017  -4.4474309577378303E-018   1.5157707893880063E-018  -1.2562024234862082E-017  -1.0074471570512698E-003  0.24592097811082383       0.27815471799879404        9.3956292641168414E-019   6.6157701454051712E-019   1.4675927116864701E-019   3.0811332016279784E-018   2.4481729179601375E-018   5.4199842421395589E-019  -7.8736887155279468E-018   1.3494184981792735E-018  -3.4660932800987713E-017   1.4532849041855079E-017  -1.0143674796792072E-016   1.5453873461706029E-002   7.4268455073251395E-019   7.2196025933516612E-019   1.3264428465274783E-019   1.7165019590708037E-017  -7.8951589180680451E-017   1.9768971121609728E-017   1.5915833710055778E-017  -3.2847138130095904E-017  -2.2037294025473667E-003  0.27815471799879404       0.31461458153241995        1.0627019191313531E-018   7.4828570585419321E-019   1.6599448568764379E-019   3.4849778304757893E-018   2.7690382118976873E-018   6.1303395398478707E-019  -8.9147798017635380E-018   1.6342604707368714E-018  -3.9235607804636425E-017   1.6425938952193796E-017  -1.1480759330421806E-016   1.7478084075990694E-002   8.4002271563266022E-019   8.1658212615571870E-019   1.5002899095098069E-019   1.9433359075060103E-017  -8.9371967670058075E-017   2.2364806693241436E-017   1.8000296618978085E-017  -3.7139020223988902E-017   8.2482357002791947E-021   9.3956292641168414E-019   1.0627019191313531E-018   3.5898298775358156E-036   2.5276883699620408E-036   5.6071872073140326E-037   1.1771862155115031E-035   9.3537514005828519E-036   2.0708228532871249E-036  -2.9979156106746908E-035   3.9282761723524622E-036  -1.3206661810878023E-034   5.5657972598904562E-035  -3.8669364440560951E-034   5.9058624164549454E-020   2.8375848776173735E-036   2.7584046468226271E-036   5.0679578351687227E-037   6.5370653536028049E-035  -3.0082412064205388E-034   7.5476297231164586E-035   6.0826977198052281E-035  -1.2564897103689687E-034   3.4626121369878203E-021   6.6157701454051712E-019   7.4828570585419321E-019   2.5276883699620408E-036   1.7798136551185663E-036   3.9481810067281468E-037   8.2889303938685792E-036   6.5862264561267942E-036   1.4581206381297682E-036  -2.1129267632173060E-035   3.0039579872107612E-036  -9.3061940035268372E-035   3.9164635651507358E-035  -2.7244930318165155E-034   4.1582061380217340E-020   1.9980184481206878E-036   1.9422652951258646E-036   3.5684829934080048E-037   4.6070295406125572E-035  -2.1197858328451310E-034   5.3155570075378143E-035   4.2826558876133835E-035  -8.8443783094241834E-035   3.8249518583184968E-022   1.4675927116864701E-019   1.6599448568764379E-019   5.6071872073140326E-037   3.9481810067281468E-037   8.7583099940153657E-038   1.8387502008328065E-036   1.4610297349163146E-036   3.2345629639847891E-037  -4.6904402718519937E-036   7.0549797770902548E-037  -2.0655590704922507E-035   8.6837189597810717E-036  -6.0465342601014093E-035   9.2237504953605990E-021   4.4322243878649849E-037   4.3085461787482054E-037   7.9160017343618960E-038   1.0226576643035557E-035  -4.7049792590387556E-035   1.1793315521318382E-035   9.4997123083752338E-036  -1.9614808761802102E-035  -2.7621681256370186E-021   3.0811332016279784E-018   3.4849778304757893E-018   1.1771862155115031E-035   8.2889303938685792E-036   1.8387502008328065E-036   3.8603480610798383E-035   3.0673287562278346E-035   6.7907314626218177E-036  -9.8565174357517113E-035   1.5906475988758640E-035  -4.3397307002181854E-034   1.8219059559724396E-034  -1.2702001495873065E-033   1.9363372616693254E-019   9.3051378184117793E-036   9.0454830686654061E-036   1.6619079178197774E-036   2.1488875779401072E-034  -9.8851475135332441E-034   2.4764153124126791E-034   1.9942437139629125E-034  -4.1166552507701368E-034   1.3902446294574024E-020   2.4481729179601375E-018   2.7690382118976873E-018   9.3537514005828519E-036   6.5862264561267942E-036   1.4610297349163146E-036   3.0673287562278346E-035   2.4372428493815376E-035   5.3957975166826901E-036  -7.8179814504743431E-035   1.1005696251271536E-035  -3.4434444112716634E-034   1.4494121582355568E-034  -1.0081246823070177E-033   1.5387628507694982E-019   7.3936972766654237E-036   7.1873820180371744E-036   1.3205224893079570E-036   1.7046473889994681E-034  -7.8435546015133833E-034   1.9669800942136803E-034   1.5848186699183974E-034  -3.2730100266443036E-034   3.5475373053526763E-021   5.4199842421395589E-019   6.1303395398478707E-019   2.0708228532871249E-036   1.4581206381297682E-036   3.2345629639847891E-037   6.7907314626218177E-036   5.3957975166826901E-036   1.1945726386684921E-036  -1.7304148865807486E-035   2.3888884215561941E-036  -7.6220132033639288E-035   3.2093583218612254E-035  -2.2315448667272034E-034   3.4067119398674917E-020   1.6368864503156765E-036   1.5912104844873543E-036   2.9234972469955301E-037   3.7730862263582810E-035  -1.7361589161486398E-034   4.3544714697821115E-035   3.5086876061617472E-035  -7.2466786594924359E-035   8.5457991209699202E-018  -7.8736887155279468E-018  -8.9147798017635380E-018  -2.9979156106746908E-035  -2.1129267632173060E-035  -4.6904402718519937E-036  -9.8565174357517113E-035  -7.8179814504743431E-035  -1.7304148865807486E-035   3.2455931573499035E-034  -9.0692339404174811E-034   1.3620780233095091E-033  -3.7104424938424522E-034   3.8490444951986961E-033  -4.8371971049883909E-019  -2.3713456041162499E-035  -2.3050793071119796E-035  -4.2352660799187976E-036  -6.9724256487595113E-034   3.1030797976925542E-033  -6.7011275055631873E-034  -4.9612258498756395E-034   9.4359992868194032E-034  -1.0147770860528266E-016   1.3494184981792735E-018   1.6342604707368714E-018   3.9282761723524622E-036   3.0039579872107612E-036   7.0549797770902548E-037   1.5906475988758640E-035   1.1005696251271536E-035   2.3888884215561941E-036  -9.0692339404174811E-034   1.0301994062736640E-032  -3.1977355692276552E-033  -1.0436861108795636E-033  -7.7237915177381856E-033  -4.7135062875226161E-020   3.2983123938758911E-036   3.1949606435779296E-036   5.8927920789033465E-037   1.8542247689259178E-033  -7.2898754341901794E-033   5.5146238707370499E-034  -7.3059884163956725E-035   1.1078594236019058E-033   2.9786889863158664E-017  -3.4660932800987713E-017  -3.9235607804636425E-017  -1.3206661810878023E-034  -9.3061940035268372E-035  -2.0655590704922507E-035  -4.3397307002181854E-034  -3.4434444112716634E-034  -7.6220132033639288E-035   1.3620780233095091E-033  -3.1977355692276552E-033   5.7638768955672646E-033  -1.7201007115424104E-033   1.6390717304824421E-032  -2.1395769482428312E-018  -1.0444948351473749E-034  -1.0153156052559982E-034  -1.8654851166163360E-035  -2.9334870776223226E-033   1.3130860809201921E-032  -2.9157230116566464E-033  -2.1963727425484432E-033   4.2532711401905704E-033   1.1013948487278604E-017   1.4532849041855079E-017   1.6425938952193796E-017   5.5657972598904562E-035   3.9164635651507358E-035   8.6837189597810717E-036   1.8219059559724396E-034   1.4494121582355568E-034   3.2093583218612254E-035  -3.7104424938424522E-034  -1.0436861108795636E-033  -1.7201007115424104E-033   9.8142557854589657E-034  -5.2123232030444774E-033   9.2765369343114014E-019   4.3974180132203971E-035   4.2748334293465491E-035   7.8538158606596682E-036   8.2230743773970646E-034  -3.9174373327726205E-033   1.1199170128658453E-033   9.5805927096376091E-034  -2.0816894623533914E-033   7.1061409293661139E-017  -1.0143674796792072E-016  -1.1480759330421806E-016  -3.8669364440560951E-034  -2.7244930318165155E-034  -6.0465342601014093E-035  -1.2702001495873065E-033  -1.0081246823070177E-033  -2.2315448667272034E-034   3.8490444951986961E-033  -7.7237915177381856E-033   1.6390717304824421E-032  -5.2123232030444774E-033   4.6830187230000440E-032  -6.2825140171495483E-018  -3.0579937847412964E-034  -2.9725830223622548E-034  -5.4616245354025504E-035  -8.3055295638159617E-033   3.7339378714067810E-032  -8.4626568732795474E-033  -6.4532480983326065E-033   1.2651903220815871E-032   1.2371404838942323E-003   1.5453873461706029E-002   1.7478084075990694E-002   5.9058624164549454E-020   4.1582061380217340E-020   9.2237504953605990E-021   1.9363372616693254E-019   1.5387628507694982E-019   3.4067119398674917E-020  -4.8371971049883909E-019  -4.7135062875226161E-020  -2.1395769482428312E-018   9.2765369343114014E-019  -6.2825140171495483E-018   9.7282476360373640E-004   4.6680855985522880E-020   4.5378391870104219E-020   8.3372501399511361E-021   1.0561074185183359E-018  -4.8735081923768013E-018   1.2366209288634687E-018   1.0022194541027025E-018  -2.0806488041761324E-018   4.6157630214260130E-021   7.4268455073251395E-019   8.4002271563266022E-019   2.8375848776173735E-036   1.9980184481206878E-036   4.4322243878649849E-037   9.3051378184117793E-036   7.3936972766654237E-036   1.6368864503156765E-036  -2.3713456041162499E-035   3.2983123938758911E-036  -1.0444948351473749E-034   4.3974180132203971E-035  -3.0579937847412964E-034   4.6680855985522880E-020   2.2429756352791954E-036   2.1803872234666572E-036   4.0059792182568903E-037   5.1705749528011708E-035  -2.3791734324430008E-034   5.9669116915277072E-035   4.8078129838842987E-035  -9.9295998975580010E-035   4.5984802195532986E-021   7.2196025933516612E-019   8.1658212615571870E-019   2.7584046468226271E-036   1.9422652951258646E-036   4.3085461787482054E-037   9.0454830686654061E-036   7.1873820180371744E-036   1.5912104844873543E-036  -2.3050793071119796E-035   3.1949606435779296E-036  -1.0153156052559982E-034   4.2748334293465491E-035  -2.9725830223622548E-034   4.5378391870104219E-020   2.1803872234666572E-036   2.1195453028418473E-036   3.8941956224228623E-037   5.0260988651887182E-035  -2.3127082713951871E-034   5.8003589154696382E-035   4.6736706677695099E-035  -9.6526602662167449E-035   8.2243903725839386E-022   1.3264428465274783E-019   1.5002899095098069E-019   5.0679578351687227E-037   3.5684829934080048E-037   7.9160017343618960E-038   1.6619079178197774E-036   1.3205224893079570E-036   2.9234972469955301E-037  -4.2352660799187976E-036   5.8927920789033465E-037  -1.8654851166163360E-035   7.8538158606596682E-036  -5.4616245354025504E-035   8.3372501399511361E-021   4.0059792182568903E-037   3.8941956224228623E-037   7.1547230587521215E-038   9.2347378980192436E-036  -4.2492432616373327E-035   1.0656978949764937E-035   8.5868042557212301E-036  -1.7734350926551820E-035  -1.7418729992500452E-017   1.7165019590708037E-017   1.9433359075060103E-017   6.5370653536028049E-035   4.6070295406125572E-035   1.0226576643035557E-035   2.1488875779401072E-034   1.7046473889994681E-034   3.7730862263582810E-035  -6.9724256487595113E-034   1.8542247689259178E-033  -2.9334870776223226E-033   8.2230743773970646E-034  -8.3055295638159617E-033   1.0561074185183359E-018   5.1705749528011708E-035   5.0260988651887182E-035   9.2347378980192436E-036   1.4990084007039537E-033  -6.6829983168787175E-033   1.4555889714849674E-033   1.0834860738536310E-033  -2.0724723605601246E-033   6.7908396036451072E-017  -7.8951589180680451E-017  -8.9371967670058075E-017  -3.0082412064205388E-034  -2.1197858328451310E-034  -4.7049792590387556E-035  -9.8851475135332441E-034  -7.8435546015133833E-034  -1.7361589161486398E-034   3.1030797976925542E-033  -7.2898754341901794E-033   1.3130860809201921E-032  -3.9174373327726205E-033   3.7339378714067810E-032  -4.8735081923768013E-018  -2.3791734324430008E-034  -2.3127082713951871E-034  -4.2492432616373327E-035  -6.6829983168787175E-033   2.9913810744831603E-032  -6.6417686726520946E-033  -5.0028625981195957E-033   9.6874641188227529E-033  -4.4474309577378303E-018   1.9768971121609728E-017   2.2364806693241436E-017   7.5476297231164586E-035   5.3155570075378143E-035   1.1793315521318382E-035   2.4764153124126791E-034   1.9669800942136803E-034   4.3544714697821115E-035  -6.7011275055631873E-034   5.5146238707370499E-034  -2.9157230116566464E-033   1.1199170128658453E-033  -8.4626568732795474E-033   1.2366209288634687E-018   5.9669116915277072E-035   5.8003589154696382E-035   1.0656978949764937E-035   1.4555889714849674E-033  -6.6417686726520946E-033   1.6082401561389049E-033   1.2725321078120224E-033  -2.5850710129976399E-033   1.5157707893880063E-018   1.5915833710055778E-017   1.8000296618978085E-017   6.0826977198052281E-035   4.2826558876133835E-035   9.4997123083752338E-036   1.9942437139629125E-034   1.5848186699183974E-034   3.5086876061617472E-035  -4.9612258498756395E-034  -7.3059884163956725E-035  -2.1963727425484432E-033   9.5805927096376091E-034  -6.4532480983326065E-033   1.0022194541027025E-018   4.8078129838842987E-035   4.6736706677695099E-035   8.5868042557212301E-036   1.0834860738536310E-033  -5.0028625981195957E-033   1.2725321078120224E-033   1.0325606102324639E-033  -2.1459128300118405E-033  -1.2562024234862082E-017  -3.2847138130095904E-017  -3.7139020223988902E-017  -1.2564897103689687E-034  -8.8443783094241834E-035  -1.9614808761802102E-035  -4.1166552507701368E-034  -3.2730100266443036E-034  -7.2466786594924359E-035   9.4359992868194032E-034   1.1078594236019058E-033   4.2532711401905704E-033  -2.0816894623533914E-033   1.2651903220815871E-032  -2.0806488041761324E-018  -9.9295998975580010E-035  -9.6526602662167449E-035  -1.7734350926551820E-035  -2.0724723605601246E-033   9.6874641188227529E-033  -2.5850710129976399E-033  -2.1459128300118405E-033   4.5484936476952288E-033
