   1.0001997536721576       -1.0074503519301753E-003  -2.2037331470777096E-003  -1.2185358317732100E-019   9.9765436633489107E-022  -1.6775162347141227E-022   2.7822642307184824E-019  -3.1240798928867618E-022   1.8367758053631757E-022   9.2459557675168501E-018   1.6572862336274264E-016   1.1598158936511288E-016  -6.6733629365289740E-017   3.8515800488023492E-017   1.2371403442138808E-003   3.4929685985107438E-020  -2.5978222246243942E-022   2.9126178630491684E-023  -1.2446550983370252E-017  -1.0960958520439306E-017   7.1193230170959561E-018  -7.5428284880118276E-018  -1.1174866123877925E-017  -1.0074503519301753E-003  0.24592096019312784       0.27815471184977653        3.7968212760502622E-018  -8.1508945167200376E-021   3.6060803798983223E-021   2.5795345067833346E-017  -2.2557022513355475E-020   2.3611452605635472E-020   4.2697567434774331E-018  -1.2243894134054606E-016   5.0172020276282000E-017  -5.6545193808698976E-018  -2.7981933513836385E-019   1.5453879645221415E-002   6.6378457990067864E-018  -4.8931809618383608E-020   6.3851442688432107E-021   1.9130657224917042E-018   4.1419204303997278E-017   9.0110263572353850E-017   3.6012368115875618E-018   1.6143981582594306E-017  -2.2037331470777096E-003  0.27815471184977653       0.31461459054519364        4.2945975083861607E-018  -9.2202878055502117E-021   4.0789051796499536E-021   2.9176025967992242E-017  -2.5513222483753941E-020   2.6705992926404056E-020   4.8195527018938527E-018  -1.3866326280246201E-016   5.6624622889461617E-017  -6.3246468698364519E-018  -3.5747680432905384E-019   1.7478091956947314E-002   7.5078262085371682E-018  -5.5344989566174804E-020   7.2220094494146974E-021   2.1770532770916928E-018   4.6859651731529318E-017   1.0191337452863401E-016   4.0812740306808856E-018   1.8271851727257802E-017  -1.2185358317732100E-019   3.7968212760502622E-018   4.2945975083861607E-018   5.8631155492883224E-035  -1.2594571767586799E-037   5.5691230923693771E-038   3.9821852200274910E-034  -3.4821921080430596E-037   3.6451198317140115E-037   6.4937094356278530E-035  -1.9079185934930935E-033   7.6226732466976602E-034  -8.0206401858595621E-035  -8.4134672673378108E-036   2.3845722738239916E-019   1.0247638303609300E-034  -7.5541876072568273E-037   9.8575602039632651E-038   3.0858160494882636E-035   6.4062598919235866E-034   1.3904339263028248E-033   5.6400264877568322E-035   2.5043067454413221E-034   9.9765436633489107E-022  -8.1508945167200376E-021  -9.2202878055502117E-021  -1.2594571767586799E-037   2.7108585927914492E-040  -1.1966873389743453E-040  -8.5460027062840469E-037   7.4724795603591484E-040  -7.8231631507591012E-040  -1.3258773067644597E-037   4.2174523514366994E-036  -1.5509068034172561E-036   1.2305694433295104E-037   4.6405429255908981E-038  -5.1095532593465507E-022  -2.1994730536424181E-037   1.6213701437632550E-039  -2.1157826619912846E-040  -7.5399198454985213E-038  -1.3832168977621478E-036  -2.9794281861232477E-036  -1.2661833929562248E-037  -5.4579169064367582E-037  -1.6775162347141227E-022   3.6060803798983223E-021   4.0789051796499536E-021   5.5691230923693771E-038  -1.1966873389743453E-040   5.2901427104677186E-041   3.7819325315566922E-037  -3.3070466937218995E-040   3.4618541232847546E-040   6.1193063227340018E-038  -1.8206638571791440E-036   7.1793047845413156E-037  -7.2705090759494715E-038  -9.9939249177951446E-039   2.2641021692552923E-022   9.7325046408215284E-038  -7.1744485455427149E-040   9.3620584610671675E-041   2.9954869542593376E-038   6.0900411197979472E-037   1.3201932312364477E-036   5.3958415853202998E-038   2.3842754833686230E-037   2.7822642307184824E-019   2.5795345067833346E-017   2.9176025967992242E-017   3.9821852200274910E-034  -8.5460027062840469E-037   3.7819325315566922E-037   2.7058940536573205E-033  -2.3662252696084383E-036   2.4767796722453774E-036   4.5142241000079847E-034  -1.2779548484120278E-032   5.3072807109905662E-033  -6.1874150092499580E-034  -1.4568129189317101E-035   1.6215002909622745E-018   6.9628626431586138E-034  -5.1327725589729258E-036   6.6977706120389253E-037   1.9589257700578931E-034   4.3404355182463126E-033   9.4547946783153886E-033   3.7485444626343391E-034   1.6891240736512709E-033  -3.1240798928867618E-022  -2.2557022513355475E-020  -2.5513222483753941E-020  -3.4821921080430596E-037   7.4724795603591484E-040  -3.3070466937218995E-040  -2.3662252696084383E-036   2.0691996198242728E-039  -2.1658665338519705E-039  -3.9539134946135763E-037   1.1163799804594591E-035  -4.6490379509287934E-036   5.4567794318761907E-037   1.0078039385746238E-038  -1.4180285763177384E-021  -6.0887945571624532E-037   4.4884410802144415E-039  -5.8569771967249102E-040  -1.7044094383662822E-037  -3.7947958231891191E-036  -8.2683663675518111E-036  -3.2727542098170744E-037  -1.4763055063605751E-036   1.8367758053631757E-022   2.3611452605635472E-020   2.6705992926404056E-020   3.6451198317140115E-037  -7.8231631507591012E-040   3.4618541232847546E-040   2.4767796722453774E-036  -2.1658665338519705E-039   2.2670699804690873E-039   4.1254644765537657E-037  -1.1709330664671630E-035   4.8497073552068775E-036  -5.6161906543428088E-037  -1.6068516001559738E-038   1.4841280904678665E-021   6.3733267934941593E-037  -4.6981877164946070E-039   6.1306829095315263E-040   1.8019076269584304E-037   3.9737303570876996E-036   8.6537987715509590E-036   3.4365275838474596E-037   1.5469074897636475E-036   9.2459557675168501E-018   4.2697567434774331E-018   4.8195527018938527E-018   6.4937094356278530E-035  -1.3258773067644597E-037   6.1193063227340018E-038   4.5142241000079847E-034  -3.9539134946135763E-037   4.1254644765537657E-037   1.5992752873328813E-034  -5.9555066299039393E-034   1.9471851581054775E-033  -7.1645263673519750E-034   3.5185038178264721E-034   2.8035938739704678E-019   1.1582371461437215E-034  -8.5383196615787088E-037   1.1137289361688209E-037  -8.1987588741743351E-035   6.1918830697538549E-034   1.6338781268140447E-033  -7.1964906452304282E-036   1.7741185582884389E-034   1.6572862336274264E-016  -1.2243894134054606E-016  -1.3866326280246201E-016  -1.9079185934930935E-033   4.2174523514366994E-036  -1.8206638571791440E-036  -1.2779548484120278E-032   1.1163799804594591E-035  -1.1709330664671630E-035  -5.9555066299039393E-034   8.8254440806304599E-032  -5.7861078599195630E-033  -8.2126019382420631E-033   6.5017336834920763E-033  -7.4793385218669551E-018  -3.2945833168801321E-033   2.4286103351697925E-035  -3.1698981934479627E-036  -3.0072855404308076E-033  -2.2404424324375439E-032  -4.3626973636559819E-032  -3.0365793678363838E-033  -9.8728568411830721E-033   1.1598158936511288E-016   5.0172020276282000E-017   5.6624622889461617E-017   7.6226732466976602E-034  -1.5509068034172561E-036   7.1793047845413156E-037   5.3072807109905662E-033  -4.6490379509287934E-036   4.8497073552068775E-036   1.9471851581054775E-033  -5.7861078599195630E-033   2.3732745627865527E-032  -8.9083802495495029E-033   4.4169438857151916E-033   3.3039178076314602E-018   1.3614488387962653E-033  -1.0036377103236479E-035   1.3090990503860518E-036  -1.0546380992787073E-033   7.1966532518879501E-033   1.9253906292411502E-032  -1.3978138517706074E-034   2.0032053400788182E-033  -6.6733629365289740E-017  -5.6545193808698976E-018  -6.3246468698364519E-018  -8.0206401858595621E-035   1.2305694433295104E-037  -7.2705090759494715E-038  -6.1874150092499580E-034   5.4567794318761907E-037  -5.6161906543428088E-037  -7.1645263673519750E-034  -8.2126019382420631E-033  -8.9083802495495029E-033   4.5856136151554212E-033  -2.5641779982372822E-033  -4.4213159699342691E-019  -1.5677186650051381E-034   1.1558188158014780E-036  -1.5050499710521633E-037   7.8621866861803484E-034  -2.3211138139434687E-034  -2.5717354603635824E-033   4.1964779401836607E-034   3.7023572920591128E-034   3.8515800488023492E-017  -2.7981933513836385E-019  -3.5747680432905384E-019  -8.4134672673378108E-036   4.6405429255908981E-038  -9.9939249177951446E-039  -1.4568129189317101E-035   1.0078039385746238E-038  -1.6068516001559738E-038   3.5185038178264721E-034   6.5017336834920763E-033   4.4169438857151916E-033  -2.5641779982372822E-033   1.4834068446248091E-033   3.2492479465753215E-020  -5.1606621433060277E-036   3.7954240809946306E-038  -5.1364675950487993E-039  -4.8115582830104701E-034  -4.6266961488643095E-034   1.8582822810818142E-034  -2.9398215611873906E-034  -4.4613452119908003E-034   1.2371403442138808E-003   1.5453879645221415E-002   1.7478091956947314E-002   2.3845722738239916E-019  -5.1095532593465507E-022   2.2641021692552923E-022   1.6215002909622745E-018  -1.4180285763177384E-021   1.4841280904678665E-021   2.8035938739704678E-019  -7.4793385218669551E-018   3.3039178076314602E-018  -4.4213159699342691E-019   3.2492479465753215E-020   9.7282561175128068E-004   4.1720857544941007E-019  -3.0755144054622179E-021   4.0131970740387330E-022   1.0404590269942207E-019   2.5887868123518344E-018   5.6723411057349902E-018   2.1651677903220320E-019   1.0000578438070065E-018   3.4929685985107438E-020   6.6378457990067864E-018   7.5078262085371682E-018   1.0247638303609300E-034  -2.1994730536424181E-037   9.7325046408215284E-038   6.9628626431586138E-034  -6.0887945571624532E-037   6.3733267934941593E-037   1.1582371461437215E-034  -3.2945833168801321E-033   1.3614488387962653E-033  -1.5677186650051381E-034  -5.1606621433060277E-036   4.1720857544941007E-019   1.7917116821882836E-034  -1.3207854932571971E-036   1.7234987797312953E-037   5.0864485830916452E-035   1.1173080258727977E-033   2.4327020147585064E-033   9.6736239502586772E-035   4.3506491955858095E-034  -2.5978222246243942E-022  -4.8931809618383608E-020  -5.5344989566174804E-020  -7.5541876072568273E-037   1.6213701437632550E-039  -7.1744485455427149E-040  -5.1327725589729258E-036   4.4884410802144415E-039  -4.6981877164946070E-039  -8.5383196615787088E-037   2.4286103351697925E-035  -1.0036377103236479E-035   1.1558188158014780E-036   3.7954240809946306E-038  -3.0755144054622179E-021  -1.3207854932571971E-036   9.7363562312103797E-039  -1.2705013815382603E-039  -3.7492616014452580E-037  -8.2363677967620809E-036  -1.7933020653536900E-035  -7.1308747310540781E-037  -3.2071164954162135E-036   2.9126178630491684E-023   6.3851442688432107E-021   7.2220094494146974E-021   9.8575602039632651E-038  -2.1157826619912846E-040   9.3620584610671675E-041   6.6977706120389253E-037  -5.8569771967249102E-040   6.1306829095315263E-040   1.1137289361688209E-037  -3.1698981934479627E-036   1.3090990503860518E-036  -1.5050499710521633E-037  -5.1364675950487993E-039   4.0131970740387330E-022   1.7234987797312953E-037  -1.2705013815382603E-039   1.6578830354162008E-040   4.8983721203928138E-038   1.0748205892580017E-036   2.3400560156823307E-036   9.3087181290244078E-038   4.1855176847501873E-037  -1.2446550983370252E-017   1.9130657224917042E-018   2.1770532770916928E-018   3.0858160494882636E-035  -7.5399198454985213E-038   2.9954869542593376E-038   1.9589257700578931E-034  -1.7044094383662822E-037   1.8019076269584304E-037  -8.1987588741743351E-035  -3.0072855404308076E-033  -1.0546380992787073E-033   7.8621866861803484E-034  -4.8115582830104701E-034   1.0404590269942207E-019   5.0864485830916452E-035  -3.7492616014452580E-037   4.8983721203928138E-038   1.6957344073102845E-034   4.5641120993594375E-034   6.0785605651301036E-034   1.2163596533600523E-034   2.6373837757833227E-034  -1.0960958520439306E-017   4.1419204303997278E-017   4.6859651731529318E-017   6.4062598919235866E-034  -1.3832168977621478E-036   6.0900411197979472E-037   4.3404355182463126E-033  -3.7947958231891191E-036   3.9737303570876996E-036   6.1918830697538549E-034  -2.2404424324375439E-032   7.1966532518879501E-033  -2.3211138139434687E-034  -4.6266961488643095E-034   2.5887868123518344E-018   1.1173080258727977E-033  -8.2363677967620809E-036   1.0748205892580017E-036   4.5641120993594375E-034   7.0924527789685949E-033   1.5096014507512495E-032   6.8775949339314185E-034   2.8389018606019106E-033   7.1193230170959561E-018   9.0110263572353850E-017   1.0191337452863401E-016   1.3904339263028248E-033  -2.9794281861232477E-036   1.3201932312364477E-036   9.4547946783153886E-033  -8.2683663675518111E-036   8.6537987715509590E-036   1.6338781268140447E-033  -4.3626973636559819E-032   1.9253906292411502E-032  -2.5717354603635824E-033   1.8582822810818142E-034   5.6723411057349902E-018   2.4327020147585064E-033  -1.7933020653536900E-035   2.3400560156823307E-036   6.0785605651301036E-034   1.5096014507512495E-032   3.3074234345955114E-032   1.2632010452709923E-033   5.8323003676630441E-033  -7.5428284880118276E-018   3.6012368115875618E-018   4.0812740306808856E-018   5.6400264877568322E-035  -1.2661833929562248E-037   5.3958415853202998E-038   3.7485444626343391E-034  -3.2727542098170744E-037   3.4365275838474596E-037  -7.1964906452304282E-036  -3.0365793678363838E-033  -1.3978138517706074E-034   4.1964779401836607E-034  -2.9398215611873906E-034   2.1651677903220320E-019   9.6736239502586772E-035  -7.1308747310540781E-037   9.3087181290244078E-038   1.2163596533600523E-034   6.8775949339314185E-034   1.2632010452709923E-033   1.0939691298922057E-034   3.2002151631452424E-034  -1.1174866123877925E-017   1.6143981582594306E-017   1.8271851727257802E-017   2.5043067454413221E-034  -5.4579169064367582E-037   2.3842754833686230E-037   1.6891240736512709E-033  -1.4763055063605751E-036   1.5469074897636475E-036   1.7741185582884389E-034  -9.8728568411830721E-033   2.0032053400788182E-033   3.7023572920591128E-034  -4.4613452119908003E-034   1.0000578438070065E-018   4.3506491955858095E-034  -3.2071164954162135E-036   4.1855176847501873E-037   2.6373837757833227E-034   2.8389018606019106E-033   5.8323003676630441E-033   3.2002151631452424E-034   1.1831842501886386E-033
