   1.0023164904804704        8.9536294684908584E-003   2.9628475106494574E-003  -1.4013603198945927E-016   2.2278239406016256E-016   1.7681539416863721E-016  -1.7117572023922845E-018   1.0437654115317738E-016   2.1580459405313313E-017  -7.8783686721719736E-019   1.2286184642762173E-017  -1.7588639037508242E-018   5.6957006268421194E-019   5.1968086129137550E-019   1.2467659150650354E-003  -2.8595620538687799E-017   8.8124601237831223E-018   1.1104207749748161E-017  -4.0299703671717691E-017   2.6154602165117524E-018  -4.4704223609986762E-017  -6.8932345721406299E-017   4.5949768776155027E-017   8.9536294684908584E-003  0.29943044427884807       0.29094655785529072       -2.0753072829708232E-016   5.1019979613064852E-016   4.0637818792254599E-016  -1.2992618139077511E-016   3.2643984486141258E-016   1.3294767752994708E-016   1.2827106097381017E-019  -7.6323629228888441E-017   1.0972153001926739E-017   3.5292973667569726E-018  -3.8751370691301165E-017   3.3931991955646491E-003   2.0732433468069552E-017   5.6392413432443500E-017   8.8760475879974241E-017  -1.2723288579237668E-016   5.3331162000654913E-017   1.1279814477194383E-016  -3.6751935199693207E-017   3.7590975638770037E-017   2.9628475106494574E-003  0.29094655785529072       0.28273589585354370        1.3213531496236110E-016  -4.5142929223649053E-016  -7.9542865714752042E-017   6.5442094745791128E-017  -2.2789880619740027E-016  -1.4346534642376031E-016   1.2916931794989334E-019  -7.4244529902473358E-017   1.0673223042116870E-017   3.4266435497976419E-018  -3.7663021740680730E-017   3.2905010105810468E-003   3.0797823206130800E-017   2.4968253620075203E-017   7.1289574861580671E-017  -1.2341899577965756E-016   5.1814264049927370E-017   1.0987744752131490E-016  -3.5322256559486915E-017   3.6269251410011832E-017  -1.4013603198945927E-016  -2.0753072829708232E-016   1.3213531496236110E-016  0.51943783492690798       -3.0531133177191805E-016   2.0816681711721685E-016  0.29900966498003662       -1.2143064331837650E-016   4.1633363423443370E-017   6.8919434474370118E-017   5.5862013076405165E-019  -4.9442744870026292E-018   1.1587986057301986E-016   6.1491378782943090E-018   3.3973470970163098E-017   1.6355173104923498E-002   2.4069288229178198E-017  -3.0444397003392965E-016   1.7997540675851005E-016   5.4430052405484585E-017  -9.3544048638054004E-017  -3.4332538477475089E-018  -8.1719257130495775E-017   2.2278239406016256E-016   5.1019979613064852E-016  -4.5142929223649053E-016  -3.0531133177191805E-016  0.51943783492690743       -2.7755575615628914E-016  -1.4571677198205180E-016  0.29900966498003700       -1.1102230246251565E-016   6.2052967963376539E-017   8.3449182308228732E-018   1.2770718318529674E-018  -3.8249707871383773E-017  -4.1721826868116715E-017   1.6690428196315351E-016  -5.6812193838240432E-017   1.6355173104923276E-002  -1.7347234759768071E-018  -7.5848045720569916E-017  -1.8156608613743056E-016  -3.7324545351953741E-017  -9.6602742190929123E-017  -7.2909875150878124E-017   1.7681539416863721E-016   4.0637818792254599E-016  -7.9542865714752042E-017   2.0816681711721685E-016  -2.7755575615628914E-016  0.51943783492690720        2.8449465006019636E-016   6.9388939039072284E-017  0.29900966498003745        8.1370674529097534E-018   4.1345311385981442E-018   1.5713107758769456E-017   9.3217409955201341E-017   4.7135899686050356E-017   1.0060413838471291E-016  -1.3921155894713877E-016   6.9388939039072284E-018   1.6355173104923910E-002  -2.8339855314370325E-016   6.9274380544000504E-017  -2.1802004028534978E-017  -1.9646380177257432E-016   7.8165215064784667E-017  -1.7117572023922845E-018  -1.2992618139077511E-016   6.5442094745791128E-017  0.29900966498003662       -1.4571677198205180E-016   2.8449465006019636E-016  0.17212219391768893       -4.6837533851373792E-017   1.1449174941446927E-016   3.9672845578710620E-017   3.2156459718489739E-019  -2.8461266363780098E-018   6.6705187720389378E-017   3.5396952883949351E-018   1.9528552376038359E-017   9.4147066346867495E-003   1.5395670849294163E-017  -1.7000290064572710E-016   1.0360120588266406E-016   3.1332164583082242E-017  -5.3847780741802599E-017  -1.9763213493119797E-018  -4.7040947066255417E-017   1.0437654115317738E-016   3.2643984486141258E-016  -2.2789880619740027E-016  -1.2143064331837650E-016  0.29900966498003700        6.9388939039072284E-017  -4.6837533851373792E-017  0.17212219391768951        6.9388939039072284E-017   3.5720226587570530E-017   4.8036762759787409E-018   7.3513478403346360E-019  -2.2018096424986207E-017  -2.4016790143802529E-017   9.6419640406052432E-017  -3.1116602350333977E-017   9.4147066346866402E-003   6.5052130349130266E-018  -4.3661237621417245E-017  -1.0451686599865993E-016  -2.1485535035757110E-017  -5.5608489864291870E-017  -4.1969906457946150E-017   2.1580459405313313E-017   1.3294767752994708E-016  -1.4346534642376031E-016   4.1633363423443370E-017  -1.1102230246251565E-016  0.29900966498003745        1.1449174941446927E-016   6.9388939039072284E-017  0.17212219391769010        4.6840288662393601E-018   2.3800052431216103E-018   9.0451075582625054E-018   5.3659754155054351E-017   2.7133351916195759E-017   5.6679315053277561E-017  -8.2616205543395438E-017   5.2041704279304213E-018   9.4147066346870253E-003  -1.6313579938444431E-016   3.9877167055179817E-017  -1.2550125312652679E-017  -1.1309260049759022E-016   4.4995095077936807E-017  -7.8783686721719736E-019   1.2827106097381017E-019   1.2916931794989334E-019   6.8919434474370118E-017   6.2052967963376539E-017   8.1370674529097534E-018   3.9672845578710620E-017   3.5720226587570530E-017   4.6840288662393601E-018   1.6685393318661184E-032   1.0915793438182864E-033  -2.5095192663973297E-034   1.2267065250051628E-032  -3.4478269917730745E-033   5.4874047887102347E-022   2.1700176716629861E-018   1.9538180788430506E-018   2.5620610939418218E-019   1.0353190966246279E-032  -1.3361151311183636E-032  -1.7125584163571582E-032  -1.5035647630090976E-032  -1.8347363099943779E-032   1.2286184642762173E-017  -7.6323629228888441E-017  -7.4244529902473358E-017   5.5862013076405165E-019   8.3449182308228732E-018   4.1345311385981442E-018   3.2156459718489739E-019   4.8036762759787409E-018   2.3800052431216103E-018   1.0915793438182864E-033   1.9833968289348798E-032  -2.6868298941736479E-033  -6.4075327442858750E-034   9.6134963626864415E-033  -8.4826184424984530E-019   1.7588878445525380E-020   2.6275056038368482E-019   1.3018106871051458E-019   2.8619850434770676E-032  -1.5886038254055826E-032  -3.0324540399957128E-032   5.2622952236356607E-033  -9.5671208022266812E-033  -1.7588639037508242E-018   1.0972153001926739E-017   1.0673223042116870E-017  -4.9442744870026292E-018   1.2770718318529674E-018   1.5713107758769456E-017  -2.8461266363780098E-018   7.3513478403346360E-019   9.0451075582625054E-018  -2.5095192663973297E-034  -2.6868298941736479E-033   9.3193042491833624E-034   1.7511629540017170E-033  -1.5871330236488707E-034   1.2195308773574108E-019  -1.5567688696485763E-019   4.0210260926250510E-020   4.9474755231713696E-019  -1.5058682139993015E-032   3.0831898445873656E-033   4.3725583436180337E-033  -7.3533380062820641E-033   4.2472103044984702E-033   5.6957006268421194E-019   3.5292973667569726E-018   3.4266435497976419E-018   1.1587986057301986E-016  -3.8249707871383773E-017   9.3217409955201341E-017   6.6705187720389378E-017  -2.2018096424986207E-017   5.3659754155054351E-017   1.2267065250051628E-032  -6.4075327442858750E-034   1.7511629540017170E-033   4.5438329228476043E-032   1.2447005290289813E-032   4.0525002178786072E-020   3.6486275192349307E-018  -1.2043416004482051E-018   2.9350709049225727E-018  -6.6393802897583164E-033   3.8573505821026538E-032  -2.0725304746327282E-032  -2.9374052562417612E-032   1.6295617227152215E-033   5.1968086129137550E-019  -3.8751370691301165E-017  -3.7663021740680730E-017   6.1491378782943090E-018  -4.1721826868116715E-017   4.7135899686050356E-017   3.5396952883949351E-018  -2.4016790143802529E-017   2.7133351916195759E-017  -3.4478269917730745E-033   9.6134963626864415E-033  -1.5871330236488707E-034   1.2447005290289813E-032   1.2719135698406844E-032  -4.3721906261471263E-019   1.9361357160225020E-019  -1.3136657647930263E-018   1.4841348607772371E-018  -1.0890154069140092E-033   1.4613930073712740E-032  -1.4766353153673830E-032  -5.4666246908806288E-033   7.1920082657631012E-033   1.2467659150650354E-003   3.3931991955646491E-003   3.2905010105810468E-003   3.3973470970163098E-017   1.6690428196315351E-016   1.0060413838471291E-016   1.9528552376038359E-017   9.6419640406052432E-017   5.6679315053277561E-017   5.4874047887102347E-022  -8.4826184424984530E-019   1.2195308773574108E-019   4.0525002178786072E-020  -4.3721906261471263E-019   3.9761372728421032E-005   1.3501186690797029E-018   5.7128794761969664E-018   4.0322342906619924E-018  -1.4835382663127646E-018   6.0552490532576846E-019   1.2232984425135933E-018  -4.9401033590916772E-019   4.7722164650365406E-019  -2.8595620538687799E-017   2.0732433468069552E-017   3.0797823206130800E-017   1.6355173104923498E-002  -5.6812193838240432E-017  -1.3921155894713877E-016   9.4147066346867495E-003  -3.1116602350333977E-017  -8.2616205543395438E-017   2.1700176716629861E-018   1.7588878445525380E-020  -1.5567688696485763E-019   3.6486275192349307E-018   1.9361357160225020E-019   1.3501186690797029E-018   5.1496381146293028E-004  -7.1828393927164669E-019  -1.4162390878091902E-017   5.6667588193276003E-018   1.7138007078884121E-018  -2.9453555469751792E-018  -1.0810044478358789E-019  -2.5730366686960484E-018   8.8124601237831223E-018   5.6392413432443500E-017   2.4968253620075203E-017   2.4069288229178198E-017   1.6355173104923276E-002   6.9388939039072284E-018   1.5395670849294163E-017   9.4147066346866402E-003   5.2041704279304213E-018   1.9538180788430506E-018   2.6275056038368482E-019   4.0210260926250510E-020  -1.2043416004482051E-018  -1.3136657647930263E-018   5.7128794761969664E-018  -7.1828393927164669E-019   5.1496381146291673E-004   4.0657581468206416E-019  -2.3881739719722586E-018  -5.7168434201157853E-018  -1.1752116600818222E-018  -3.0416624756747833E-018  -2.2956618655218874E-018   1.1104207749748161E-017   8.8760475879974241E-017   7.1289574861580671E-017  -3.0444397003392965E-016  -1.7347234759768071E-018   1.6355173104923910E-002  -1.7000290064572710E-016   6.5052130349130266E-018   9.4147066346870253E-003   2.5620610939418218E-019   1.3018106871051458E-019   4.9474755231713696E-019   2.9350709049225727E-018   1.4841348607772371E-018   4.0322342906619924E-018  -1.4162390878091902E-017   4.0657581468206416E-019   5.1496381146295695E-004  -8.9231705561119506E-018   2.1811936084573424E-018  -6.8646433883867930E-019  -6.1859172951736568E-018   2.4611330504026155E-018  -4.0299703671717691E-017  -1.2723288579237668E-016  -1.2341899577965756E-016   1.7997540675851005E-016  -7.5848045720569916E-017  -2.8339855314370325E-016   1.0360120588266406E-016  -4.3661237621417245E-017  -1.6313579938444431E-016   1.0353190966246279E-032   2.8619850434770676E-032  -1.5058682139993015E-032  -6.6393802897583164E-033  -1.0890154069140092E-033  -1.4835382663127646E-018   5.6667588193276003E-018  -2.3881739719722586E-018  -8.9231705561119506E-018   2.8344445813959860E-031  -1.5122489647130805E-032  -6.1245023969377843E-032   1.3819145615960085E-031  -7.7919442903067865E-032   2.6154602165117524E-018   5.3331162000654913E-017   5.1814264049927370E-017   5.4430052405484585E-017  -1.8156608613743056E-016   6.9274380544000504E-017   3.1332164583082242E-017  -1.0451686599865993E-016   3.9877167055179817E-017  -1.3361151311183636E-032  -1.5886038254055826E-032   3.0831898445873656E-033   3.8573505821026538E-032   1.4613930073712740E-032   6.0552490532576846E-019   1.7138007078884121E-018  -5.7168434201157853E-018   2.1811936084573424E-018  -1.5122489647130805E-032   8.7907267389218267E-032   2.0378149541480640E-032   5.9093237425621491E-034   3.4087474405177312E-032  -4.4704223609986762E-017   1.1279814477194383E-016   1.0987744752131490E-016  -9.3544048638054004E-017  -3.7324545351953741E-017  -2.1802004028534978E-017  -5.3847780741802599E-017  -2.1485535035757110E-017  -1.2550125312652679E-017  -1.7125584163571582E-032  -3.0324540399957128E-032   4.3725583436180337E-033  -2.0725304746327282E-032  -1.4766353153673830E-032   1.2232984425135933E-018  -2.9453555469751792E-018  -1.1752116600818222E-018  -6.8646433883867930E-019  -6.1245023969377843E-032   2.0378149541480640E-032   6.5241897721582719E-032   5.2155588245992436E-033   2.8684968901463056E-032  -6.8932345721406299E-017  -3.6751935199693207E-017  -3.5322256559486915E-017  -3.4332538477475089E-018  -9.6602742190929123E-017  -1.9646380177257432E-016  -1.9763213493119797E-018  -5.5608489864291870E-017  -1.1309260049759022E-016  -1.5035647630090976E-032   5.2622952236356607E-033  -7.3533380062820641E-033  -2.9374052562417612E-032  -5.4666246908806288E-033  -4.9401033590916772E-019  -1.0810044478358789E-019  -3.0416624756747833E-018  -6.1859172951736568E-018   1.3819145615960085E-031   5.9093237425621491E-034   5.2155588245992436E-033   1.0139861901475741E-031  -2.3112728868612618E-032   4.5949768776155027E-017   3.7590975638770037E-017   3.6269251410011832E-017  -8.1719257130495775E-017  -7.2909875150878124E-017   7.8165215064784667E-017  -4.7040947066255417E-017  -4.1969906457946150E-017   4.4995095077936807E-017  -1.8347363099943779E-032  -9.5671208022266812E-033   4.2472103044984702E-033   1.6295617227152215E-033   7.1920082657631012E-033   4.7722164650365406E-019  -2.5730366686960484E-018  -2.2956618655218874E-018   2.4611330504026155E-018  -7.7919442903067865E-032   3.4087474405177312E-032   2.8684968901463056E-032  -2.3112728868612618E-032   4.1576930229565766E-032
