   1.0023164904804700        8.9536294684920675E-003   2.9628475106501470E-003  -6.5322017047913554E-021  -8.8560483981759127E-017   7.1329256524995164E-017  -8.2250451734472403E-018  -6.8495613028500684E-017   9.2701604047064965E-018  -2.4128057817510935E-020  -6.3396808229328739E-018   1.3201719487534325E-018  -9.7683189637196016E-019  -1.3996683017460177E-018   1.2467659150652392E-003  -6.9378794896258646E-019   1.0292537508706263E-017   8.0075918104366518E-019   4.3744298678810819E-017   5.6907267697047021E-018  -1.1591798477770835E-017   5.8128511365397542E-018   4.5275311769233214E-017   8.9536294684920675E-003  0.29943044427885246       0.29094655785528950        1.7896392272435067E-016  -2.8379284335815164E-016   1.2913251998933355E-016   2.1786288013908128E-017  -2.7030105064309289E-017  -2.6487508777225628E-017   1.5337602787481132E-017  -1.5898766725220868E-018   4.4700089532382952E-017   6.1384770279286764E-018  -3.0960489758467708E-017   3.3931991955669823E-003   3.1353617791053346E-017   3.5331758123855489E-017   8.2767607578920673E-018  -1.6119916491229451E-016   2.6979904956004070E-017   7.4847598699142223E-017  -4.5780435245498184E-018   3.1454121529114151E-017   2.9628475106501470E-003  0.29094655785528950       0.28273589585353720        2.6832074595939425E-016   2.6044536809542498E-016   3.8428229224111445E-017   7.5558491959580066E-017   2.8251653050731234E-016  -7.5679244487104695E-017   1.4905800109481798E-017  -1.5088052408337875E-018   4.3433677671907503E-017   5.9711966563830059E-018  -3.0080560272775687E-017   3.2905010105832504E-003   3.3446808461319441E-017   5.1146243521348113E-017   5.3105055694169493E-018  -1.5690989195486597E-016   2.6187509666262421E-017   7.2806092042914536E-017  -4.4823963882351579E-018   3.0309086198943607E-017  -6.5322017047913554E-021   1.7896392272435067E-016   2.6832074595939425E-016  0.51943783492690698        5.5511151231257827E-017  -3.8163916471489756E-016  0.29900966498003723       -1.3877787807814457E-017   1.7347234759768071E-017   4.4547825949612030E-017   4.5818432261757233E-018  -8.4027471848619942E-017   1.2807546581611237E-017   1.5797895551579889E-016  -3.4555228795348906E-016   1.6355173104923217E-002  -1.1015494072452725E-016   8.9555099447302666E-017   8.8014387942732959E-017   1.1335143323844056E-016   3.8556486159847221E-017   1.1300943693025972E-016  -3.9241172569606728E-017  -8.8560483981759127E-017  -2.8379284335815164E-016   2.6044536809542498E-016   5.5511151231257827E-017  0.51943783492690754       -3.5908775952719907E-016   1.3877787807814457E-017  0.29900966498003723       -1.4311468676808659E-016   2.6646159894717095E-017   2.0002263678304969E-017  -4.2944834315818921E-017  -1.7237141821396760E-017  -4.4029977915957451E-017  -2.8542690291527615E-016  -4.3368086899420177E-018   1.6355173104923026E-002   3.3125086874863374E-016  -1.0472806577739282E-016   9.6209776905008816E-017  -4.9132689849455225E-016  -1.5244243718054528E-016  -1.3246938018354957E-016   7.1329256524995164E-017   1.2913251998933355E-016   3.8428229224111445E-017  -3.8163916471489756E-016  -3.5908775952719907E-016  0.51943783492690832       -1.1796119636642288E-016  -5.5858095926453188E-016  0.29900966498003756        1.2910561518325770E-017  -5.3449830563297430E-017  -2.0691359564156142E-017  -1.4929661120385221E-018   1.8605311737741061E-017  -4.3554567209239882E-017  -1.7347234759768071E-017   6.1420053071303826E-017   1.6355173104922873E-002  -3.2725057080789651E-017  -6.8856280051106344E-017   1.6100792509724391E-017  -1.4411690467705240E-017  -1.7109231540603550E-016  -8.2250451734472403E-018   2.1786288013908128E-017   7.5558491959580066E-017  0.29900966498003723        1.3877787807814457E-017  -1.1796119636642288E-016  0.17212219391769001       -2.7755575615628914E-017   6.2450045135165055E-017   2.5643550810381127E-017   2.6374963776803695E-018  -4.8369649873715595E-017   7.3725476949954539E-018   9.0939148799821765E-017  -1.9984119486233809E-016   9.4147066346866263E-003  -6.4618449480136064E-017   5.4643789493269423E-017   5.0664681859154263E-017   6.5249721523274213E-017   2.2194690556350479E-017   6.5052854459195342E-017  -2.2588824060367194E-017  -6.8495613028500684E-017  -2.7030105064309289E-017   2.8251653050731234E-016  -1.3877787807814457E-017  0.29900966498003723       -5.5858095926453188E-016  -2.7755575615628914E-017  0.17212219391768974       -2.8839777788114418E-016   1.5338619575612926E-017   1.1514121150096719E-017  -2.4720803256857682E-017  -9.9224039041254756E-018  -2.5345456300043025E-017  -1.6278313461282417E-016  -3.4694469519536142E-018   9.4147066346865031E-003   1.7946256460066312E-016  -6.0285758480631255E-017   5.5382282971780170E-017  -2.8282786011382740E-016  -8.7752102379121500E-017  -7.6254793789462625E-017   9.2701604047064965E-018  -2.6487508777225628E-017  -7.5679244487104695E-017   1.7347234759768071E-017  -1.4311468676808659E-016  0.29900966498003756        6.2450045135165055E-017  -2.8839777788114418E-016  0.17212219391768993        7.4318473063133130E-018  -3.0767908795515850E-017  -1.1910792928917923E-017  -8.5941236269399372E-019   1.0709978471887716E-017  -2.6247206107143896E-017  -2.7647155398380363E-018   3.7432080005062041E-017   9.4147066346864112E-003  -1.8837881448424662E-017  -3.9636491309398014E-017   9.2682747588519190E-018  -8.2959585320751497E-018  -9.8487735144314732E-017  -2.4128057817510935E-020   1.5337602787481132E-017   1.4905800109481798E-017   4.4547825949612030E-017   2.6646159894717095E-017   1.2910561518325770E-017   2.5643550810381127E-017   1.5338619575612926E-017   7.4318473063133130E-018   6.2941446874083147E-033   1.2128836801254748E-035  -7.6339375031865885E-033   4.9204392595016367E-034   1.0166661341869349E-032   1.7325667909198640E-019   1.4026460066321882E-018   8.3898886133482472E-019   4.0650575355894082E-019  -6.9179048830880585E-033   1.4324791304861610E-032  -1.7656722816432920E-032   1.2763018243904218E-033  -1.2823485485437684E-032  -6.3396808229328739E-018  -1.5898766725220868E-018  -1.5088052408337875E-018   4.5818432261757233E-018   2.0002263678304969E-017  -5.3449830563297430E-017   2.6374963776803695E-018   1.1514121150096719E-017  -3.0767908795515850E-017   1.2128836801254748E-035   6.3585591640890459E-033  -5.0299769216582819E-034  -4.2246876682777963E-034  -2.0490982468727771E-033  -2.5208431229681865E-020   1.4426526922950985E-019   6.2979718255413760E-019  -1.6829371534218872E-018   6.6188907824654970E-034   1.1615993618680546E-032  -2.0547018936921817E-032  -3.4034480520849783E-033   1.1712686801581222E-032   1.3201719487534325E-018   4.4700089532382952E-017   4.3433677671907503E-017  -8.4027471848619942E-017  -4.2944834315818921E-017  -2.0691359564156142E-017  -4.8369649873715595E-017  -2.4720803256857682E-017  -1.1910792928917923E-017  -7.6339375031865885E-033  -5.0299769216582819E-034   2.4640510932869497E-032   3.2912795091843069E-034  -2.7278462381716690E-032   5.0653057434676464E-019  -2.6457137991240522E-018  -1.3521737385500221E-018  -6.5149425916503932E-019  -2.8340928906788754E-032  -1.9520217808294469E-032   4.4916004135774304E-032  -5.7872823047328789E-033   2.8810055024302009E-032  -9.7683189637196016E-019   6.1384770279286764E-018   5.9711966563830059E-018   1.2807546581611237E-017  -1.7237141821396760E-017  -1.4929661120385221E-018   7.3725476949954539E-018  -9.9224039041254756E-018  -8.5941236269399372E-019   4.9204392595016367E-034  -4.2246876682777963E-034   3.2912795091843069E-034   1.0192678734790696E-033   4.6686847901641376E-033   6.8236041626790540E-020   4.0326219483241038E-019  -5.4273373899058200E-019  -4.7007972004222906E-020   2.3786057680058776E-033   3.4756135410423692E-034   1.8759124623615517E-032   7.7857871813398238E-033   4.5135797598726031E-033  -1.3996683017460177E-018  -3.0960489758467708E-017  -3.0080560272775687E-017   1.5797895551579889E-016  -4.4029977915957451E-017   1.8605311737741061E-017   9.0939148799821765E-017  -2.5345456300043025E-017   1.0709978471887716E-017   1.0166661341869349E-032  -2.0490982468727771E-033  -2.7278462381716690E-032   4.6686847901641376E-033   5.5646917061394964E-032  -3.5139141916186086E-019   4.9741720580662592E-018  -1.3863408904797472E-018   5.8581234111417227E-019   5.1117992731889870E-032   2.1060606934954679E-032   4.6217674494755454E-032   4.7246145705964261E-032  -1.0107341003120220E-032   1.2467659150652392E-003   3.3931991955669823E-003   3.2905010105832504E-003  -3.4555228795348906E-016  -2.8542690291527615E-016  -4.3554567209239882E-017  -1.9984119486233809E-016  -1.6278313461282417E-016  -2.6247206107143896E-017   1.7325667909198640E-019  -2.5208431229681865E-020   5.0653057434676464E-019   6.8236041626790540E-020  -3.5139141916186086E-019   3.9761372728473622E-005  -1.0590384162586781E-017  -8.4719522342216139E-018  -1.3254494424334725E-018  -1.7712303877638891E-018   3.1132327561159894E-019   8.3237930509012955E-019  -4.5078884615905301E-020   4.0711658321191943E-019  -6.9378794896258646E-019   3.1353617791053346E-017   3.3446808461319441E-017   1.6355173104923217E-002  -4.3368086899420177E-018  -1.7347234759768071E-017   9.4147066346866263E-003  -3.4694469519536142E-018  -2.7647155398380363E-018   1.4026460066321882E-018   1.4426526922950985E-019  -2.6457137991240522E-018   4.0326219483241038E-019   4.9741720580662592E-018  -1.0590384162586781E-017   5.1496381146291369E-004  -3.6320772778264399E-018   2.6495190590114515E-018   2.7712470169405677E-018   3.5690167093175148E-018   1.2140009122566495E-018   3.5582485125373751E-018  -1.2355591508007705E-018   1.0292537508706263E-017   3.5331758123855489E-017   5.1146243521348113E-017  -1.1015494072452725E-016   1.6355173104923026E-002   6.1420053071303826E-017  -6.4618449480136064E-017   9.4147066346865031E-003   3.7432080005062041E-017   8.3898886133482472E-019   6.2979718255413760E-019  -1.3521737385500221E-018  -5.4273373899058200E-019  -1.3863408904797472E-018  -8.4719522342216139E-018  -3.6320772778264399E-018   5.1496381146290101E-004   1.2703800142919996E-017  -3.2974988142210922E-018   3.0292894546059536E-018  -1.5470063856850334E-017  -4.7998476063550866E-018  -4.1709700339958579E-018   8.0075918104366518E-019   8.2767607578920673E-018   5.3105055694169493E-018   8.9555099447302666E-017   3.3125086874863374E-016   1.6355173104922873E-002   5.4643789493269423E-017   1.7946256460066312E-016   9.4147066346864112E-003   4.0650575355894082E-019  -1.6829371534218872E-018  -6.5149425916503932E-019  -4.7007972004222906E-020   5.8581234111417227E-019  -1.3254494424334725E-018   2.6495190590114515E-018   1.2703800142919996E-017   5.1496381146289038E-004  -1.0303908137537533E-018  -2.1680291728370381E-018   5.0695430890181161E-019  -4.5377074307090800E-019  -5.3870631810668376E-018   4.3744298678810819E-017  -1.6119916491229451E-016  -1.5690989195486597E-016   8.8014387942732959E-017  -1.0472806577739282E-016  -3.2725057080789651E-017   5.0664681859154263E-017  -6.0285758480631255E-017  -1.8837881448424662E-017  -6.9179048830880585E-033   6.6188907824654970E-034  -2.8340928906788754E-032   2.3786057680058776E-033   5.1117992731889870E-032  -1.7712303877638891E-018   2.7712470169405677E-018  -3.2974988142210922E-018  -1.0303908137537533E-018   1.2722576429061603E-031  -1.0141172955749090E-032   6.3614430794357411E-032   5.3544562531324757E-032   1.6053392905021726E-032   5.6907267697047021E-018   2.6979904956004070E-017   2.6187509666262421E-017   1.1335143323844056E-016   9.6209776905008816E-017  -6.8856280051106344E-017   6.5249721523274213E-017   5.5382282971780170E-017  -3.9636491309398014E-017   1.4324791304861610E-032   1.1615993618680546E-032  -1.9520217808294469E-032   3.4756135410423692E-034   2.1060606934954679E-032   3.1132327561159894E-019   3.5690167093175148E-018   3.0292894546059536E-018  -2.1680291728370381E-018  -1.0141172955749090E-032   5.4137708173724465E-032  -7.8046962771818241E-032  -2.0474846531953719E-033  -7.3689406853627602E-033  -1.1591798477770835E-017   7.4847598699142223E-017   7.2806092042914536E-017   3.8556486159847221E-017  -4.9132689849455225E-016   1.6100792509724391E-017   2.2194690556350479E-017  -2.8282786011382740E-016   9.2682747588519190E-018  -1.7656722816432920E-032  -2.0547018936921817E-032   4.4916004135774304E-032   1.8759124623615517E-032   4.6217674494755454E-032   8.3237930509012955E-019   1.2140009122566495E-018  -1.5470063856850334E-017   5.0695430890181161E-019   6.3614430794357411E-032  -7.8046962771818241E-032   4.8699855647029183E-031   1.5090775980090352E-031   1.2433494592218201E-031   5.8128511365397542E-018  -4.5780435245498184E-018  -4.4823963882351579E-018   1.1300943693025972E-016  -1.5244243718054528E-016  -1.4411690467705240E-017   6.5052854459195342E-017  -8.7752102379121500E-017  -8.2959585320751497E-018   1.2763018243904218E-033  -3.4034480520849783E-033  -5.7872823047328789E-033   7.7857871813398238E-033   4.7246145705964261E-032  -4.5078884615905301E-020   3.5582485125373751E-018  -4.7998476063550866E-018  -4.5377074307090800E-019   5.3544562531324757E-032  -2.0474846531953719E-033   1.5090775980090352E-031   6.9829788832141762E-032   3.4868460735713957E-032   4.5275311769233214E-017   3.1454121529114151E-017   3.0309086198943607E-017  -3.9241172569606728E-017  -1.3246938018354957E-016  -1.7109231540603550E-016  -2.2588824060367194E-017  -7.6254793789462625E-017  -9.8487735144314732E-017  -1.2823485485437684E-032   1.1712686801581222E-032   2.8810055024302009E-032   4.5135797598726031E-033  -1.0107341003120220E-032   4.0711658321191943E-019  -1.2355591508007705E-018  -4.1709700339958579E-018  -5.3870631810668376E-018   1.6053392905021726E-032  -7.3689406853627602E-033   1.2433494592218201E-031   3.4868460735713957E-032   9.8367477466391257E-032
