  0.34714366038825595       0.28850431842989910        3.4538889425001448E-017  -1.1489715933495452E-017   2.5608941692751403E-033   9.8885193536531329E-003   2.8969090360455671E-017  -9.9375310147026755E-018   2.5391732150584322E-033  0.28850431842989910       0.23977030621734058        2.8704596655289519E-017  -9.5488785842692563E-018   2.1283091445527144E-033   8.2181553689207962E-003   2.4075645398881578E-017  -8.2588880035032663E-018   2.1102572835884964E-033   3.4538889425001448E-017   2.8704596655289519E-017   3.4364299822680406E-033  -1.1431636911007870E-033   2.5479491816961132E-049   9.8385341720147042E-019   2.8822655369353342E-033  -9.8872980854801699E-034   2.5263380240832292E-049  -1.1489715933495452E-017  -9.5488785842692563E-018  -1.1431636911007870E-033   3.8028513061356588E-034  -8.4760143704792271E-050  -3.2728893349017138E-019  -9.5881520267756378E-034   3.2891111510298892E-034  -8.4041226373923222E-050   2.5608941692751403E-033   2.1283091445527144E-033   2.5479491816961132E-049  -8.4760143704792271E-050   1.8891829794306327E-065   7.2948045564802120E-035   2.1370626359796652E-049  -7.3309606760728561E-050   1.8731593352302899E-065   9.8885193536531329E-003   8.2181553689207962E-003   9.8385341720147042E-019  -3.2728893349017138E-019   7.2948045564802120E-035   2.8167823919990164E-004   8.2519556994561050E-019  -2.8307435502785895E-019   7.2329315912900922E-035   2.8969090360455671E-017   2.4075645398881578E-017   2.8822655369353342E-033  -9.5881520267756378E-034   2.1370626359796652E-049   8.2519556994561050E-019   2.4174665767297894E-033  -8.2928558626931988E-034   2.1189365297815746E-049  -9.9375310147026755E-018  -8.2588880035032663E-018  -9.8872980854801699E-034   3.2891111510298892E-034  -7.3309606760728561E-050  -2.8307435502785895E-019  -8.2928558626931988E-034   2.8447739059306899E-034  -7.2687810424433497E-050   2.5391732150584322E-033   2.1102572835884964E-033   2.5263380240832292E-049  -8.4041226373923222E-050   1.8731593352302899E-065   7.2329315912900922E-035   2.1189365297815746E-049  -7.2687810424433497E-050   1.8572716001378814E-065
