  0.34714394002324672       0.28850436371181226        4.1476803935961319E-017  -3.7972251403126649E-018   1.0108276070440734E-032   9.8884019711345372E-003   3.9605718454912470E-017  -3.3324378087110027E-018   9.3184863382714444E-033  0.28850436371181226       0.23977018834084729        3.4470539590991519E-017  -3.1557976293725324E-018   8.4007854371029826E-033   8.2180524845623330E-003   3.2915517987779149E-017  -2.7695222032306584E-018   7.7444070364592463E-033   4.1476803935961319E-017   3.4470539590991519E-017   4.9556540282021734E-033  -4.5369296273731512E-034   1.2077381638180518E-048   1.1814675773088692E-018   4.7320964870862608E-033  -3.9816011079275909E-034   1.1133739820045152E-048  -3.7972251403126649E-018  -3.1557976293725324E-018  -4.5369296273731512E-034   4.1535850417717120E-035  -1.1056912016764028E-049  -1.0816403293629416E-019  -4.3322614189107795E-034   3.6451786036992274E-035  -1.0193002531161829E-049   1.0108276070440734E-032   8.4007854371029826E-033   1.2077381638180518E-048  -1.1056912016764028E-049   2.9433682497641300E-064   2.8793444302390736E-034   1.1532551485231036E-048  -9.7035256774955183E-050   2.7133941171368393E-064   9.8884019711345372E-003   8.2180524845623330E-003   1.1814675773088692E-018  -1.0816403293629416E-019   2.8793444302390736E-034   2.8167132497312062E-004   1.1281696705162988E-018  -9.4924556638190071E-020   2.6543726694230375E-034   3.9605718454912470E-017   3.2915517987779149E-017   4.7320964870862608E-033  -4.3322614189107795E-034   1.1532551485231036E-048   1.1281696705162988E-018   4.5186239869972990E-033  -3.8019846640985602E-034   1.0631478870546103E-048  -3.3324378087110027E-018  -2.7695222032306584E-018  -3.9816011079275909E-034   3.6451786036992274E-035  -9.7035256774955183E-050  -9.4924556638190071E-020  -3.8019846640985602E-034   3.1990020474454847E-035  -8.9453602996881369E-050   9.3184863382714444E-033   7.7444070364592463E-033   1.1133739820045152E-048  -1.0193002531161829E-049   2.7133941171368393E-064   2.6543726694230375E-034   1.0631478870546103E-048  -8.9453602996881369E-050   2.5013885488174340E-064
