  0.35339120378491884       0.29490939522204240        4.2478664433663606E-020   8.5177525349238872E-033  -8.4579620503983972E-023   1.4951784603430851E-002   3.8437677532716915E-018  -3.9816883601979569E-033  -7.0987283060855879E-023  0.29490939522204240       0.24610559192968329        3.5448978649723896E-020   7.1081714027445221E-033  -7.0582754929352425E-023   1.2477451922011341E-002   3.2076724359592523E-018  -3.3227689135785341E-033  -5.9239778725998788E-023   4.2478664433663606E-020   3.5448978649723896E-020   5.1060606849909449E-039   1.0238589636210417E-051  -1.0166719711286359E-041   1.7972485847160799E-021   4.6203221473373084E-037  -4.7861067825336548E-052  -8.5328806826636559E-042   8.5177525349238872E-033   7.1081714027445221E-033   1.0238589636210417E-051   2.0530253008323040E-064  -2.0386140606634264E-054   3.6038135596895140E-034   9.2645946399998807E-050  -9.5970232875390055E-065  -1.7109993224589946E-054  -8.4579620503983972E-023  -7.0582754929352425E-023  -1.0166719711286359E-041  -2.0386140606634264E-054   2.0243039803989694E-044  -3.5785165393792974E-024  -9.1995616867429445E-040   9.5296568466836652E-055   1.6989889384882045E-044   1.4951784603430851E-002   1.2477451922011341E-002   1.7972485847160799E-021   3.6038135596895140E-034  -3.5785165393792974E-024   6.3260166193455274E-004   1.6262766842241445E-019  -1.6846301232755319E-034  -3.0034323280855465E-024   3.8437677532716915E-018   3.2076724359592523E-018   4.6203221473373084E-037   9.2645946399998807E-050  -9.1995616867429445E-040   1.6262766842241445E-019   4.1807918201844671E-035  -4.3308053959998660E-050  -7.7211494400340247E-040  -3.9816883601979569E-033  -3.3227689135785341E-033  -4.7861067825336548E-052  -9.5970232875390055E-065   9.5296568466836652E-055  -1.6846301232755319E-034  -4.3308053959998660E-050   4.4862017016656900E-065   7.9981967762138640E-055  -7.0987283060855879E-023  -5.9239778725998788E-023  -8.5328806826636559E-042  -1.7109993224589946E-054   1.6989889384882045E-044  -3.0034323280855465E-024  -7.7211494400340247E-040   7.9981967762138640E-055   1.4259535331923636E-044
