  0.35339120406159957       0.29490939313337478       -5.7323485118487734E-019  -3.8658866389856064E-033   1.0909943642452764E-018   1.4951788019942481E-002  -1.2806260135801706E-017   1.8071381821884940E-033   1.3784036898314317E-020  0.29490939313337478       0.24610558825096110       -4.7837167462822618E-019  -3.2261308983427296E-033   9.1044848364540293E-019   1.2477454674993820E-002  -1.0686984739719490E-017   1.5080794838472034E-033   1.1502951714387731E-020  -5.7323485118487734E-019  -4.7837167462822618E-019   9.2984259607002163E-037   6.2708435488118106E-051  -1.7696988064328513E-036  -2.4253252152437756E-020   2.0772997569858899E-035  -2.9313536246271734E-051  -2.2359046431599240E-038  -3.8658866389856064E-033  -3.2261308983427296E-033   6.2708435488118106E-051   4.2290468279120936E-065  -1.1934820356222650E-050  -1.6356354337887044E-034   1.4009276231374498E-049  -1.9769001811673483E-065  -1.5078905038957728E-052   1.0909943642452764E-018   9.1044848364540293E-019  -1.7696988064328513E-036  -1.1934820356222650E-050   3.3681333579753710E-036   4.6159373175298078E-020  -3.9535668897925456E-035   5.5790227643482467E-051   4.2554275261442381E-038   1.4951788019942481E-002   1.2477454674993820E-002  -2.4253252152437756E-020  -1.6356354337887044E-034   4.6159373175298078E-020   6.3260195054070311E-004  -5.4182584251692550E-019   7.6459025330230673E-035   5.8319504105919002E-022  -1.2806260135801706E-017  -1.0686984739719490E-017   2.0772997569858899E-035   1.4009276231374498E-049  -3.9535668897925456E-035  -5.4182584251692550E-019   4.6407577998810931E-034  -6.5487429784504975E-050  -4.9950864710977050E-037   1.8071381821884940E-033   1.5080794838472034E-033  -2.9313536246271734E-051  -1.9769001811673483E-065   5.5790227643482467E-051   7.6459025330230673E-035  -6.5487429784504975E-050   9.2411706120288211E-066   7.0487491192046941E-053   1.3784036898314317E-020   1.1502951714387731E-020  -2.2359046431599240E-038  -1.5078905038957728E-052   4.2554275261442381E-038   5.8319504105919002E-022  -4.9950864710977050E-037   7.0487491192046941E-053   5.3764686565591991E-040
