  0.35339120406160007       0.29490939313337472       -3.4262309326056294E-017   1.5935899595920480E-037  -4.7532372118203489E-021   1.4951788019942888E-002   1.5393006302684020E-017  -7.4493577584227019E-038   2.2219369724544350E-021  0.29490939313337472       0.24610558825096063       -2.8592326958239561E-017   1.3298708130970058E-037  -3.9666360833151015E-021   1.2477454674994138E-002   1.2845656867089036E-017  -6.2165825026785146E-038   1.8542342780351836E-021  -3.4262309326056294E-017  -2.8592326958239561E-017   3.3218309535223719E-033  -1.5450320072177827E-053   4.6084022969378256E-037  -1.4496195157919361E-018  -1.4923969168982547E-033   7.2223699080819821E-054  -2.1542327872983726E-037   1.5935899595920480E-037   1.3298708130970058E-037  -1.5450320072177827E-053   7.1861691239771691E-074  -2.1434350966459968E-057   6.7423917156626049E-039   6.9413556449521838E-054  -3.3592295430087318E-074   1.0019650770743376E-057  -4.7532372118203489E-021  -3.9666360833151015E-021   4.6084022969378256E-037  -2.1434350966459968E-057   6.3932728749794877E-041  -2.0110685943177587E-022  -2.0704140204618414E-037   1.0019650770743376E-057  -2.9885841465224745E-041   1.4951788019942888E-002   1.2477454674994138E-002  -1.4496195157919361E-018   6.7423917156626049E-039  -2.0110685943177587E-022   6.3260195054073661E-004   6.5126965408923428E-019  -3.1517824102163604E-039   9.4008934642361492E-023   1.5393006302684020E-017   1.2845656867089036E-017  -1.4923969168982547E-033   6.9413556449521838E-054  -2.0704140204618414E-037   6.5126965408923428E-019   6.7048823035552353E-034  -3.2447896158264543E-054   9.6783081831306466E-038  -7.4493577584227019E-038  -6.2165825026785146E-038   7.2223699080819821E-054  -3.3592295430087318E-074   1.0019650770743376E-057  -3.1517824102163604E-039  -3.2447896158264543E-054   1.5702974600154297E-074  -4.6837621407222384E-058   2.2219369724544350E-021   1.8542342780351836E-021  -2.1542327872983726E-037   1.0019650770743376E-057  -2.9885841465224745E-041   9.4008934642361492E-023   9.6783081831306466E-038  -4.6837621407222384E-058   1.3970364436969418E-041
