  0.35339120378491845       0.29490939522204307       -3.3212158062471434E-017  -5.6580124367895035E-034  -1.0865718878610880E-017   1.4951784603429722E-002  -1.3787566536574372E-017   2.6448810492028869E-034   2.5759614205256704E-017  0.29490939522204307       0.24610559192968473       -2.7715962772473376E-017  -4.7216823962260735E-034  -9.0675787875414669E-018   1.2477451922010441E-002  -1.1505897332293344E-017   2.2071864333368952E-034   2.1496721381466394E-017  -3.3212158062471434E-017  -2.7715962772473376E-017   3.1213211629283366E-033   5.3174725730992206E-050   1.0211741803240811E-033  -1.4051878718163134E-018   1.2957731664092205E-033  -2.4856930937088133E-050  -2.4209215437460793E-033  -5.6580124367895035E-034  -4.7216823962260735E-034   5.3174725730992206E-050   9.0588289668773309E-067   1.7396690096241307E-050  -2.3938734844654191E-035   2.2074749484845492E-050  -4.2346186633798295E-067  -4.1242740616981373E-050  -1.0865718878610880E-017  -9.0675787875414669E-018   1.0211741803240811E-033   1.7396690096241307E-050   3.3408824408899852E-034  -4.5972250156313351E-019   4.2392629019068193E-034  -8.1322154145904697E-051  -7.9203082413489246E-034   1.4951784603429722E-002   1.2477451922010441E-002  -1.4051878718163134E-018  -2.3938734844654191E-035  -4.5972250156313351E-019   6.3260166193445776E-004  -5.8334424527946691E-019   1.1190344107558244E-035   1.0898749005050467E-018  -1.3787566536574372E-017  -1.1505897332293344E-017   1.2957731664092205E-033   2.2074749484845492E-050   4.2392629019068193E-034  -5.8334424527946691E-019   5.3792224867080329E-034  -1.0319009940440885E-050  -1.0050119839078470E-033   2.6448810492028869E-034   2.2071864333368952E-034  -2.4856930937088133E-050  -4.2346186633798295E-067  -8.1322154145904697E-051   1.1190344107558244E-035  -1.0319009940440885E-050   1.9795047781353702E-067   1.9279233528327155E-050   2.5759614205256704E-017   2.1496721381466394E-017  -2.4209215437460793E-033  -4.1242740616981373E-050  -7.9203082413489246E-034   1.0898749005050467E-018  -1.0050119839078470E-033   1.9279233528327155E-050   1.8776860230157807E-033
