  0.35339120406159957       0.29490939313337505       -1.6686579758602422E-019   8.4938971246797650E-034  -1.1782465328357438E-018   1.4951788019942481E-002   1.6596552050863353E-019  -3.9705369668101680E-034   6.4624311962684899E-018  0.29490939313337505       0.24610558825096160       -1.3925160144119819E-019   7.0882637077180753E-034  -9.8326151292527361E-019   1.2477454674993832E-002   1.3850030892600901E-019  -3.3134629097658880E-034   5.3929799054238099E-018  -1.6686579758602422E-019  -1.3925160144119819E-019   7.8791418926110250E-038  -4.0106853312519638E-052   5.5634957858298356E-037  -7.0600003752497792E-021  -7.8366322175425353E-038   1.8748254348064745E-052  -3.0514589030975927E-036   8.4938971246797650E-034   7.0882637077180753E-034  -4.0106853312519638E-052   2.0415417117192129E-066  -2.8319620642490442E-051   3.5937212871114253E-035   3.9890468162261884E-052  -9.5433423747425637E-067   1.5532708546661408E-050  -1.1782465328357438E-018  -9.8326151292527361E-019   5.5634957858298356E-037  -2.8319620642490442E-051   3.9284081668808693E-036  -4.9850964573304554E-020  -5.5334795224696933E-037   1.3238222572808469E-051  -2.1546481811600614E-035   1.4951788019942481E-002   1.2477454674993832E-002  -7.0600003752497792E-021   3.5937212871114253E-035  -4.9850964573304554E-020   6.3260195054070311E-004   7.0219101458788951E-021  -1.6799124135173108E-035   2.7342191947490320E-019   1.6596552050863353E-019   1.3850030892600901E-019  -7.8366322175425353E-038   3.9890468162261884E-052  -5.5334795224696933E-037   7.0219101458788951E-021   7.7943518913674980E-038  -1.8647103459896956E-052   3.0349956221688439E-036  -3.9705369668101680E-034  -3.3134629097658880E-034   1.8748254348064745E-052  -9.5433423747425637E-067   1.3238222572808469E-051  -1.6799124135173108E-035  -1.8647103459896956E-052   4.4611081497257820E-067  -7.2608830285936090E-051   6.4624311962684899E-018   5.3929799054238099E-018  -3.0514589030975927E-036   1.5532708546661408E-050  -2.1546481811600614E-035   2.7342191947490320E-019   3.0349956221688439E-036  -7.2608830285936090E-051   1.1817786205913738E-034
