   1.0013389510520543        8.8984644013014968E-004  -3.8595768501059188E-003  -1.6345198977991978E-019  -2.4087042007379638E-022  -2.1783733373520114E-022   3.6566503179335822E-019  -3.5378437604453734E-022  -7.6317926251216704E-023  -1.5524825373848148E-018   7.3683088197068491E-018   1.7642171312320145E-016  -1.0213839105353355E-017   1.5407831135508084E-017   1.4611478965794974E-003   2.6282475251873539E-020  -4.9993934779069482E-023  -2.6464876245095041E-023  -1.4330251326751433E-018  -8.4987276627217568E-017  -1.6445625365657703E-016   1.7312909173062584E-016  -1.3698012116716756E-017   8.8984644013014968E-004  0.28729897157856155       0.27329481551851809        4.1708618291897955E-018  -1.8516088911182627E-020  -1.0575274844875450E-020   8.4648579957052060E-017  -8.8751259362685499E-020  -2.8613213567986355E-020   1.5042070855835458E-017  -2.9836798480743140E-019   2.7265169945849392E-016  -1.3919861598887519E-017   1.4099602307831220E-017   3.9568878781140295E-003   9.7278523446002316E-018  -7.7610795904079281E-021  -2.2648826774765608E-021  -3.6411544387577052E-017  -3.1352533429969254E-018  -3.2034364652459482E-016   5.2825599419606704E-017  -8.7209855786167656E-018  -3.8595768501059188E-003  0.27329481551851809       0.25999539806077077        3.9683854416359870E-018  -1.7612674623809815E-020  -1.0058921777814528E-020   8.0521967021223988E-017  -8.4424780193706951E-020  -2.7218543441356236E-020   1.4316372543867329E-017  -3.1845796855214675E-019   2.5853634045891532E-016  -1.3193549144833726E-017   1.3340120593807709E-017   3.7572031194757702E-003   9.2536941300867888E-018  -7.3826500557327750E-021  -2.1543913927520207E-021  -3.4630488237421849E-017  -2.5830530550061708E-018  -3.0396051124870461E-016   4.9437760571715002E-017  -8.2316376477914154E-018  -1.6345198977991978E-019   4.1708618291897955E-018   3.9683854416359870E-018   6.0581537208027112E-035  -2.6877493247894961E-037  -1.5349391655427424E-037   1.2288672404144161E-033  -1.2884322053131877E-036  -4.1539439670194215E-037   2.1865486431453906E-034  -5.6295359016143168E-036   3.9272948138903259E-033  -2.0029012223886940E-034   2.0198476172554727E-034   5.7188905508475705E-020   1.4122474053733499E-034  -1.1266687448969501E-037  -3.2877000653846045E-038  -5.2837192818664719E-034  -3.0548507585397339E-035  -4.6217960448151316E-033   7.3643018648294891E-034  -1.2419893659739664E-034  -2.4087042007379638E-022  -1.8516088911182627E-020  -1.7612674623809815E-020  -2.6877493247894961E-037   1.1933743095948985E-039   6.8159824499261132E-040  -5.4555227714399624E-036   5.7199312430751611E-039   1.8440865124306212E-039  -9.6915112754620537E-037   1.7878870965925795E-038  -1.7604268121068712E-035   8.9898314994668578E-037  -9.1151906407567144E-037  -2.5528242851033530E-022  -6.2694821130293609E-037   5.0019742726079875E-040   1.4597265327128154E-040   2.3469242066146403E-036   2.1763782259970141E-037   2.0675739307541557E-035  -3.4362496522763670E-036   5.6456307481645022E-037  -2.1783733373520114E-022  -1.0575274844875450E-020  -1.0058921777814528E-020  -1.5349391655427424E-037   6.8159824499261132E-040   3.8930270407305631E-040  -3.1158743405780336E-036   3.2668865644884345E-039   1.0532301684318476E-039  -5.5339257552209003E-037   9.6206199522329653E-039  -1.0068571916042503E-035   5.1426031425845506E-037  -5.2183637685259007E-037  -1.4591809119717829E-022  -3.5807475160114653E-037   2.8568472639294486E-040   8.3372347363282192E-041   1.3405275925758922E-036   1.3111338014808752E-037   1.1821840290164098E-035  -1.9764436857252967E-036   3.2354028846179015E-037   3.6566503179335822E-019   8.4648579957052060E-017   8.0521967021223988E-017   1.2288672404144161E-033  -5.4555227714399624E-036  -3.1158743405780336E-036   2.4940517962727273E-032  -2.6149311902204494E-035  -8.4304775539896405E-036   4.4317682450161272E-033  -8.7148325475719508E-035   8.0351113571415205E-032  -4.1023415186250682E-033   4.1558362993871348E-033   1.1659908058598184E-018   2.8661737570529288E-033  -2.2866950525752006E-036  -6.6731766861690147E-037  -1.0728283186578585E-032  -9.3254018362783861E-034  -9.4401619623432118E-032   1.5582191323054916E-032  -2.5709279447245313E-033  -3.5378437604453734E-022  -8.8751259362685499E-020  -8.4424780193706951E-020  -1.2884322053131877E-036   5.7199312430751611E-039   3.2668865644884345E-039  -2.6149311902204494E-035   2.7416693422663460E-038   8.8390795347026064E-039  -4.6466109046983079E-036   9.1590023892630063E-038  -8.4240316077041629E-035   4.3008698269894339E-036  -4.3568038115688197E-036  -1.2224602770937940E-021  -3.0050892790899024E-036   2.3975239849535407E-039   6.9966011054853485E-040   1.1248213970196033E-035   9.7522552321612885E-037   9.8972168887510889E-035  -1.6332302924472448E-035   2.6951294477889901E-036  -7.6317926251216704E-023  -2.8613213567986355E-020  -2.7218543441356236E-020  -4.1539439670194215E-037   1.8440865124306212E-039   1.0532301684318476E-039  -8.4304775539896405E-036   8.8390795347026064E-039   2.8497005388977119E-039  -1.4981175505120291E-036   2.9806179053925235E-038  -2.7152277548118219E-035   1.3862077610209543E-036  -1.4040450104503592E-036  -3.9406393228200951E-022  -9.6883441227879667E-037   7.7295555559972227E-040   2.2556816939323420E-040   3.6263500315587576E-036   3.1120770226228489E-037   3.1902251507282907E-035  -5.2589798010603614E-036   8.6838861572164183E-037  -1.5524825373848148E-018   1.5042070855835458E-017   1.4316372543867329E-017   2.1865486431453906E-034  -9.6915112754620537E-037  -5.5339257552209003E-037   4.4317682450161272E-033  -4.6466109046983079E-036  -1.4981175505120291E-036   7.9010915571722043E-034  -2.7389819766561452E-035   1.3994799735189721E-032  -7.1255816729310550E-034   7.1367523002883517E-034   2.0485641689389011E-019   5.0932590757608407E-034  -4.0630427616042721E-037  -1.1855107570350952E-037  -1.9042856277195691E-033  -2.8448079775372976E-035  -1.6511144128198777E-032   2.4895671075320516E-033  -4.3477164086541931E-034   7.3683088197068491E-018  -2.9836798480743140E-019  -3.1845796855214675E-019  -5.6295359016143168E-036   1.7878870965925795E-038   9.6206199522329653E-039  -8.7148325475719508E-035   9.1590023892630063E-038   2.9806179053925235E-038  -2.7389819766561452E-035   5.4542991703253938E-035   1.0089865943262566E-033  -6.0394265551647064E-035   9.8428164393459012E-035   6.5536387212012654E-021  -1.0130960508911498E-035   7.8690792089296808E-039   2.2090042277742217E-039   2.8098168999871992E-035  -6.2212779567203350E-034  -8.7031148679941379E-034   1.2180611554854052E-033  -9.1553367687872695E-035   1.7642171312320145E-016   2.7265169945849392E-016   2.5853634045891532E-016   3.9272948138903259E-033  -1.7604268121068712E-035  -1.0068571916042503E-035   8.0351113571415205E-032  -8.4240316077041629E-035  -2.7152277548118219E-035   1.3994799735189721E-032   1.0089865943262566E-033   2.8953741305572559E-031  -1.4993554615706443E-032   1.6074763884984456E-032   4.0092081573344219E-018   9.2312257194024877E-033  -7.3699500806536023E-036  -2.1528232853094879E-036  -3.4786682407939922E-032  -1.7875626042848996E-032  -3.3267393702499979E-031   8.0460683924644672E-032  -1.0673479822823494E-032  -1.0213839105353355E-017  -1.3919861598887519E-017  -1.3193549144833726E-017  -2.0029012223886940E-034   8.9898314994668578E-037   5.1426031425845506E-037  -4.1023415186250682E-033   4.3008698269894339E-036   1.3862077610209543E-036  -7.1255816729310550E-034  -6.0394265551647064E-035  -1.4993554615706443E-032   7.7773388255926178E-034  -8.3919298084131711E-034  -2.0643095747492689E-019  -4.7128303372781311E-034   3.7629405852453134E-037   1.0993290625760140E-037   1.7775779862085873E-033   1.0150356679935722E-033   1.7181231661696023E-032  -4.3162787971761627E-033   5.6139707630376790E-034   1.5407831135508084E-017   1.4099602307831220E-017   1.3340120593807709E-017   2.0198476172554727E-034  -9.1151906407567144E-037  -5.2183637685259007E-037   4.1558362993871348E-033  -4.3568038115688197E-036  -1.4040450104503592E-036   7.1367523002883517E-034   9.8428164393459012E-035   1.6074763884984456E-032  -8.3919298084131711E-034   9.2770030795400146E-034   2.1642116299305255E-019   4.7734904251800904E-034  -3.8128418396985894E-037  -1.1145074484864323E-037  -1.8072053429850267E-033  -1.4577337352424491E-033  -1.8229453043277327E-032   5.2464140118629825E-033  -6.3775783700992329E-034   1.4611478965794974E-003   3.9568878781140295E-003   3.7572031194757702E-003   5.7188905508475705E-020  -2.5528242851033530E-022  -1.4591809119717829E-022   1.1659908058598184E-018  -1.2224602770937940E-021  -3.9406393228200951E-022   2.0485641689389011E-019   6.5536387212012654E-021   4.0092081573344219E-018  -2.0643095747492689E-019   2.1642116299305255E-019   5.6593590676268468E-005   1.3397340544185623E-019  -1.0692872170556422E-022  -3.1221734881847764E-023  -5.0339629809913706E-019  -1.6614000481996102E-019  -4.6485286558648805E-018   9.7782604356082169E-019  -1.3989305577536031E-019   2.6282475251873539E-020   9.7278523446002316E-018   9.2536941300867888E-018   1.4122474053733499E-034  -6.2694821130293609E-037  -3.5807475160114653E-037   2.8661737570529288E-033  -3.0050892790899024E-036  -9.6883441227879667E-037   5.0932590757608407E-034  -1.0130960508911498E-035   9.2312257194024877E-033  -4.7128303372781311E-034   4.7734904251800904E-034   1.3397340544185623E-019   3.2938201959288476E-034  -2.6278760144217020E-037  -7.6688136656753513E-038  -1.2328783082097748E-033  -1.0583217681145572E-034  -1.0846106511244775E-032   1.7879935079517579E-033  -2.9523728622657741E-034  -4.9993934779069482E-023  -7.7610795904079281E-021  -7.3826500557327750E-021  -1.1266687448969501E-037   5.0019742726079875E-040   2.8568472639294486E-040  -2.2866950525752006E-036   2.3975239849535407E-039   7.7295555559972227E-040  -4.0630427616042721E-037   7.8690792089296808E-039  -7.3699500806536023E-036   3.7629405852453134E-037  -3.8128418396985894E-037  -1.0692872170556422E-022  -2.6278760144217020E-037   2.0965807629520440E-040   6.1183927917568260E-041   9.8365380304516696E-037   8.6898278318195132E-038   8.6579838912505746E-036  -1.4315114602138991E-036   2.3594262078839662E-037  -2.6464876245095041E-023  -2.2648826774765608E-021  -2.1543913927520207E-021  -3.2877000653846045E-038   1.4597265327128154E-040   8.3372347363282192E-041  -6.6731766861690147E-037   6.9966011054853485E-040   2.2556816939323420E-040  -1.1855107570350952E-037   2.2090042277742217E-039  -2.1528232853094879E-036   1.0993290625760140E-037  -1.1145074484864323E-037  -3.1221734881847764E-023  -7.6688136656753513E-038   6.1183927917568260E-041   1.7855274783020132E-041   2.8707114162592913E-037   2.6366945640844039E-038   2.5285610294221820E-036  -4.1980315595219741E-037   6.9016257762468925E-038  -1.4330251326751433E-018  -3.6411544387577052E-017  -3.4630488237421849E-017  -5.2837192818664719E-034   2.3469242066146403E-036   1.3405275925758922E-036  -1.0728283186578585E-032   1.1248213970196033E-035   3.6263500315587576E-036  -1.9042856277195691E-033   2.8098168999871992E-035  -3.4786682407939922E-032   1.7775779862085873E-033  -1.8072053429850267E-033  -5.0339629809913706E-019  -1.2328783082097748E-033   9.8365380304516696E-037   2.8707114162592913E-037   4.6164476927668676E-033   5.0939584483606017E-034   4.0815067993859862E-032  -6.9230353909878784E-033   1.1233006657066425E-033  -8.4987276627217568E-017  -3.1352533429969254E-018  -2.5830530550061708E-018  -3.0548507585397339E-035   2.1763782259970141E-037   1.3111338014808752E-037  -9.3254018362783861E-034   9.7522552321612885E-037   3.1120770226228489E-037  -2.8448079775372976E-035  -6.2212779567203350E-034  -1.7875626042848996E-032   1.0150356679935722E-033  -1.4577337352424491E-033  -1.6614000481996102E-019  -1.0583217681145572E-034   8.6898278318195132E-038   2.6366945640844039E-038   5.0939584483606017E-034   7.2457652411748979E-033   1.7368107017206535E-032  -1.5255050032984139E-032   1.2553490336625097E-033  -1.6445625365657703E-016  -3.2034364652459482E-016  -3.0396051124870461E-016  -4.6217960448151316E-033   2.0675739307541557E-035   1.1821840290164098E-035  -9.4401619623432118E-032   9.8972168887510889E-035   3.1902251507282907E-035  -1.6511144128198777E-032  -8.7031148679941379E-034  -3.3267393702499979E-031   1.7181231661696023E-032  -1.8229453043277327E-032  -4.6485286558648805E-018  -1.0846106511244775E-032   8.6579838912505746E-036   2.5285610294221820E-036   4.0815067993859862E-032   1.7368107017206535E-032   3.8387391017042724E-031  -8.7137426595959150E-032   1.1955794828855350E-032   1.7312909173062584E-016   5.2825599419606704E-017   4.9437760571715002E-017   7.3643018648294891E-034  -3.4362496522763670E-036  -1.9764436857252967E-036   1.5582191323054916E-032  -1.6332302924472448E-035  -5.2589798010603614E-036   2.4895671075320516E-033   1.2180611554854052E-033   8.0460683924644672E-032  -4.3162787971761627E-033   5.2464140118629825E-033   9.7782604356082169E-019   1.7879935079517579E-033  -1.4315114602138991E-036  -4.1980315595219741E-037  -6.9230353909878784E-033  -1.5255050032984139E-032  -8.7137426595959150E-032   3.9590165639823044E-032  -3.9649815064730475E-033  -1.3698012116716756E-017  -8.7209855786167656E-018  -8.2316376477914154E-018  -1.2419893659739664E-034   5.6456307481645022E-037   3.2354028846179015E-037  -2.5709279447245313E-033   2.6951294477889901E-036   8.6838861572164183E-037  -4.3477164086541931E-034  -9.1553367687872695E-035  -1.0673479822823494E-032   5.6139707630376790E-034  -6.3775783700992329E-034  -1.3989305577536031E-019  -2.9523728622657741E-034   2.3594262078839662E-037   6.9016257762468925E-038   1.1233006657066425E-033   1.2553490336625097E-033   1.1955794828855350E-032  -3.9649815064730475E-033   4.5137315001208561E-034
