   1.0013389509845982        8.8983914491416976E-004  -3.8595836147487760E-003   2.0897204349649700E-019  -3.3420798156970569E-022   2.4565851349862800E-022   3.4830280306579228E-019  -4.5441574553248126E-021  -1.7153710892717096E-021  -4.4570661871185544E-018  -1.2892410932949817E-017   4.4710520249771675E-017  -3.1558168879292168E-017   2.7387132770256546E-017   1.4611478682206591E-003   6.2192558861236991E-020  -5.5002986112285600E-022  -1.5968701314596551E-022   7.4829356659178995E-018   2.3862197704985976E-016  -2.2078680374855489E-017   3.8676499177673189E-017  -2.2028400089501911E-017   8.8983914491416976E-004  0.28729892217441516       0.27329480476824591        1.6531647184222224E-017  -1.2381730536217763E-019  -2.7631716605328033E-020   9.5446911068852876E-017  -9.9649311530146568E-019  -3.5170042371340075E-019  -1.2048907462180798E-016  -9.0181986479976588E-017   4.8199193535065875E-016   2.1835825048782757E-016  -2.2012960847198410E-018   3.9569048553845954E-003   1.1016908412737447E-017  -1.2605384296170649E-019  -4.2919212756431123E-020   1.6787075732783344E-016   7.3319831412401988E-017  -2.4945860746615626E-016  -2.0919349952920686E-016   1.7910934076320189E-017  -3.8595836147487760E-003  0.27329480476824591       0.25999542231286871        1.5725086016358581E-017  -1.1778217818568849E-019  -2.6286391164877672E-020   9.0794193029504864E-017  -9.4791313874093923E-019  -3.3455417295952124E-019  -1.1459675401517130E-016  -8.5726871224734090E-017   4.5829457597761911E-016   2.0786607628056417E-016  -2.2227411936623136E-018   3.7572197684158765E-003   1.0479767586204291E-017  -1.1990871609360037E-019  -4.0827030106959937E-020   1.5965532970858048E-016   6.8625523970223868E-017  -2.3719884735994869E-016  -1.9918137363985329E-016   1.7141671438404366E-017   2.0897204349649700E-019   1.6531647184222224E-017   1.5725086016358581E-017   9.5128272048247885E-034  -7.1246413353804505E-036  -1.5899217179365611E-036   5.4921787776423798E-033  -5.7340064023296397E-035  -2.0237512953595708E-035  -6.9337807426984618E-033  -5.1912054579774473E-033   2.7741409090321986E-032   1.2559610001177902E-032  -1.2235000054231698E-034   2.2791502567529297E-019   6.3393524836973898E-034  -7.2533682590788808E-036  -2.4696455122499299E-036   9.6606534470297741E-033   4.2565035252298493E-033  -1.4357610893253975E-032  -1.2031138244771981E-032   1.0271447661889331E-033  -3.3420798156970569E-022  -1.2381730536217763E-019  -1.1778217818568849E-019  -7.1246413353804505E-036   5.3361584819314681E-038   1.1908465756809871E-038  -4.1134782195877986E-035   4.2945887440364708E-037   1.5157240958713444E-037   5.1927012751053133E-035   3.8865137787237889E-035  -2.0772208628159518E-034  -9.4107509356718065E-035   9.5004159857989828E-037  -1.7052371943423203E-021  -4.7479590449571069E-036   5.4325455838527124E-038   1.8496905081312414E-038  -7.2346969492315072E-035  -3.1586936508522531E-035   1.0750820453278408E-034   9.0158122771704712E-035  -7.7201677788200060E-036   2.4565851349862800E-022  -2.7631716605328033E-020  -2.6286391164877672E-020  -1.5899217179365611E-036   1.1908465756809871E-038   2.6576613561308489E-039  -9.1798360085328384E-036   9.5839819411201612E-038   3.3825490414238108E-038   1.1586997313033716E-035   8.6693133008444821E-036  -4.6342524130685776E-035  -2.1011832407527502E-035   2.2077723580008318E-037  -3.8008626216286799E-022  -1.0595703633985778E-036   1.2123501440463833E-038   4.1278573970163478E-039  -1.6143100736038260E-035  -6.9728635331689434E-036   2.3985278488918760E-035   2.0132734137284713E-035  -1.7299357161672453E-036   3.4830280306579228E-019   9.5446911068852876E-017   9.0794193029504864E-017   5.4921787776423798E-033  -4.1134782195877986E-035  -9.1798360085328384E-036   3.1709529433138183E-032  -3.3105662586639384E-034  -1.1684251466584769E-034  -4.0029289454566247E-032  -2.9961068486087748E-032   1.6013041138952229E-031   7.2541634169868317E-032  -7.2987697341848005E-034   1.3146455341960088E-018   3.6600565495786418E-033  -4.1877819312317287E-035  -1.4258691457983622E-035   5.5770659932030025E-032   2.4370974236059873E-032  -8.2876661598950526E-032  -6.9496532839375010E-032   5.9492375881737373E-033  -4.5441574553248126E-021  -9.9649311530146568E-019  -9.4791313874093923E-019  -5.7340064023296397E-035   4.2945887440364708E-037   9.5839819411201612E-038  -3.3105662586639384E-034   3.4563274064584957E-036   1.2198699183424043E-036   4.1792096023398389E-034   3.1281357914412723E-034  -1.6718465824311263E-033  -7.5732623509416118E-034   7.5952904547828905E-036  -1.3726589788707086E-020  -3.8212065129398099E-035   4.3721658429777221E-037   1.4886485091095407E-037  -5.8226799102926523E-034  -2.5465607841396498E-034   8.6527542237410736E-034   7.2552807670592171E-034  -6.2091725543890576E-035  -1.7153710892717096E-021  -3.5170042371340075E-019  -3.3455417295952124E-019  -2.0237512953595708E-035   1.5157240958713444E-037   3.3825490414238108E-038  -1.1684251466584769E-034   1.2198699183424043E-036   4.3053868619575474E-037   1.4750070015432184E-034   1.1040524716933121E-034  -5.9006323339176508E-034  -2.6728571913634953E-034   2.6776155460352869E-036  -4.8447984577151001E-021  -1.3486498207685109E-035   1.5431042453922830E-037   5.2540086136030520E-038  -2.0550535581438712E-034  -8.9904402852822118E-035   3.0539106945023346E-034   2.5606214642118053E-034  -2.1912077449193853E-035  -4.4570661871185544E-018  -1.2048907462180798E-016  -1.1459675401517130E-016  -6.9337807426984618E-033   5.1927012751053133E-035   1.1586997313033716E-035  -4.0029289454566247E-032   4.1792096023398389E-034   1.4750070015432184E-034   5.0548057031796217E-032   3.7872481877477657E-032  -2.0231681068725075E-031  -9.1444873061735870E-032   8.1146788350375051E-034  -1.6653787266498593E-018  -4.6204489060494709E-033   5.2865836717607684E-035   1.7999815450399393E-035  -7.0431001956266251E-032  -3.1721569693937442E-032   1.0470628098801048E-031   8.7572391237527943E-032  -7.4215230082453383E-033  -1.2892410932949817E-017  -9.0181986479976588E-017  -8.5726871224734090E-017  -5.1912054579774473E-033   3.8865137787237889E-035   8.6693133008444821E-036  -2.9961068486087748E-032   3.1281357914412723E-034   1.1040524716933121E-034   3.7872481877477657E-032   2.8466643933089698E-032  -1.5183972834685909E-031  -6.8135750442805084E-032   3.4591666065989017E-034  -1.2603072901048363E-018  -3.4585172181043213E-033   3.9569809317868579E-035   1.3472506819976395E-035  -5.2781669316545725E-032  -2.6017687490467384E-032   7.8572439039461837E-032   6.5169664840781334E-032  -5.3439965183342370E-033   4.4710520249771675E-017   4.8199193535065875E-016   4.5829457597761911E-016   2.7741409090321986E-032  -2.0772208628159518E-034  -4.6342524130685776E-035   1.6013041138952229E-031  -1.6718465824311263E-033  -5.9006323339176508E-034  -2.0231681068725075E-031  -1.5183972834685909E-031   8.1048726282382088E-031   3.6494120195285598E-031  -2.5107190972096891E-033   6.7009030841586223E-018   1.8483915757267856E-032  -2.1148326761568285E-034  -7.2005303821035754E-035   2.8193176119805064E-031   1.3329538771613634E-031  -4.1942805490142281E-031  -3.4925979925791021E-031   2.9095443984105737E-032  -3.1558168879292168E-017   2.1835825048782757E-016   2.0786607628056417E-016   1.2559610001177902E-032  -9.4107509356718065E-035  -2.1011832407527502E-035   7.2541634169868317E-032  -7.5732623509416118E-034  -2.6728571913634953E-034  -9.1444873061735870E-032  -6.8135750442805084E-032   3.6494120195285598E-031   1.6699835894356084E-031  -2.5549212977154257E-033   2.9607581810096596E-018   8.3723712500033867E-033  -9.5800639478004038E-035  -3.2619394087429569E-035   1.2736409456408152E-031   4.8051615803248552E-032  -1.8891228056115023E-031  -1.6026103081635447E-031   1.4323912332994643E-032   2.7387132770256546E-017  -2.2012960847198410E-018  -2.2227411936623136E-018  -1.2235000054231698E-034   9.5004159857989828E-037   2.2077723580008318E-037  -7.2987697341848005E-034   7.5952904547828905E-036   2.6776155460352869E-036   8.1146788350375051E-034   3.4591666065989017E-034  -2.5107190972096891E-033  -2.5549212977154257E-033   7.6629357773565333E-034   9.3199538482280704E-021  -8.3644071124212048E-035   9.6146322487400947E-037   3.2811681257007960E-037  -1.0957431528654890E-033   5.9600837563948482E-033   1.3284842066479630E-033   2.6786630254040848E-033  -7.4139161823846163E-034   1.4611478682206591E-003   3.9569048553845954E-003   3.7572197684158765E-003   2.2791502567529297E-019  -1.7052371943423203E-021  -3.8008626216286799E-022   1.3146455341960088E-018  -1.3726589788707086E-020  -4.8447984577151001E-021  -1.6653787266498593E-018  -1.2603072901048363E-018   6.7009030841586223E-018   2.9607581810096596E-018   9.3199538482280704E-021   5.6594067745531245E-005   1.5177407271009263E-019  -1.7363427968157024E-021  -5.9115558949846296E-022   2.3221221822809328E-018   1.3547655097160675E-018  -3.4665674925674617E-018  -2.8242752236054920E-018   2.1472889590041470E-019   6.2192558861236991E-020   1.1016908412737447E-017   1.0479767586204291E-017   6.3393524836973898E-034  -4.7479590449571069E-036  -1.0595703633985778E-036   3.6600565495786418E-033  -3.8212065129398099E-035  -1.3486498207685109E-035  -4.6204489060494709E-033  -3.4585172181043213E-033   1.8483915757267856E-032   8.3723712500033867E-033  -8.3644071124212048E-035   1.5177407271009263E-019   4.2246067659927006E-034  -4.8337282922249146E-036  -1.6458023858440467E-036   6.4374513602811808E-033   2.8182418863269587E-033  -9.5664620159228886E-033  -8.0207363664080555E-033   6.8620257716159853E-034  -5.5002986112285600E-022  -1.2605384296170649E-019  -1.1990871609360037E-019  -7.2533682590788808E-036   5.4325455838527124E-038   1.2123501440463833E-038  -4.1877819312317287E-035   4.3721658429777221E-037   1.5431042453922830E-037   5.2865836717607684E-035   3.9569809317868579E-035  -2.1148326761568285E-034  -9.5800639478004038E-035   9.6146322487400947E-037  -1.7363427968157024E-021  -4.8337282922249146E-036   5.5306781223853675E-038   1.8831024109383599E-038  -7.3655246550981101E-035  -3.2207442814609427E-035   1.0945461119430591E-034   9.1778428926764531E-035  -7.8549920825984650E-036  -1.5968701314596551E-022  -4.2919212756431123E-020  -4.0827030106959937E-020  -2.4696455122499299E-036   1.8496905081312414E-038   4.1278573970163478E-039  -1.4258691457983622E-035   1.4886485091095407E-037   5.2540086136030520E-038   1.7999815450399393E-035   1.3472506819976395E-035  -7.2005303821035754E-035  -3.2619394087429569E-035   3.2811681257007960E-037  -5.9115558949846296E-022  -1.6458023858440467E-036   1.8831024109383599E-038   6.4116461526360990E-039  -2.5078180405021441E-035  -1.0959524133230309E-035   3.7266866584751485E-035   3.1250094408512532E-035  -2.6751011059238544E-036   7.4829356659178995E-018   1.6787075732783344E-016   1.5965532970858048E-016   9.6606534470297741E-033  -7.2346969492315072E-035  -1.6143100736038260E-035   5.5770659932030025E-032  -5.8226799102926523E-034  -2.0550535581438712E-034  -7.0431001956266251E-032  -5.2781669316545725E-032   2.8193176119805064E-031   1.2736409456408152E-031  -1.0957431528654890E-033   2.3221221822809328E-018   6.4374513602811808E-033  -7.3655246550981101E-035  -2.5078180405021441E-035   9.8136469049933472E-032   4.4499014868182601E-032  -1.4590855433771612E-031  -1.2195976548842633E-031   1.0311918534674122E-032   2.3862197704985976E-016   7.3319831412401988E-017   6.8625523970223868E-017   4.2565035252298493E-033  -3.1586936508522531E-035  -6.9728635331689434E-036   2.4370974236059873E-032  -2.5465607841396498E-034  -8.9904402852822118E-035  -3.1721569693937442E-032  -2.6017687490467384E-032   1.3329538771613634E-031   4.8051615803248552E-032   5.9600837563948482E-033   1.3547655097160675E-018   2.8182418863269587E-033  -3.2207442814609427E-035  -1.0959524133230309E-035   4.4499014868182601E-032   7.5467798034711224E-032  -6.8735305862662977E-032  -4.4024783657711731E-032  -6.8671574317648387E-034  -2.2078680374855489E-017  -2.4945860746615626E-016  -2.3719884735994869E-016  -1.4357610893253975E-032   1.0750820453278408E-034   2.3985278488918760E-035  -8.2876661598950526E-032   8.6527542237410736E-034   3.0539106945023346E-034   1.0470628098801048E-031   7.8572439039461837E-032  -4.1942805490142281E-031  -1.8891228056115023E-031   1.3284842066479630E-033  -3.4665674925674617E-018  -9.5664620159228886E-033   1.0945461119430591E-034   3.7266866584751485E-035  -1.4590855433771612E-031  -6.8735305862662977E-032   2.1705560517548682E-031   1.8080376740294692E-031  -1.5081982013083318E-032   3.8676499177673189E-017  -2.0919349952920686E-016  -1.9918137363985329E-016  -1.2031138244771981E-032   9.0158122771704712E-035   2.0132734137284713E-035  -6.9496532839375010E-032   7.2552807670592171E-034   2.5606214642118053E-034   8.7572391237527943E-032   6.5169664840781334E-032  -3.4925979925791021E-031  -1.6026103081635447E-031   2.6786630254040848E-033  -2.8242752236054920E-018  -8.0207363664080555E-033   9.1778428926764531E-035   3.1250094408512532E-035  -1.2195976548842633E-031  -4.4024783657711731E-032   1.8080376740294692E-031   1.5386625578256921E-031  -1.3908923331872018E-032  -2.2028400089501911E-017   1.7910934076320189E-017   1.7141671438404366E-017   1.0271447661889331E-033  -7.7201677788200060E-036  -1.7299357161672453E-036   5.9492375881737373E-033  -6.2091725543890576E-035  -2.1912077449193853E-035  -7.4215230082453383E-033  -5.3439965183342370E-033   2.9095443984105737E-032   1.4323912332994643E-032  -7.4139161823846163E-034   2.1472889590041470E-019   6.8620257716159853E-034  -7.8549920825984650E-036  -2.6751011059238544E-036   1.0311918534674122E-032  -6.8671574317648387E-034  -1.5081982013083318E-032  -1.3908923331872018E-032   1.6036592120391535E-033
