   1.0013389509845982        8.8983914491500135E-004  -3.8595836147485925E-003   4.4527251061499172E-020  -1.2906218181875519E-021  -1.3013302528617090E-021  -3.7514904755939725E-019   3.1154290693262808E-021   1.7900338621359702E-022   1.5369405128428213E-018   2.1722742083716346E-018   3.2351376644774871E-016   4.3530208137804050E-018  -4.9423596783788281E-017   1.4611478682208243E-003  -4.1162852596393226E-020   2.9841684215773364E-022  -1.0527346339877697E-022  -5.1186916649439496E-018  -1.0605514573857608E-016  -2.9020817726708884E-016  -8.2238283522529155E-017  -1.8153155000156318E-016   8.8983914491500135E-004  0.28729892217441827       0.27329480476824525       -6.9200845523015494E-018  -8.8205216312850942E-022  -4.3731481283803652E-020  -9.2143218571684196E-017   6.1079317604546917E-019  -3.8350372207665711E-020  -1.8337115262456141E-017   3.7301509255371062E-018   1.7002498774380344E-016  -2.0945818718895533E-017   2.6927512722693876E-017   3.9569048553852338E-003  -1.0661790941352046E-017   9.1567306618370420E-020   2.7491144947187349E-022   1.8974941664850069E-017  -6.7227721193399391E-017  -5.5142608538442147E-016   1.0041473836495663E-016  -1.5951105670063741E-017  -3.8595836147485925E-003  0.27329480476824525       0.25999542231286465       -6.5830814987046432E-018  -8.3300457058319799E-022  -4.1594351728923661E-020  -8.7651361673947649E-017   5.8101488277766922E-019  -3.6482418680604110E-020  -1.7450779906879475E-017   3.5381733169709865E-018   1.6021931376707444E-016  -1.9945597450878839E-017   2.5847627720454686E-017   3.7572197684164334E-003  -1.0142053649532892E-017   8.7103874250862207E-020   2.6200991047943534E-022   1.8074358743468523E-017  -6.3453312717937896E-017  -5.2319145180964481E-016   9.5908078384625602E-017  -1.4320659851144683E-017   4.4527251061499172E-020  -6.9200845523015494E-018  -6.5830814987046432E-018   1.6668638419815951E-034   2.1160894201553577E-038   1.0532705146989725E-036   2.2194206645065624E-033  -1.4711914798053195E-035   9.2375374011935129E-037   4.4178567991151604E-034  -8.9704714970011180E-035  -4.0740658415093371E-033   5.0480678657797491E-034  -6.5185622202546710E-034  -9.5213360069367617E-020   2.5680688313901208E-034  -2.2055537798904011E-036  -6.6287018619809901E-039  -4.5738488580614211E-034   1.6123219230403510E-033   1.3263033527214987E-032  -2.4240979695565534E-033   3.7225489863523239E-034  -1.2906218181875519E-021  -8.8205216312850942E-022  -8.3300457058319799E-022   2.1160894201553577E-038   4.3644836690814925E-042   1.3576194154921619E-040   2.8300938790628928E-037  -1.8768034137658514E-039   1.1735857730053291E-040   5.4247965716215596E-038  -1.4231198035101286E-038  -9.3741983983033698E-037   5.8624735434860715E-038  -1.8997152016613009E-038  -1.4011834113142589E-023   3.2743818678112796E-038  -2.8114485250784865E-040  -7.0752585852564828E-043  -5.1596905123318813E-038   3.4253678629840605E-037   2.0640242036566949E-036  -2.0211625771892195E-037   2.8238949004761401E-037  -1.3013302528617090E-021  -4.3731481283803652E-020  -4.1594351728923661E-020   1.0532705146989725E-036   1.3576194154921619E-040   6.6579868798681498E-039   1.4025772991811785E-035  -9.2973894456126950E-038   5.8371920086592745E-039   2.7893459770601851E-036  -5.7030428982231806E-037  -2.6256579345475164E-035   3.1831440331523670E-036  -4.0411548799056949E-036  -6.0399105581155809E-022   1.6229042231015220E-036  -1.3938022736391868E-038  -4.1722346130070624E-041  -2.8822607064212633E-036   1.0356372535728780E-035   8.4271759612679242E-035  -1.5188611459232736E-035   2.6393173839812987E-036  -3.7514904755939725E-019  -9.2143218571684196E-017  -8.7651361673947649E-017   2.2194206645065624E-033   2.8300938790628928E-037   1.4025772991811785E-035   2.9552408258291388E-032  -1.9589520283905510E-034   1.2299799223366561E-035   5.8809819527598195E-033  -1.1965368828644324E-033  -5.4559785096849328E-032   6.7173986046106271E-033  -8.6318205605113047E-033  -1.2691981554368723E-018   3.4194766039533907E-033  -2.9367693638661201E-035  -8.8160764975689177E-038  -6.0852259712871440E-033   2.1570928364322655E-032   1.7688059403449382E-031  -3.2197862888875312E-032   5.1321456062053963E-033   3.1154290693262808E-021   6.1079317604546917E-019   5.8101488277766922E-019  -1.4711914798053195E-035  -1.8768034137658514E-039  -9.2973894456126950E-038  -1.9589520283905510E-034   1.2985385767564053E-036  -8.1531949089914346E-038  -3.8982482959330307E-035   7.9328850427595273E-036   3.6186525400568807E-034  -4.4525096011705745E-035   5.7186987851614490E-035   8.4140906152549418E-021  -2.2666816708225631E-035   1.9467073112323624E-037   5.8432790998003368E-040   4.0334112916702293E-035  -1.4305446762741358E-034  -1.1726760926449782E-033   2.1337934330281892E-034  -3.4133583400683876E-035   1.7900338621359702E-022  -3.8350372207665711E-020  -3.6482418680604110E-020   9.2375374011935129E-037   1.1735857730053291E-040   5.8371920086592745E-039   1.2299799223366561E-035  -8.1531949089914346E-038   5.1193247775927757E-039   2.4482213762735545E-036  -4.9728020387338567E-037  -2.2599896381836051E-035   2.7972865281145925E-036  -3.6091676052567844E-036  -5.2776035832948330E-022   1.4231969698610105E-036  -1.2222945352556124E-038  -3.6728378713277733E-041  -2.5344279993137673E-036   8.9424793446829373E-036   7.3521843699411963E-035  -1.3428506760982249E-035   2.0752782009055811E-036   1.5369405128428213E-018  -1.8337115262456141E-017  -1.7450779906879475E-017   4.4178567991151604E-034   5.4247965716215596E-038   2.7893459770601851E-036   5.8809819527598195E-033  -3.8982482959330307E-035   2.4482213762735545E-036   1.1729196784223879E-033  -2.3464125663679454E-034  -1.0337930496234017E-032   1.3439175090447408E-033  -1.7974687786638246E-033  -2.5024698525961042E-019   6.8048555671150026E-034  -5.8443431366430720E-036  -1.7715382900256169E-038  -1.2193334194335309E-033   4.1224036333619116E-033   3.4736092404079231E-032  -6.5404482597086387E-033   7.2924529667483797E-034   2.1722742083716346E-018   3.7301509255371062E-018   3.5381733169709865E-018  -8.9704714970011180E-035  -1.4231198035101286E-038  -5.7030428982231806E-037  -1.1965368828644324E-033   7.9328850427595273E-036  -4.9728020387338567E-037  -2.3464125663679454E-034   5.3092969357077466E-035   2.9044764572511439E-033  -2.6241732759250890E-034   2.4278579874758740E-034   5.4501022552699097E-020  -1.3844512788401001E-034   1.1888977926510206E-036   3.3403175586311111E-039   2.3518938724253236E-034  -1.1012528549706629E-033  -7.7819876323984641E-033   1.1256086558316257E-033  -5.9871048876947919E-034   3.2351376644774871E-016   1.7002498774380344E-016   1.6021931376707444E-016  -4.0740658415093371E-033  -9.3741983983033698E-037  -2.6256579345475164E-035  -5.4559785096849328E-032   3.6186525400568807E-034  -2.2599896381836051E-035  -1.0337930496234017E-032   2.9044764572511439E-033   2.0480316246893924E-031  -1.0970824452173548E-032  -3.2945841673233873E-035   2.8090658897116144E-018  -6.3123287870824191E-033   5.4194782338615233E-035   1.2846276602570780E-037   9.5594463578208892E-033  -7.3927290108325228E-032  -4.1939434646559699E-031   3.2799178365310090E-032  -6.7978130194393348E-032   4.3530208137804050E-018  -2.0945818718895533E-017  -1.9945597450878839E-017   5.0480678657797491E-034   5.8624735434860715E-038   3.1831440331523670E-036   6.7173986046106271E-033  -4.4525096011705745E-035   2.7972865281145925E-036   1.3439175090447408E-033  -2.6241732759250890E-034  -1.0970824452173548E-032   1.5465678699173952E-033  -2.1816024540134691E-033  -2.8208964049612303E-019   7.7727274421357315E-034  -6.6757418333316896E-036  -2.0510920713276985E-038  -1.4062302910741304E-033   4.4343084156493534E-033   3.8929413672630641E-032  -7.6850456350823423E-033   3.6223225285083450E-034  -4.9423596783788281E-017   2.6927512722693876E-017   2.5847627720454686E-017  -6.5185622202546710E-034  -1.8997152016613009E-038  -4.0411548799056949E-036  -8.6318205605113047E-033   5.7186987851614490E-035  -3.6091676052567844E-036  -1.7974687786638246E-033   2.4278579874758740E-034  -3.2945841673233873E-035  -2.1816024540134691E-033   4.9714929210844739E-033   2.9923211797511302E-019  -9.9888951324786289E-034   8.5815478901062394E-036   3.1013394767470245E-038   2.0344327924690325E-033  -1.0678457890474075E-033  -3.7419495213814072E-032   1.3492832904231443E-032   7.4776062797930032E-033   1.4611478682208243E-003   3.9569048553852338E-003   3.7572197684164334E-003  -9.5213360069367617E-020  -1.4011834113142589E-023  -6.0399105581155809E-022  -1.2691981554368723E-018   8.4140906152549418E-021  -5.2776035832948330E-022  -2.5024698525961042E-019   5.4501022552699097E-020   2.8090658897116144E-018  -2.8208964049612303E-019   2.9923211797511302E-019   5.6594067745548700E-005  -1.4685428027136168E-019   1.2611577994562678E-021   3.6327365001730687E-024   2.5384612283217346E-019  -1.0790687631207018E-018  -8.0121181993660567E-018   1.2635446675782449E-018  -4.8228827305510936E-019  -4.1162852596393226E-020  -1.0661790941352046E-017  -1.0142053649532892E-017   2.5680688313901208E-034   3.2743818678112796E-038   1.6229042231015220E-036   3.4194766039533907E-033  -2.2666816708225631E-035   1.4231969698610105E-036   6.8048555671150026E-034  -1.3844512788401001E-034  -6.3123287870824191E-033   7.7727274421357315E-034  -9.9888951324786289E-034  -1.4685428027136168E-019   3.9566387590361508E-034  -3.3981036455961141E-036  -1.0201223553048147E-038  -7.0412644405054214E-034   2.4957111710264146E-033   2.0466012998638072E-032  -3.7257645593125789E-033   5.9342802338992980E-034   2.9841684215773364E-022   9.1567306618370420E-020   8.7103874250862207E-020  -2.2055537798904011E-036  -2.8114485250784865E-040  -1.3938022736391868E-038  -2.9367693638661201E-035   1.9467073112323624E-037  -1.2222945352556124E-038  -5.8443431366430720E-036   1.1888977926510206E-036   5.4194782338615233E-035  -6.6757418333316896E-036   8.5815478901062394E-036   1.2611577994562678E-021  -3.3981036455961141E-036   2.9184139086941783E-038   8.7617627914610958E-041   6.0475768213071803E-036  -2.1428242943813430E-035  -1.7575362583732233E-034   3.2002752800118608E-035  -5.0865867779566589E-036  -1.0527346339877697E-022   2.7491144947187349E-022   2.6200991047943534E-022  -6.6287018619809901E-039  -7.0752585852564828E-043  -4.1722346130070624E-041  -8.8160764975689177E-038   5.8432790998003368E-040  -3.6728378713277733E-041  -1.7715382900256169E-038   3.3403175586311111E-039   1.2846276602570780E-037  -2.0510920713276985E-038   3.1013394767470245E-038   3.6327365001730687E-024  -1.0201223553048147E-038   8.7617627914610958E-041   2.7430556073179895E-043   1.8705523383818297E-038  -5.3111053823857305E-038  -4.9707402062905894E-037   1.0483400263421806E-037   3.9707388881435684E-039  -5.1186916649439496E-018   1.8974941664850069E-017   1.8074358743468523E-017  -4.5738488580614211E-034  -5.1596905123318813E-038  -2.8822607064212633E-036  -6.0852259712871440E-033   4.0334112916702293E-035  -2.5344279993137673E-036  -1.2193334194335309E-033   2.3518938724253236E-034   9.5594463578208892E-033  -1.4062302910741304E-033   2.0344327924690325E-033   2.5384612283217346E-019  -7.0412644405054214E-034   6.0475768213071803E-036   1.8705523383818297E-038   1.2799891444977710E-033  -3.8928342418794333E-033  -3.4927775618885814E-032   7.0588162875498846E-033  -1.1514349144841186E-034  -1.0605514573857608E-016  -6.7227721193399391E-017  -6.3453312717937896E-017   1.6123219230403510E-033   3.4253678629840605E-037   1.0356372535728780E-035   2.1570928364322655E-032  -1.4305446762741358E-034   8.9424793446829373E-036   4.1224036333619116E-033  -1.1012528549706629E-033  -7.3927290108325228E-032   4.4343084156493534E-033  -1.0678457890474075E-033  -1.0790687631207018E-018   2.4957111710264146E-033  -2.1428242943813430E-035  -5.3111053823857305E-038  -3.8928342418794333E-033   2.6919854894627847E-032   1.5952938626306025E-031  -1.4771040270550815E-032   2.2916239847157142E-032  -2.9020817726708884E-016  -5.5142608538442147E-016  -5.2319145180964481E-016   1.3263033527214987E-032   2.0640242036566949E-036   8.4271759612679242E-035   1.7688059403449382E-031  -1.1726760926449782E-033   7.3521843699411963E-035   3.4736092404079231E-032  -7.7819876323984641E-033  -4.1939434646559699E-031   3.8929413672630641E-032  -3.7419495213814072E-032  -8.0121181993660567E-018   2.0466012998638072E-032  -1.7575362583732233E-034  -4.9707402062905894E-037  -3.4927775618885814E-032   1.5952938626306025E-031   1.1414988822679013E-030  -1.6894692955744159E-031   8.2903474417969834E-032  -8.2238283522529155E-017   1.0041473836495663E-016   9.5908078384625602E-017  -2.4240979695565534E-033  -2.0211625771892195E-037  -1.5188611459232736E-035  -3.2197862888875312E-032   2.1337934330281892E-034  -1.3428506760982249E-035  -6.5404482597086387E-033   1.1256086558316257E-033   3.2799178365310090E-032  -7.6850456350823423E-033   1.3492832904231443E-032   1.2635446675782449E-018  -3.7257645593125789E-033   3.2002752800118608E-035   1.0483400263421806E-037   7.0588162875498846E-033  -1.4771040270550815E-032  -1.6894692955744159E-031   4.1901559734639977E-032   9.3861113679275669E-033  -1.8153155000156318E-016  -1.5951105670063741E-017  -1.4320659851144683E-017   3.7225489863523239E-034   2.8238949004761401E-037   2.6393173839812987E-036   5.1321456062053963E-033  -3.4133583400683876E-035   2.0752782009055811E-036   7.2924529667483797E-034  -5.9871048876947919E-034  -6.7978130194393348E-032   3.6223225285083450E-034   7.4776062797930032E-033  -4.8228827305510936E-019   5.9342802338992980E-034  -5.0865867779566589E-036   3.9707388881435684E-039  -1.1514349144841186E-034   2.2916239847157142E-032   8.2903474417969834E-032   9.3861113679275669E-033   3.3777439530306006E-032
