   1.0022607201496907        1.7045848310958866E-003  -5.9238265685418101E-003   1.2726782150272057E-024  -3.0798547705564601E-026   2.2040161049416255E-027   3.3549383256493086E-022  -8.0095590583653576E-024   5.9540607304534109E-025   5.1633261840583612E-018   3.2708427808193314E-018   1.0312065039279784E-016  -1.6142913865247498E-017   1.4538552902679756E-017   1.5061486720932210E-003   1.8023201448904880E-024  -4.6900138503432236E-026   6.5857908247030920E-027  -6.3012832787861937E-018  -7.7520140172276325E-017  -9.3764062806342968E-017   2.6411264303014607E-016  -1.3458608374890113E-017   1.7045848310958866E-003   2.8990554932335682E-006  -1.0074888407550334E-005   2.1644946635018874E-027  -5.2380319993831145E-029   3.7484582049802627E-030   5.7058775867320502E-025  -1.3622176944754584E-026   1.0126308854086155E-027   8.7814750337931898E-021   5.5628529353633787E-021   1.7538140814902164E-019  -2.7454898262678212E-020   2.4726297504996190E-020   2.5615671932567353E-006   3.0652778443716954E-027  -7.9764938465618663E-029   1.1200717452922548E-029  -1.0716844108040957E-020  -1.3184159808473151E-019  -1.5946828599423046E-019   4.4918691909086353E-019  -2.2889592720017393E-020  -5.9238265685418101E-003  -1.0074888407550334E-005   3.5012567597102656E-005  -7.5221196159982570E-027   1.8203372785424259E-028  -1.3026759302706436E-029  -1.9829244416894137E-024   4.7340215772561693E-026  -3.5191265542665950E-027  -3.0517656949186147E-020  -1.9332200670946059E-020  -6.0949096006768791E-019   9.5412121942035991E-020  -8.5929603167708819E-020  -8.9020385021047591E-006  -1.0652549525961478E-026   2.7720161126680500E-028  -3.8925083940642048E-029   3.7243512144431740E-020   4.5818004908047327E-019   5.5418917978116561E-019  -1.5610284434135129E-018   7.9546629199302529E-020   1.2726782150272057E-024   2.1644946635018874E-027  -7.5221196159982570E-027   1.6160563877659756E-048  -3.9108227960379469E-050   2.7986762585182294E-051   4.2601259671994564E-046  -1.0170598448708002E-047   7.5605111826245056E-049   6.5564304969960233E-042   4.1533408106685572E-042   1.3094337893911421E-040  -2.0498393671751096E-041   1.8461164031747752E-041   1.9125189334756234E-027   2.2885997014471634E-048  -5.9554149289779761E-050   8.3626868167335390E-051  -8.0014169910087408E-042  -9.8435658147289762E-041  -1.1906231351484359E-040   3.3537222435248359E-040  -1.7089842332389480E-041  -3.0798547705564601E-026  -5.2380319993831145E-029   1.8203372785424259E-028  -3.9108227960379469E-050   9.4641097042121878E-052  -6.7727382493588264E-053  -1.0309416102459350E-047   2.4612636392929747E-049  -1.8296279576965796E-050  -1.5866425232684136E-043  -1.0050998247982854E-043  -3.1688024949008205E-042   4.9605685705351219E-043  -4.4675632411911927E-043  -4.6282559813586001E-029  -5.5383636061103324E-050   1.4411980077197984E-051  -2.0237527902240261E-052   1.9363262449214621E-043   2.3821224230770268E-042   2.8812831864521315E-042  -8.1159379715008954E-042   4.1357062464012027E-043   2.2040161049416255E-027   3.7484582049802627E-030  -1.3026759302706436E-029   2.7986762585182294E-051  -6.7727382493588264E-053   4.8467298909175488E-054   7.3776592778300256E-049  -1.7613378239029233E-050   1.3093245575622157E-051   1.1354384977824704E-044   7.1927294173328197E-045   2.2676691767770414E-043  -3.5498988860280870E-044   3.1970927420228784E-044   3.3120882251417714E-030   3.9633825268599554E-051  -1.0313550008237281E-052   1.4482448278781711E-053  -1.3856803473421475E-044  -1.7047025186371813E-043  -2.0619136351973671E-043   5.8079550266142405E-043  -2.9596081151349309E-044   3.3549383256493086E-022   5.7058775867320502E-025  -1.9829244416894137E-024   4.2601259671994564E-046  -1.0309416102459350E-047   7.3776592778300256E-049   1.1230222777990869E-043  -2.6810964568628584E-045   1.9930449369359963E-046   1.7283567593209483E-039   1.0948723802031486E-039   3.4518305986990109E-038  -5.4036319418050941E-039   4.8665928287996235E-039   5.0416381711304362E-025   6.0330339278185266E-046  -1.5699215681117918E-047   2.2045084276280956E-048  -2.1092732008509277E-039  -2.5948865803583860E-038  -3.1386309126292662E-038   8.8408296421916322E-038  -4.5050953448599571E-039  -8.0095590583653576E-024  -1.3622176944754584E-026   4.7340215772561693E-026  -1.0170598448708002E-047   2.4612636392929747E-049  -1.7613378239029233E-050  -2.6810964568628584E-045   6.4008331384932560E-047  -4.7581831851634385E-048  -4.1262682630766020E-041  -2.6138915650298714E-041  -8.2408790732096402E-040   1.2900597556940458E-040  -1.1618473692133801E-040  -1.2036375862367908E-026  -1.4403227974878577E-047   3.7480210651441190E-049  -5.2630298180918283E-050   5.0356658252944601E-041   6.1950162112496479E-040   7.4931480751586994E-040  -2.1106542139005279E-039   1.0755436829450232E-040   5.9540607304534109E-025   1.0126308854086155E-027  -3.5191265542665950E-027   7.5605111826245056E-049  -1.8296279576965796E-050   1.3093245575622157E-051   1.9930449369359963E-046  -4.7581831851634385E-048   3.5370875530902487E-049   3.0673413666687673E-042   1.9430868800140936E-042   6.1260169400919137E-041  -9.5899088518411465E-042   8.6368172647269323E-042   8.9474729303922476E-028   1.0706918252562897E-048  -2.7861639920838717E-050   3.9123750676858415E-051  -3.7433596435945454E-042  -4.6051851892395717E-041  -5.5701766322802067E-041   1.5689956561873325E-040  -7.9952621109920822E-042   5.1633261840583612E-018   8.7814750337931898E-021  -3.0517656949186147E-020   6.5564304969960233E-042  -1.5866425232684136E-043   1.1354384977824704E-044   1.7283567593209483E-039  -4.1262682630766020E-041   3.0673413666687673E-042   2.6599802573327366E-035   1.6850334283898084E-035   5.3124455901129081E-034  -8.3163121303389438E-035   7.4897967536343782E-035   7.7591955060776795E-021   9.2849760636923318E-042  -2.4161449042377709E-043   3.3927884755218284E-044  -3.2462193012678969E-035  -3.9935893076165698E-034  -4.8304241688667236E-034   1.3606237358027356E-033  -6.9334439259156589E-035   3.2708427808193314E-018   5.5628529353633787E-021  -1.9332200670946059E-020   4.1533408106685572E-042  -1.0050998247982854E-043   7.1927294173328197E-045   1.0948723802031486E-039  -2.6138915650298714E-041   1.9430868800140936E-042   1.6850334283898084E-035   1.0674280934845073E-035   3.3653063330697169E-034  -5.2681834392998147E-035   4.7446058544714568E-035   4.9152634757760091E-021   5.8818087111703353E-042  -1.5305696048875076E-043   2.1492497852005090E-044  -2.0564017433744332E-035  -2.5298426422690022E-034  -3.0599573720160615E-034   8.6192236651681261E-034  -4.3921697376615986E-035   1.0312065039279784E-016   1.7538140814902164E-019  -6.0949096006768791E-019   1.3094337893911421E-040  -3.1688024949008205E-042   2.2676691767770414E-043   3.4518305986990109E-038  -8.2408790732096402E-040   6.1260169400919137E-041   5.3124455901129081E-034   3.3653063330697169E-034   1.0609882562139554E-032  -1.6609129177192663E-033   1.4958433478970633E-033   1.5496469883734941E-019   1.8543720393371352E-040  -4.8254637628260084E-042   6.7759917109479554E-043  -6.4832674468240703E-034  -7.9758960042972369E-033  -9.6472015172031633E-033   2.7174034638573685E-032  -1.3847299620734842E-033  -1.6142913865247498E-017  -2.7454898262678212E-020   9.5412121942035991E-020  -2.0498393671751096E-041   4.9605685705351219E-043  -3.5498988860280870E-044  -5.4036319418050941E-039   1.2900597556940458E-040  -9.5899088518411465E-042  -8.3163121303389438E-035  -5.2681834392998147E-035  -1.6609129177192663E-033   2.6000586755697608E-034  -2.3416522519035856E-034  -2.4258785955640817E-020  -2.9029072248009637E-041   7.5539715456074976E-043  -1.0607405027490353E-043   1.0149162903917607E-034   1.2485782595930413E-033   1.5102110250438495E-033  -4.2539307003089316E-033   2.1677109695519255E-034   1.4538552902679756E-017   2.4726297504996190E-020  -8.5929603167708819E-020   1.8461164031747752E-041  -4.4675632411911927E-043   3.1970927420228784E-044   4.8665928287996235E-039  -1.1618473692133801E-040   8.6368172647269323E-042   7.4897967536343782E-035   4.7446058544714568E-035   1.4958433478970633E-033  -2.3416522519035856E-034   2.1089275101238052E-034   2.1847830318300552E-020   2.6144022455696242E-041  -6.8032212683474144E-043   9.5531897425480874E-044  -9.1404899405537864E-035  -1.1244885050962226E-033  -1.3601189391884052E-033   3.8311544648650536E-033  -1.9522733548369027E-034   1.5061486720932210E-003   2.5615671932567353E-006  -8.9020385021047591E-006   1.9125189334756234E-027  -4.6282559813586001E-029   3.3120882251417714E-030   5.0416381711304362E-025  -1.2036375862367908E-026   8.9474729303922476E-028   7.7591955060776795E-021   4.9152634757760091E-021   1.5496469883734941E-019  -2.4258785955640817E-020   2.1847830318300552E-020   2.2633669831033270E-006   2.7084390701336100E-027  -7.0479247473035277E-029   9.8968061961251179E-030  -9.4692620912147324E-021  -1.1649349698501239E-019  -1.4090407400655870E-019   3.9689563661985459E-019  -2.0224942197710753E-020   1.8023201448904880E-024   3.0652778443716954E-027  -1.0652549525961478E-026   2.2885997014471634E-048  -5.5383636061103324E-050   3.9633825268599554E-051   6.0330339278185266E-046  -1.4403227974878577E-047   1.0706918252562897E-048   9.2849760636923318E-042   5.8818087111703353E-042   1.8543720393371352E-040  -2.9029072248009637E-041   2.6144022455696242E-041   2.7084390701336100E-027   3.2410308409501648E-048  -8.4338398905092553E-050   1.1842929923088824E-050  -1.1331312864702261E-041  -1.3940096369970578E-040  -1.6861167545048487E-040   4.7494182649641123E-040  -2.4202007031297672E-041  -4.6900138503432236E-026  -7.9764938465618663E-029   2.7720161126680500E-028  -5.9554149289779761E-050   1.4411980077197984E-051  -1.0313550008237281E-052  -1.5699215681117918E-047   3.7480210651441190E-049  -2.7861639920838717E-050  -2.4161449042377709E-043  -1.5305696048875076E-043  -4.8254637628260084E-042   7.5539715456074976E-043  -6.8032212683474144E-043  -7.0479247473035277E-029  -8.4338398905092553E-050   2.1946614762200859E-051  -3.0817779807541183E-052   2.9486445251520543E-043   3.6275045382824508E-042   4.3876283324814095E-042  -1.2358979344986583E-041   6.2978682508033041E-043   6.5857908247030920E-027   1.1200717452922548E-029  -3.8925083940642048E-029   8.3626868167335390E-051  -2.0237527902240261E-052   1.4482448278781711E-053   2.2045084276280956E-048  -5.2630298180918283E-050   3.9123750676858415E-051   3.3927884755218284E-044   2.1492497852005090E-044   6.7759917109479554E-043  -1.0607405027490353E-043   9.5531897425480874E-044   9.8968061961251179E-030   1.1842929923088824E-050  -3.0817779807541183E-052   4.3274808555068982E-053  -4.1405327742552996E-044  -5.0937986255714535E-043  -6.1611763496495300E-043   1.7354672154529170E-042  -8.8435651289801624E-044  -6.3012832787861937E-018  -1.0716844108040957E-020   3.7243512144431740E-020  -8.0014169910087408E-042   1.9363262449214621E-043  -1.3856803473421475E-044  -2.1092732008509277E-039   5.0356658252944601E-041  -3.7433596435945454E-042  -3.2462193012678969E-035  -2.0564017433744332E-035  -6.4832674468240703E-034   1.0149162903917607E-034  -9.1404899405537864E-035  -9.4692620912147324E-021  -1.1331312864702261E-041   2.9486445251520543E-043  -4.1405327742552996E-044   3.9616608893522487E-035   4.8737454558108517E-034   5.8950122381771540E-034  -1.6604946674886410E-033   8.4615212592349012E-035  -7.7520140172276325E-017  -1.3184159808473151E-019   4.5818004908047327E-019  -9.8435658147289762E-041   2.3821224230770268E-042  -1.7047025186371813E-043  -2.5948865803583860E-038   6.1950162112496479E-040  -4.6051851892395717E-041  -3.9935893076165698E-034  -2.5298426422690022E-034  -7.9758960042972369E-033   1.2485782595930413E-033  -1.1244885050962226E-033  -1.1649349698501239E-019  -1.3940096369970578E-040   3.6275045382824508E-042  -5.0937986255714535E-043   4.8737454558108517E-034   5.9958172674190515E-033   7.2522080789360273E-033  -2.0427867417481391E-032   1.0409598887497372E-033  -9.3764062806342968E-017  -1.5946828599423046E-019   5.5418917978116561E-019  -1.1906231351484359E-040   2.8812831864521315E-042  -2.0619136351973671E-043  -3.1386309126292662E-038   7.4931480751586994E-040  -5.5701766322802067E-041  -4.8304241688667236E-034  -3.0599573720160615E-034  -9.6472015172031633E-033   1.5102110250438495E-033  -1.3601189391884052E-033  -1.4090407400655870E-019  -1.6861167545048487E-040   4.3876283324814095E-042  -6.1611763496495300E-043   5.8950122381771540E-034   7.2522080789360273E-033   8.7718687335554377E-033  -2.4708415635932768E-032   1.2590873567914507E-033   2.6411264303014607E-016   4.4918691909086353E-019  -1.5610284434135129E-018   3.3537222435248359E-040  -8.1159379715008954E-042   5.8079550266142405E-043   8.8408296421916322E-038  -2.1106542139005279E-039   1.5689956561873325E-040   1.3606237358027356E-033   8.6192236651681261E-034   2.7174034638573685E-032  -4.2539307003089316E-033   3.8311544648650536E-033   3.9689563661985459E-019   4.7494182649641123E-040  -1.2358979344986583E-041   1.7354672154529170E-042  -1.6604946674886410E-033  -2.0427867417481391E-032  -2.4708415635932768E-032   6.9598146276700505E-032  -3.5465708252728870E-033  -1.3458608374890113E-017  -2.2889592720017393E-020   7.9546629199302529E-020  -1.7089842332389480E-041   4.1357062464012027E-043  -2.9596081151349309E-044  -4.5050953448599571E-039   1.0755436829450232E-040  -7.9952621109920822E-042  -6.9334439259156589E-035  -4.3921697376615986E-035  -1.3847299620734842E-033   2.1677109695519255E-034  -1.9522733548369027E-034  -2.0224942197710753E-020  -2.4202007031297672E-041   6.2978682508033041E-043  -8.8435651289801624E-044   8.4615212592349012E-035   1.0409598887497372E-033   1.2590873567914507E-033  -3.5465708252728870E-033   1.8072556945223728E-034
