   1.0022607200287161        1.7045845691904340E-003  -5.9238264388272099E-003  -5.9729790793497482E-024  -2.1981628978867547E-025  -1.5942580403009714E-027  -1.3233986304954151E-021  -5.7405946900666312E-023  -4.0641210028027823E-025  -4.7906459383022022E-018  -2.8958352185955253E-018  -2.6379947353081797E-016  -7.3143837014337876E-018   2.7616833535628928E-017   1.5061486467159958E-003  -1.2303723683429810E-023  -6.3140461695347799E-025  -4.5145179666547713E-027  -1.5700011115577497E-017  -3.3251513256838825E-017   2.1946231690399845E-016   1.3878125440126927E-016  -3.9083738588436205E-017   1.7045845691904340E-003   2.8990546027174324E-006  -1.0074886640172698E-005  -1.0158482485939539E-026  -3.7385028480387157E-028  -2.7114178980564610E-030  -2.2507565540088253E-024  -9.7632571357119116E-026  -6.9120118251285841E-028  -8.1476416063185554E-021  -4.9250618425859401E-021  -4.4865423033670224E-019  -1.2439862544193909E-020   4.6969044435249539E-020   2.5615667568270881E-006  -2.0925430993401043E-026  -1.0738548817354214E-027  -7.6780198101270638E-030  -2.6701631769989871E-020  -5.6552167781467740E-020   3.7324826907575351E-019   2.3603078522175118E-019  -6.6471264784488672E-020  -5.9238264388272099E-003  -1.0074886640172698E-005   3.5012566067981622E-005   3.5303081006507045E-026   1.2992163846326839E-027   9.4228056040918785E-030   7.8219006689315788E-024   3.3929581315561755E-025   2.4020843046015298E-027   2.8314942909826566E-020   1.7115731353725651E-020   1.5591774322012586E-018   4.3231405450109684E-020  -1.6322831513377205E-019  -8.9020381582592660E-006   7.2720722458162126E-026   3.7318945946513934E-027   2.6682898326758487E-029   9.2794358870688199E-020   1.9653188978236288E-019  -1.2971242404520584E-018  -8.2026168202250723E-019   2.3100305075485361E-019  -5.9729790793497482E-024  -1.0158482485939539E-026   3.5303081006507045E-026   3.5596006477563628E-047   1.3099965647365907E-048   9.5009908415147672E-051   7.8868024812573153E-045   3.4211110244659520E-046   2.4220154736774904E-048   2.8549884669959981E-041   1.7257748240816720E-041   1.5721146255216987E-039   4.3590115779204685E-041  -1.6458269355449741E-040  -8.9759023549958382E-027   7.3324118855142487E-047   3.7628597951637874E-048   2.6904298282192408E-050   9.3564315217517523E-041   1.9816260287455809E-040  -1.3078870610988823E-039  -8.2706776049344358E-040   2.3291978650506760E-040  -2.1981628978867547E-025  -3.7385028480387157E-028   1.2992163846326839E-027   1.3099965647365907E-048   4.8210211465809548E-050   3.4965341889751344E-052   2.9024840648108163E-046   1.2590299118126305E-047   8.9134491877796286E-050   1.0506867073655306E-042   6.3511593427786755E-043   5.7856623891325281E-041   1.6041940537127581E-042  -6.0569368450750889E-042  -3.3032922549519740E-028   2.6984584316534991E-048   1.3847995584440016E-049   9.9012619150228142E-052   3.4433337794265042E-042   7.2927374363906509E-042  -4.8132577967219212E-041  -3.0437569611459228E-041   8.5718638233516515E-042  -1.5942580403009714E-027  -2.7114178980564610E-030   9.4228056040918785E-030   9.5009908415147672E-051   3.4965341889751344E-052   2.5359256810857272E-054   2.1050799108740485E-048   9.1313458243535384E-050   6.4646428379321722E-052   7.6202984440562033E-045   4.6062950371838993E-045   4.1961579786507055E-043   1.1634712198960656E-044  -4.3929047634001304E-044  -2.3957734169673995E-030   1.9571065707720691E-050   1.0043513300934272E-051   7.1810721727340051E-054   2.4973411063247997E-044   5.2891918542283874E-044  -3.4909036768123043E-043  -2.2075406753039158E-043   6.2169017746051644E-044  -1.3233986304954151E-021  -2.2507565540088253E-024   7.8219006689315788E-024   7.8868024812573153E-045   2.9024840648108163E-046   2.1050799108740485E-048   1.7474334773360772E-042   7.5799589859670087E-044   5.3663204212200940E-046   6.3256337869410949E-039   3.8237000471493155E-039   3.4832439805292721E-037   9.6580113137808268E-039  -3.6465641074533998E-038  -1.9887390741296959E-024   1.6246003407355413E-044   8.3371520869417453E-046   5.9610306729836646E-048   2.0730507335978158E-038   4.3905748500988680E-038  -2.8978101588953912E-037  -1.8324864812402639E-037   5.1606697827183455E-038  -5.7405946900666312E-023  -9.7632571357119116E-026   3.3929581315561755E-025   3.4211110244659520E-046   1.2590299118126305E-047   9.1313458243535384E-050   7.5799589859670087E-044   3.2880094706971071E-045   2.3277846754095555E-047   2.7439124457176119E-040   1.6586319255034877E-040   1.5109500220162254E-038   4.1894201177870836E-040  -1.5817944850372186E-039  -8.6266864010605571E-026   7.0471374796690170E-046   3.6164621828767664E-047   2.5857561161177956E-049   8.9924107213828542E-040   1.9045289975388849E-039  -1.2570024804052159E-038  -7.9488990855980715E-039   2.2385782234616641E-039  -4.0641210028027823E-025  -6.9120118251285841E-028   2.4020843046015298E-027   2.4220154736774904E-048   8.9134491877796286E-050   6.4646428379321722E-052   5.3663204212200940E-046   2.3277846754095555E-047   1.6479823258911567E-049   1.9425848370360143E-042   1.1742478276723108E-042   1.0696947006704966E-040   2.9659488623582598E-042  -1.1198498650115907E-041  -6.1073633099041201E-028   4.9891032178809140E-048   2.5603166059962449E-049   1.8306162178326697E-051   6.3662821104300578E-042   1.3483335294056213E-041  -8.8990957505323098E-041  -5.6275158702353853E-041   1.5848275772073170E-041  -4.7906459383022022E-018  -8.1476416063185554E-021   2.8314942909826566E-020   2.8549884669959981E-041   1.0506867073655306E-042   7.6202984440562033E-045   6.3256337869410949E-039   2.7439124457176119E-040   1.9425848370360143E-042   2.2898521360304160E-035   1.3841629179640647E-035   1.2609192909011375E-033   3.4961584216783071E-035  -1.3200404721282313E-034  -7.1991496350995490E-021   5.8809831326450500E-041   3.0180130810142602E-042   2.1578673820248426E-044   7.5043542043616939E-035   1.5893691505910027E-034  -1.0489947735918532E-033  -6.6335219910731039E-034   1.8681401932721893E-034  -2.8958352185955253E-018  -4.9250618425859401E-021   1.7115731353725651E-020   1.7257748240816720E-041   6.3511593427786755E-043   4.6062950371838993E-045   3.8237000471493155E-039   1.6586319255034877E-040   1.1742478276723108E-042   1.3841629179640647E-035   8.3669462902007440E-036   7.6219669276833815E-034   2.1133473059111990E-035  -7.9793408621533995E-035  -4.3517202744164267E-021   3.5549189597416397E-041   1.8243194514350628E-042   1.3043811716423026E-044   4.5362094126095165E-035   9.6073707406183694E-035  -6.3409319924955459E-034  -4.0098113808605226E-034   1.1292477537734069E-034  -2.6379947353081797E-016  -4.4865423033670224E-019   1.5591774322012586E-018   1.5721146255216987E-039   5.7856623891325281E-041   4.1961579786507055E-043   3.4832439805292721E-037   1.5109500220162254E-038   1.0696947006704966E-040   1.2609192909011375E-033   7.6219669276833815E-034   6.9433193224556254E-032   1.9251782805429560E-033  -7.2688732599222444E-033  -3.9642501409358819E-019   3.2383947263387175E-039   1.6618849986706351E-040   1.1882411822093814E-042   4.1323126647113031E-033   8.7519459916635013E-033  -5.7763456655738821E-032  -3.6527842621580947E-032   1.0287013605551839E-032  -7.3143837014337876E-018  -1.2439862544193909E-020   4.3231405450109684E-020   4.3590115779204685E-041   1.6041940537127581E-042   1.1634712198960656E-044   9.6580113137808268E-039   4.1894201177870836E-040   2.9659488623582598E-042   3.4961584216783071E-035   2.1133473059111990E-035   1.9251782805429560E-033   5.3379532752982062E-035  -2.0154448145231779E-034  -1.0991699957233080E-020   8.9791163295759435E-041   4.6079184257787147E-042   3.2946433971974443E-044   1.1457687917054069E-034   2.4266572734374246E-034  -1.6016108002272212E-033  -1.0128096661596157E-033   2.8522863842670187E-034   2.7616833535628928E-017   4.6969044435249539E-020  -1.6322831513377205E-019  -1.6458269355449741E-040  -6.0569368450750889E-042  -4.3929047634001304E-044  -3.6465641074533998E-038  -1.5817944850372186E-039  -1.1198498650115907E-041  -1.3200404721282313E-034  -7.9793408621533995E-035  -7.2688732599222444E-033  -2.0154448145231779E-034   7.6096915632170685E-034   4.1501233785832378E-020  -3.3902345172613447E-040  -1.7398064048177145E-041  -1.2439546785305389E-043  -4.3260659110137005E-034  -9.1623016653348026E-034   6.0471832849116504E-033   3.8240536859070069E-033  -1.0769344552542715E-033   1.5061486467159958E-003   2.5615667568270881E-006  -8.9020381582592660E-006  -8.9759023549958382E-027  -3.3032922549519740E-028  -2.3957734169673995E-030  -1.9887390741296959E-024  -8.6266864010605571E-026  -6.1073633099041201E-028  -7.1991496350995490E-021  -4.3517202744164267E-021  -3.9642501409358819E-019  -1.0991699957233080E-020   4.1501233785832378E-020   2.2633669071051995E-006  -1.8489437334064542E-026  -9.4884413840688613E-028  -6.7841979538590688E-030  -2.3593212846329675E-020  -4.9968756324813248E-020   3.2979729226607199E-019   2.0855371694106816E-019  -5.8733140795828395E-020  -1.2303723683429810E-023  -2.0925430993401043E-026   7.2720722458162126E-026   7.3324118855142487E-047   2.6984584316534991E-048   1.9571065707720691E-050   1.6246003407355413E-044   7.0471374796690170E-046   4.9891032178809140E-048   5.8809831326450500E-041   3.5549189597416397E-041   3.2383947263387175E-039   8.9791163295759435E-041  -3.3902345172613447E-040  -1.8489437334064542E-026   1.5104015697018865E-046   7.7511048614325134E-048   5.5420092312914596E-050   1.9273288350291483E-040   4.0819461742083077E-040  -2.6941130707334708E-039  -1.7036746751325055E-039   4.7979084732936985E-040  -6.3140461695347799E-025  -1.0738548817354214E-027   3.7318945946513934E-027   3.7628597951637874E-048   1.3847995584440016E-049   1.0043513300934272E-051   8.3371520869417453E-046   3.6164621828767664E-047   2.5603166059962449E-049   3.0180130810142602E-042   1.8243194514350628E-042   1.6618849986706351E-040   4.6079184257787147E-042  -1.7398064048177145E-041  -9.4884413840688613E-028   7.7511048614325134E-048   3.9777253796671356E-049   2.8440578688782488E-051   9.8906994023596288E-042   2.0947801875799615E-041  -1.3825695986222199E-040  -8.7429471218872029E-041   2.4621989567579156E-041  -4.5145179666547713E-027  -7.6780198101270638E-030   2.6682898326758487E-029   2.6904298282192408E-050   9.9012619150228142E-052   7.1810721727340051E-054   5.9610306729836646E-048   2.5857561161177956E-049   1.8306162178326697E-051   2.1578673820248426E-044   1.3043811716423026E-044   1.1882411822093814E-042   3.2946433971974443E-044  -1.2439546785305389E-043  -6.7841979538590688E-030   5.5420092312914596E-050   2.8440578688782488E-051   2.0334900953381463E-053   7.0718108413870071E-044   1.4977595252077445E-043  -9.8853177907480733E-043  -6.2511725133901851E-043   1.7604624878093422E-043  -1.5700011115577497E-017  -2.6701631769989871E-020   9.2794358870688199E-020   9.3564315217517523E-041   3.4433337794265042E-042   2.4973411063247997E-044   2.0730507335978158E-038   8.9924107213828542E-040   6.3662821104300578E-042   7.5043542043616939E-035   4.5362094126095165E-035   4.1323126647113031E-033   1.1457687917054069E-034  -4.3260659110137005E-034  -2.3593212846329675E-020   1.9273288350291483E-040   9.8906994023596288E-042   7.0718108413870071E-044   2.4593436029518811E-034   5.2087158292224065E-034  -3.4377889365398320E-033  -2.1739525386880253E-033   6.1223104728597224E-034  -3.3251513256838825E-017  -5.6552167781467740E-020   1.9653188978236288E-019   1.9816260287455809E-040   7.2927374363906509E-042   5.2891918542283874E-044   4.3905748500988680E-038   1.9045289975388849E-039   1.3483335294056213E-041   1.5893691505910027E-034   9.6073707406183694E-035   8.7519459916635013E-033   2.4266572734374246E-034  -9.1623016653348026E-034  -4.9968756324813248E-020   4.0819461742083077E-040   2.0947801875799615E-041   1.4977595252077445E-043   5.2087158292224065E-034   1.1031691772157343E-033  -7.2809938512813174E-033  -4.6042777376253052E-033   1.2966620619063816E-033   2.1946231690399845E-016   3.7324826907575351E-019  -1.2971242404520584E-018  -1.3078870610988823E-039  -4.8132577967219212E-041  -3.4909036768123043E-043  -2.8978101588953912E-037  -1.2570024804052159E-038  -8.8990957505323098E-041  -1.0489947735918532E-033  -6.3409319924955459E-034  -5.7763456655738821E-032  -1.6016108002272212E-033   6.0471832849116504E-033   3.2979729226607199E-019  -2.6941130707334708E-039  -1.3825695986222199E-040  -9.8853177907480733E-043  -3.4377889365398320E-033  -7.2809938512813174E-033   4.8055069482809906E-032   3.0388555617417733E-032  -8.5580604452329169E-033   1.3878125440126927E-016   2.3603078522175118E-019  -8.2026168202250723E-019  -8.2706776049344358E-040  -3.0437569611459228E-041  -2.2075406753039158E-043  -1.8324864812402639E-037  -7.9488990855980715E-039  -5.6275158702353853E-041  -6.6335219910731039E-034  -4.0098113808605226E-034  -3.6527842621580947E-032  -1.0128096661596157E-033   3.8240536859070069E-033   2.0855371694106816E-019  -1.7036746751325055E-039  -8.7429471218872029E-041  -6.2511725133901851E-043  -2.1739525386880253E-033  -4.6042777376253052E-033   3.0388555617417733E-032   1.9216792784853413E-032  -5.4118555776974495E-033  -3.9083738588436205E-017  -6.6471264784488672E-020   2.3100305075485361E-019   2.3291978650506760E-040   8.5718638233516515E-042   6.2169017746051644E-044   5.1606697827183455E-038   2.2385782234616641E-039   1.5848275772073170E-041   1.8681401932721893E-034   1.1292477537734069E-034   1.0287013605551839E-032   2.8522863842670187E-034  -1.0769344552542715E-033  -5.8733140795828395E-020   4.7979084732936985E-040   2.4621989567579156E-041   1.7604624878093422E-043   6.1223104728597224E-034   1.2966620619063816E-033  -8.5580604452329169E-033  -5.4118555776974495E-033   1.5240930743104957E-033
