   1.0000012694566287        1.7427195020478124E-004   1.5736551499760247E-004   1.0943269254655372E-004   1.6503242409053310E-017  -3.8743425612130426E-017  -4.3083534137389783E-017   4.1986730078365465E-018  -9.4510199820585430E-018   4.5265588498571543E-019   4.2641670872383386E-018  -2.3588094940006278E-018  -5.7084079469461038E-019  -3.2565122037886343E-017   7.3430843081350663E-017  -1.3877827791478594E-018  -9.7460471588017606E-018   4.1019642718577705E-017   1.1184723564341493E-005   1.5465218302921577E-017   6.7063959024831361E-018   1.1249718742536666E-019   5.8066300828984442E-017  -3.7554347233751475E-018  -3.6763902937630921E-019  -1.0941661306951151E-018  -2.6434564758500816E-020   1.7427195020478124E-004   1.0066004062417233        4.3128854782173397E-003  -1.3863325656347169E-002   2.4486795537783834E-016  -1.3566020030153383E-016  -3.7400612744289790E-016   1.7717676270463773E-016  -9.5944692406236170E-017   2.7524808841679274E-018  -1.0624470096555690E-016   8.1113076961464062E-017  -4.6429489751982988E-018  -5.2881192551462509E-017   2.3363781208706369E-016   2.3714082973550218E-018   2.6894575889480487E-016   1.5300422660865672E-016   4.9228161716654735E-003   8.9087999540023932E-017  -5.7495605094628106E-017   7.9648560289395736E-019  -2.5842391969014702E-016  -1.1328802446096400E-016   1.4010940277138821E-018   3.8013845935950256E-018   3.6830638637389187E-018   1.5736551499760247E-004   4.3128854782173397E-003  0.31121530183796803       0.27732601023297515       -1.5255653318919513E-016   4.1327468178560491E-016  -8.6870452727863327E-016  -1.0673619166206592E-015   1.1239353016374438E-015  -2.0006765359050766E-017   2.6061387391259735E-016  -1.5130202183588148E-015   6.5249466847625316E-017   5.1702981847795423E-017  -1.9805474100362716E-017  -3.9070934172517896E-016   5.3727230202097529E-016   1.6849763660552618E-016   5.7779207406887479E-003   4.0839971712975908E-017   4.9622393080131217E-016  -4.6018315661888518E-017  -1.3556595782672902E-015   1.5997905267461694E-016   3.2142671786311004E-016   1.9950306751928923E-016   3.8404976893178663E-016   1.0943269254655372E-004  -1.3863325656347169E-002  0.27732601023297515       0.24743852468593869       -2.5914508084689501E-016  -4.7301146035432437E-016   1.3096786765872432E-015  -9.5451128583435389E-016   1.0035019448433999E-015  -1.7865928221327556E-017   2.3418133374226305E-016  -1.3499574454424822E-015   5.7994217798704363E-017   4.7016637626297530E-017  -2.1765696482467404E-017  -3.4830060732765105E-016   4.7416699376237952E-016   1.4749772306200132E-016   5.0635519401869547E-003   3.4835885571862099E-017   4.4332619653818572E-016  -4.1046118202869667E-017  -1.2038232590944002E-015   1.4459040387627072E-016   2.8647919738702981E-016   1.7776029796772236E-016   3.4225812644696694E-016   1.6503242409053310E-017   2.4486795537783834E-016  -1.5255653318919513E-016  -2.5914508084689501E-016   1.0000184304023936       -4.4408920985006262E-016  -9.7144514654701197E-017   7.4820151291250422E-006  -1.9719350528553483E-017   2.9788348809920821E-017  -1.1919488728453397E-004   4.7020492967980375E-017  -7.5568044389292392E-017   5.0617696128266429E-017   2.3290060582209812E-016  -5.1927771485932995E-017   5.5815944496803938E-016  -3.0760850596998983E-016   2.7644309211769764E-016  -6.5753433826019512E-006  -9.1286223033253532E-017   2.5306498962651302E-017  -8.4683395674791320E-016  -1.0565254685048372E-016   1.2913374011371994E-017   3.3097451537012515E-017  -6.3886200997613518E-018  -3.8743425612130426E-017  -1.3566020030153383E-016   4.1327468178560491E-016  -4.7301146035432437E-016  -4.4408920985006262E-016   1.0000184304023954       -3.1918911957973251E-016  -5.7271264519828592E-016   7.4820151287173602E-006  -4.5776201568464153E-017   3.1544184582107948E-016  -1.1919488728425856E-004  -6.8203092912916202E-018  -5.4770889692414561E-017  -5.5975025023478890E-016  -1.9679245791235489E-016  -9.4611921412386546E-016   3.2370442337532939E-016   6.7773233051549688E-016  -3.4736715287780450E-016  -6.5753433828614778E-006   5.9359010152397261E-018   1.0563832827054261E-015   1.7876164515137200E-016   3.1962117721539537E-017  -5.9507535631874459E-017   4.7778229156141174E-017  -4.3083534137389783E-017  -3.7400612744289790E-016  -8.6870452727863327E-016   1.3096786765872432E-015  -9.7144514654701197E-017  -3.1918911957973251E-016   1.0000184304023925        1.7741369778036845E-018  -1.0114293368221507E-016   7.4820151289775407E-006  -9.6440630275532861E-017  -2.1390292423602305E-016  -1.1919488728483088E-004   2.7250652540594080E-018  -7.7881847045203716E-018   1.9859520690350198E-016   1.5992379423962728E-017  -3.0294904314685223E-017  -5.3470551718753267E-016   4.4317504954173841E-017   1.5844693602545511E-016  -6.5753433827039509E-006  -2.8069475107621053E-017   2.9897462573246854E-017   2.0795989409035507E-017   2.2100590492424436E-017   2.2856347579423325E-017   4.1986730078365465E-018   1.7717676270463773E-016  -1.0673619166206592E-015  -9.5451128583435389E-016   7.4820151291250422E-006  -5.7271264519828592E-016   1.7741369778036845E-018   5.5979518667401168E-011  -4.4324812435529994E-021   2.3615097727492056E-022  -8.9180151371648410E-010   6.8614580117678005E-020  -7.7691969704122017E-022   3.7871538819981662E-022   1.7425337411787371E-021  -3.8851720989642412E-022   4.1760804436209171E-021  -2.3014890788795994E-021  -1.8890560714882591E-017  -4.9195911967366349E-011   3.0826985773028603E-021   1.7767025721414466E-022  -6.3359076989172369E-021  -7.9047938578580329E-022   9.6616277922999858E-023   2.4763106854524480E-022  -4.7798872633008393E-023  -9.4510199820585430E-018  -9.5944692406236170E-017   1.1239353016374438E-015   1.0035019448433999E-015  -1.9719350528553483E-017   7.4820151287173602E-006  -1.0114293368221507E-016  -4.4324812435529994E-021   5.5979518661300640E-011  -1.0992123664365832E-021   4.7101473545784593E-021  -8.9180151366582952E-010   1.2004161371878564E-020  -4.0978907252273588E-022  -4.1879826544564553E-021  -1.4723770122478585E-021  -7.0787478075755307E-021   2.4219167566271068E-021   2.0335001003049579E-017  -2.4693207286381792E-021  -4.9195911966627418E-011   7.0943258310082527E-022   7.9037300291507845E-021   1.3374726838868717E-021   2.3913664211267955E-022  -4.4522807542027048E-022   3.5747084642302134E-022   4.5265588498571543E-019   2.7524808841679274E-018  -2.0006765359050766E-017  -1.7865928221327556E-017   2.9788348809920821E-017  -4.5776201568464153E-017   7.4820151289775407E-006   2.3615097727492056E-022  -1.0992123664365832E-021   5.5979518665194095E-011  -4.2722101492684341E-021   3.8555017599040249E-021  -8.9180151370112584E-010   2.0388603688668906E-023  -5.8270241807917666E-023   1.4858649575379521E-021   1.1965301957132901E-022  -2.2666275496195688E-022  -3.6072556792174950E-019   1.3570972314115594E-022   1.4864524464551114E-021  -4.9195911967159709E-011  -2.1001236679240451E-022   2.2368914458816626E-022   1.5559303971638430E-022   1.6535390487554392E-022   1.7100838660197323E-022   4.2641670872383386E-018  -1.0624470096555690E-016   2.6061387391259735E-016   2.3418133374226305E-016  -1.1919488728453397E-004   3.1544184582107948E-016  -9.6440630275532861E-017  -8.9180151371648410E-010   4.7101473545784593E-021  -4.2722101492684341E-021   1.4207159311109786E-008  -4.3197025950012863E-020   2.0503584337347947E-020  -6.0332593891817498E-021  -2.7760049830793406E-020   6.1894107954620375E-021  -6.6528525982137618E-020   3.6664685452180151E-020   4.2768070810835364E-018   7.8373286883420432E-010   8.8069015093887586E-021  -2.3821509172205961E-021   1.0093641772371571E-019   1.2593011319101438E-020  -1.5391797917680397E-021  -3.9449742977497544E-021   7.6147681870521214E-022  -2.3588094940006278E-018   8.1113076961464062E-017  -1.5130202183588148E-015  -1.3499574454424822E-015   4.7020492967980375E-017  -1.1919488728425856E-004  -2.1390292423602305E-016   6.8614580117678005E-020  -8.9180151366582952E-010   3.8555017599040249E-021  -4.3197025950012863E-020   1.4207159311044107E-008   2.6313442465607530E-020   6.5282897040847660E-021   6.6718138342066985E-020   2.3456222533490705E-020   1.1277049467680758E-019  -3.8583201154527252E-020  -2.7679055118088584E-017   4.1094823969925831E-020   7.8373286886332563E-010   6.9920026237839459E-022  -1.2591316567420559E-019  -2.1307081447282285E-020  -3.8096508073545371E-021   7.0928632769079807E-021  -5.6948156830355636E-021  -5.7084079469461038E-019  -4.6429489751982988E-018   6.5249466847625316E-017   5.7994217798704363E-017  -7.5568044389292392E-017  -6.8203092912916202E-018  -1.1919488728483088E-004  -7.7691969704122017E-022   1.2004161371878564E-020  -8.9180151370112584E-010   2.0503584337347947E-020   2.6313442465607530E-020   1.4207159311180581E-008  -3.2480785945417910E-022   9.2829468914483930E-022  -2.3671097034403727E-020  -1.9061747312128309E-021   3.6109311542348954E-021   1.2463095843774234E-018  -4.7853997867370253E-021  -1.8840589414439808E-020   7.8373286884831499E-010   3.3456762592117901E-021  -3.5635590036533288E-021  -2.4787299295303945E-021  -2.6342288427355064E-021  -2.7243095632702294E-021  -3.2565122037886343E-017  -5.2881192551462509E-017   5.1702981847795423E-017   4.7016637626297530E-017   5.0617696128266429E-017  -5.4770889692414561E-017   2.7250652540594080E-018   3.7871538819981662E-022  -4.0978907252273588E-022   2.0388603688668906E-023  -6.0332593891817498E-021   6.5282897040847660E-021  -3.2480785945417910E-022   1.8074510054721503E-032   2.4287328331214428E-032  -5.6594241779337612E-032   1.5577616558997155E-031  -1.4744950712949545E-032   7.0178494192238286E-019  -3.3282259920440935E-022   3.6013076983891993E-022  -1.7917909558203742E-023  -3.1517267272699379E-031   1.7795578654746650E-032   5.2539014908946119E-032   3.8122420778275277E-032   6.1019724626660421E-032   7.3430843081350663E-017   2.3363781208706369E-016  -1.9805474100362716E-017  -2.1765696482467404E-017   2.3290060582209812E-016  -5.5975025023478890E-016  -7.7881847045203716E-018   1.7425337411787371E-021  -4.1879826544564553E-021  -5.8270241807917666E-023  -2.7760049830793406E-020   6.6718138342066985E-020   9.2829468914483930E-022   2.4287328331214428E-032   4.2862440913207428E-031   1.2309848080190003E-031   6.8528991004574090E-031  -2.2530120841588065E-031   7.5826032260422877E-019  -1.5313732332582134E-021   3.6804822710985500E-021   5.1209044962683182E-023  -7.5340713533002926E-031  -1.6220251401328477E-031  -3.6248716885641456E-032   2.8301869247992242E-032  -5.3246977759639540E-032  -1.3877827791478594E-018   2.3714082973550218E-018  -3.9070934172517896E-016  -3.4830060732765105E-016  -5.1927771485932995E-017  -1.9679245791235489E-016   1.9859520690350198E-016  -3.8851720989642412E-022  -1.4723770122478585E-021   1.4858649575379521E-021   6.1894107954620375E-021   2.3456222533490705E-020  -2.3671097034403727E-020  -5.6594241779337612E-032   1.2309848080190003E-031   5.7143260230166421E-031  -5.1209532348122883E-031  -2.6416502282009118E-031  -7.2163294522945143E-018   3.4143663582526156E-022   1.2939541372483291E-021  -1.3058076129346000E-021   1.5305279473118315E-030  -2.2548629951248791E-031  -4.0638248780103126E-031  -2.3607213174361455E-031  -4.8669181134083215E-031  -9.7460471588017606E-018   2.6894575889480487E-016   5.3727230202097529E-016   4.7416699376237952E-016   5.5815944496803938E-016  -9.4611921412386546E-016   1.5992379423962728E-017   4.1760804436209171E-021  -7.0787478075755307E-021   1.1965301957132901E-022  -6.6528525982137618E-020   1.1277049467680758E-019  -1.9061747312128309E-021   1.5577616558997155E-031   6.8528991004574090E-031  -5.1209532348122883E-031   2.2024862501907371E-030  -1.4881188495800579E-031   1.1232894929332266E-017  -3.6700223724955478E-021   6.2209440602766279E-021  -1.0515344826925410E-022  -3.8757721530792690E-030   1.8594426737814147E-032   5.3141379160014114E-031   4.1982409535076500E-031   6.1418444159155351E-031   4.1019642718577705E-017   1.5300422660865672E-016   1.6849763660552618E-016   1.4749772306200132E-016  -3.0760850596998983E-016   3.2370442337532939E-016  -3.0294904314685223E-017  -2.3014890788795994E-021   2.4219167566271068E-021  -2.2666275496195688E-022   3.6664685452180151E-020  -3.8583201154527252E-020   3.6109311542348954E-021  -1.4744950712949545E-032  -2.2530120841588065E-031  -2.6416502282009118E-031  -1.4881188495800579E-031   3.1577652354549026E-031   3.8534865953336124E-018   2.0225942768576501E-021  -2.1284285101674699E-021   1.9919572732724303E-022  -1.6415642869415691E-031   1.5862765156265748E-031   1.7929146386005779E-031   7.8007984842687080E-032   2.2441564057408224E-031   1.1184723564341493E-005   4.9228161716654735E-003   5.7779207406887479E-003   5.0635519401869547E-003   2.7644309211769764E-016   6.7773233051549688E-016  -5.3470551718753267E-016  -1.8890560714882591E-017   2.0335001003049579E-017  -3.6072556792174950E-019   4.2768070810835364E-018  -2.7679055118088584E-017   1.2463095843774234E-018   7.0178494192238286E-019   7.5826032260422877E-019  -7.2163294522945143E-018   1.1232894929332266E-017   3.8534865953336124E-018   1.3057080725849870E-004   1.1824115937128800E-018   8.8986545329820558E-018  -8.4406115511099149E-019  -2.6321251133944178E-017   2.4143633663824862E-018   5.9528083033438944E-018   3.7088868372594441E-018   7.1222532870389604E-018   1.5465218302921577E-017   8.9087999540023932E-017   4.0839971712975908E-017   3.4835885571862099E-017  -6.5753433826019512E-006  -3.4736715287780450E-016   4.4317504954173841E-017  -4.9195911967366349E-011  -2.4693207286381792E-021   1.3570972314115594E-022   7.8373286883420432E-010   4.1094823969925831E-020  -4.7853997867370253E-021  -3.3282259920440935E-022  -1.5313732332582134E-021   3.4143663582526156E-022  -3.6700223724955478E-021   2.0225942768576501E-021   1.1824115937128800E-018   4.3234343772774328E-011   2.8842632815570533E-021  -4.5778953909154932E-022   5.5681214303802126E-021   6.9468897134109504E-022  -8.4908303426818202E-023  -2.1762309801571404E-022   4.2006596733108819E-023   6.7063959024831361E-018  -5.7495605094628106E-017   4.9622393080131217E-016   4.4332619653818572E-016  -9.1286223033253532E-017  -6.5753433828614778E-006   1.5844693602545511E-016   3.0826985773028603E-021  -4.9195911966627418E-011   1.4864524464551114E-021   8.8069015093887586E-021   7.8373286886332563E-010  -1.8840589414439808E-020   3.6013076983891993E-022   3.6804822710985500E-021   1.2939541372483291E-021   6.2209440602766279E-021  -2.1284285101674699E-021   8.8986545329820558E-018   2.8842632815570533E-021   4.3234343776187133E-011  -1.0808391017575258E-021  -6.9459548130334328E-021  -1.1753975372290871E-021  -2.1015802545076287E-022   3.9127526960528902E-022  -3.1415247235351406E-022   1.1249718742536666E-019   7.9648560289395736E-019  -4.6018315661888518E-017  -4.1046118202869667E-017   2.5306498962651302E-017   5.9359010152397261E-018  -6.5753433827039509E-006   1.7767025721414466E-022   7.0943258310082527E-022  -4.9195911967159709E-011  -2.3821509172205961E-021   6.9920026237839459E-022   7.8373286884831499E-010  -1.7917909558203742E-023   5.1209044962683182E-023  -1.3058076129346000E-021  -1.0515344826925410E-022   1.9919572732724303E-022  -8.4406115511099149E-019  -4.5778953909154932E-022  -1.0808391017575258E-021   4.3234343774115705E-011   1.8456303601883939E-022  -1.9658245962224030E-022  -1.3673825125351300E-022  -1.4531629323947255E-022  -1.5028556404240023E-022   5.8066300828984442E-017  -2.5842391969014702E-016  -1.3556595782672902E-015  -1.2038232590944002E-015  -8.4683395674791320E-016   1.0563832827054261E-015  -2.8069475107621053E-017  -6.3359076989172369E-021   7.9037300291507845E-021  -2.1001236679240451E-022   1.0093641772371571E-019  -1.2591316567420559E-019   3.3456762592117901E-021  -3.1517267272699379E-031  -7.5340713533002926E-031   1.5305279473118315E-030  -3.8757721530792690E-030  -1.6415642869415691E-031  -2.6321251133944178E-017   5.5681214303802126E-021  -6.9459548130334328E-021   1.8456303601883939E-022   7.7996148147840052E-030  -3.9213001562174925E-031  -1.3772002832274374E-030  -9.6086557913198272E-031  -1.6173109173531148E-030  -3.7554347233751475E-018  -1.1328802446096400E-016   1.5997905267461694E-016   1.4459040387627072E-016  -1.0565254685048372E-016   1.7876164515137200E-016   2.9897462573246854E-017  -7.9047938578580329E-022   1.3374726838868717E-021   2.2368914458816626E-022   1.2593011319101438E-020  -2.1307081447282285E-020  -3.5635590036533288E-021   1.7795578654746650E-032  -1.6220251401328477E-031  -2.2548629951248791E-031   1.8594426737814147E-032   1.5862765156265748E-031   2.4143633663824862E-018   6.9468897134109504E-022  -1.1753975372290871E-021  -1.9658245962224030E-022  -3.9213001562174925E-031   1.3951715030128710E-031   1.7055151984938043E-031   8.8965908341224697E-032   2.0750733292637286E-031  -3.6763902937630921E-019   1.4010940277138821E-018   3.2142671786311004E-016   2.8647919738702981E-016   1.2913374011371994E-017   3.1962117721539537E-017   2.0795989409035507E-017   9.6616277922999858E-023   2.3913664211267955E-022   1.5559303971638430E-022  -1.5391797917680397E-021  -3.8096508073545371E-021  -2.4787299295303945E-021   5.2539014908946119E-032  -3.6248716885641456E-032  -4.0638248780103126E-031   5.3141379160014114E-031   1.7929146386005779E-031   5.9528083033438944E-018  -8.4908303426818202E-023  -2.1015802545076287E-022  -1.3673825125351300E-022  -1.3772002832274374E-030   1.7055151984938043E-031   3.3360350305719070E-031   2.0503157021662773E-031   3.9857595606746766E-031  -1.0941661306951151E-018   3.8013845935950256E-018   1.9950306751928923E-016   1.7776029796772236E-016   3.3097451537012515E-017  -5.9507535631874459E-017   2.2100590492424436E-017   2.4763106854524480E-022  -4.4522807542027048E-022   1.6535390487554392E-022  -3.9449742977497544E-021   7.0928632769079807E-021  -2.6342288427355064E-021   3.8122420778275277E-032   2.8301869247992242E-032  -2.3607213174361455E-031   4.1982409535076500E-031   7.8007984842687080E-032   3.7088868372594441E-018  -2.1762309801571404E-022   3.9127526960528902E-022  -1.4531629323947255E-022  -9.6086557913198272E-031   8.8965908341224697E-032   2.0503157021662773E-031   1.3301790467379490E-031   2.4364240043139784E-031  -2.6434564758500816E-020   3.6830638637389187E-018   3.8404976893178663E-016   3.4225812644696694E-016  -6.3886200997613518E-018   4.7778229156141174E-017   2.2856347579423325E-017  -4.7798872633008393E-023   3.5747084642302134E-022   1.7100838660197323E-022   7.6147681870521214E-022  -5.6948156830355636E-021  -2.7243095632702294E-021   6.1019724626660421E-032  -5.3246977759639540E-032  -4.8669181134083215E-031   6.1418444159155351E-031   2.2441564057408224E-031   7.1222532870389604E-018   4.2006596733108819E-023  -3.1415247235351406E-022  -1.5028556404240023E-022  -1.6173109173531148E-030   2.0750733292637286E-031   3.9857595606746766E-031   2.4364240043139784E-031   4.7677851369947696E-031
