   1.0042000181880504        1.3307269285373383E-002   2.7177246331623233E-003   3.8569690619252915E-018  -2.8101941606598870E-017  -5.9559203975445226E-017   2.8998484850008930E-018  -1.7177671841930202E-017  -3.8305332120721676E-017   3.3650416971689478E-019   6.5060131053955764E-019   1.4986080284733289E-018   3.5827100774359606E-019   4.8088962268390297E-019   1.6799721463274843E-003   4.1512783850664190E-020  -1.1153902065182652E-018  -2.8020690150019747E-018  -3.5082852514003899E-019  -5.3400614972277434E-020  -4.3377696759215738E-019  -2.5488024922831420E-019  -1.0896414906936187E-018   1.3307269285373383E-002  0.29966532473244423       0.29281004842730296        1.3359507255577974E-017   4.7377932076046658E-017  -1.2918379058573590E-016  -2.4460917419466055E-017   8.8994581087733894E-017  -8.7945757499146617E-017   2.3693561466327086E-019   4.1678381058145896E-018   3.3459558118596377E-017   2.2608601641087289E-018  -2.5726900949079191E-017  -1.0951693602846387E-003   6.8148027899555537E-020   1.2811660066425068E-017  -7.9638649500549079E-018  -5.6976074468562402E-018   1.3127055300194862E-018  -3.1285306787146736E-017  -3.9223660417125831E-018   3.0523441574059404E-017   2.7177246331623233E-003  0.29281004842730296       0.28621699976924458        2.7566407607833172E-017   1.6921767293918630E-016   2.3626393884122225E-016  -1.4562970382326240E-017   1.6623659502284473E-016   1.4779764299553475E-016   2.2817465766822656E-019   4.0677220919474766E-018   3.2693991663702827E-017   2.2064970136740384E-018  -2.5154997279218943E-017  -1.0878307649073624E-003   7.3293649674081141E-019   1.8156082085948763E-017   8.8336575244136621E-018  -5.5662640487987454E-018   1.2838201545109529E-018  -3.0579402518645195E-017  -3.8318092462938741E-018   2.9850231551904072E-017   3.8569690619252915E-018   1.3359507255577974E-017   2.7566407607833172E-017  0.46753732431242601        2.7755575615628914E-017   2.6367796834847468E-016  0.30146741808352562        2.7755575615628914E-017  -7.9797279894933126E-017  -7.9885400651550240E-017  -1.1089390220233325E-017  -1.1294769691255615E-016   7.8177885868614084E-018  -4.7628782484106857E-017   1.3838875522013986E-017   2.1430458732504938E-002   9.1940344226770776E-017  -3.3718687564299188E-017   1.4536266953052402E-017   2.7362740135689353E-017   5.6366039439211494E-018   3.1915950667632507E-017  -4.0510578377860579E-017  -2.8101941606598870E-017   4.7377932076046658E-017   1.6921767293918630E-016   2.7755575615628914E-017  0.46753732431242634        3.4694469519536142E-017  -1.3877787807814457E-017  0.30146741808352578       -2.0816681711721685E-017   5.9554687586819734E-017  -1.9033883262963805E-017  -4.8166192556551426E-017  -1.6598576748092777E-018  -4.6099308376143614E-017  -3.5535114140700308E-016   5.2041704279304213E-017   2.1430458732504432E-002   3.4694469519536142E-018  -9.3773399187085669E-018   1.5436982700240029E-017   3.2586767350685229E-018  -1.0662062475572816E-018  -5.5428313108457553E-018  -5.9559203975445226E-017  -1.2918379058573590E-016   2.3626393884122225E-016   2.6367796834847468E-016   3.4694469519536142E-017  0.46753732431242528       -1.7173762412170390E-016  -2.7755575615628914E-017  0.30146741808352612       -1.4065079980430595E-016  -1.2985795376782898E-017  -6.1532376923555475E-017   1.3234224488011867E-017  -1.9668975902630940E-017  -1.0388243571291586E-016  -1.7021974108022420E-017   1.8214596497756474E-017   2.1430458732504504E-002   4.0631279535018269E-017   9.5062113840857609E-018   1.3692225508881881E-017  -4.3101897268379835E-017  -1.3687650679915014E-017   2.8998484850008930E-018  -2.4460917419466055E-017  -1.4562970382326240E-017  0.30146741808352562       -1.3877787807814457E-017  -1.7173762412170390E-016  0.19438577294251710        0.0000000000000000       -2.6714741530042829E-016  -5.1509995511925663E-017  -7.1504234292542963E-018  -7.2828518272383635E-017   5.0408992348791603E-018  -3.0710972868447668E-017   9.0474063407240506E-018   1.3818330059391370E-002   5.7245874707234634E-017  -3.7296554733501353E-017   9.3729647645868231E-018   1.7643456878074723E-017   3.6344744031554982E-018   2.0579360712221630E-017  -2.6121164736107769E-017  -1.7177671841930202E-017   8.8994581087733894E-017   1.6623659502284473E-016   2.7755575615628914E-017  0.30146741808352578       -2.7755575615628914E-017   0.0000000000000000       0.19438577294251716       -4.5102810375396984E-017   3.8400779933394440E-017  -1.2273021521495716E-017  -3.1057494137589563E-017  -1.0702739259304488E-018  -2.9724770085533251E-017  -2.2934636687037460E-016   3.2959746043559335E-017   1.3818330059391041E-002   0.0000000000000000       -6.0464957700266287E-018   9.9537450287746499E-018   2.1011902378803249E-018  -6.8748830923459582E-019  -3.5740099394429872E-018  -3.8305332120721676E-017  -8.7945757499146617E-017   1.4779764299553475E-016  -7.9797279894933126E-017  -2.0816681711721685E-017  0.30146741808352612       -2.6714741530042829E-016  -4.5102810375396984E-017  0.19438577294251805       -9.0691440583367656E-017  -8.3732228432391870E-018  -3.9675991273994633E-017   8.5334095895040416E-018  -1.2682528374463824E-017  -6.6965737878009275E-017  -2.2226144535952841E-017   9.5409791178724390E-018   1.3818330059391136E-002   2.6198992674789614E-017   6.1295919121133326E-018   8.8287280123579946E-018  -2.7792043561674927E-017  -8.8257781689869848E-018   3.3650416971689478E-019   2.3693561466327086E-019   2.2817465766822656E-019  -7.9885400651550240E-017   5.9554687586819734E-017  -1.4065079980430595E-016  -5.1509995511925663E-017   3.8400779933394440E-017  -9.0691440583367656E-017   6.3548343806108109E-032   3.3802591528639679E-033   3.1700780976601861E-032  -5.5266364378800219E-033   8.1632152238505144E-033  -3.0444593604276395E-022  -3.6616986344573711E-018   2.7298018966367324E-018  -6.4469957886949862E-018  -1.5905988045715224E-032  -5.5677409572203847E-033  -4.6915086140153322E-033   7.3742519277208134E-033   1.0356806058074155E-032   6.5060131053955764E-019   4.1678381058145896E-018   4.0677220919474766E-018  -1.1089390220233325E-017  -1.9033883262963805E-017  -1.2985795376782898E-017  -7.1504234292542963E-018  -1.2273021521495716E-017  -8.3732228432391870E-018   3.3802591528639679E-033   1.4567759559620605E-033   6.8142930087851873E-033  -4.5386833642617314E-034   3.1956790258663709E-033  -1.4430148413984248E-020  -5.0830320302844449E-019  -8.7245408778032881E-019  -5.9522852499564025E-019  -1.1708400125752734E-033  -1.5232916415504363E-033  -1.0813393683705514E-033   4.2895985496848219E-034   1.9900814678747607E-033   1.4986080284733289E-018   3.3459558118596377E-017   3.2693991663702827E-017  -1.1294769691255615E-016  -4.8166192556551426E-017  -6.1532376923555475E-017  -7.2828518272383635E-017  -3.1057494137589563E-017  -3.9675991273994633E-017   3.1700780976601861E-032   6.8142930087851873E-033   4.4082267460618400E-032  -3.2069290599536789E-033   1.5971436128824127E-032  -1.2226070491550321E-019  -5.1771716005255818E-018  -2.2077886581634219E-018  -2.8204530329475526E-018  -8.5292489014028731E-033  -9.3051645260038528E-033  -6.9926244071028736E-033  -2.3657527926365576E-033   1.5567109247968550E-032   3.5827100774359606E-019   2.2608601641087289E-018   2.2064970136740384E-018   7.8177885868614084E-018  -1.6598576748092777E-018   1.3234224488011867E-017   5.0408992348791603E-018  -1.0702739259304488E-018   8.5334095895040416E-018  -5.5266364378800219E-033  -4.5386833642617314E-034  -3.2069290599536789E-033   5.2835045536204284E-034  -1.3831856233763290E-033  -7.8184763465505328E-021   3.5834314605057134E-019  -7.6082720142488116E-020   6.0661574381068326E-019   1.3834629185047612E-033   6.8169373609437492E-034   2.3446711823355014E-034  -7.1220771335492730E-034  -8.1549406847579065E-034   4.8088962268390297E-019  -2.5726900949079191E-017  -2.5154997279218943E-017  -4.7628782484106857E-017  -4.6099308376143614E-017  -1.9668975902630940E-017  -3.0710972868447668E-017  -2.9724770085533251E-017  -1.2682528374463824E-017   8.1632152238505144E-033   3.1956790258663709E-033   1.5971436128824127E-032  -1.3831856233763290E-033   1.2436220393005758E-032   9.6818637303887668E-020  -2.1831554496877625E-018  -2.1130491072660852E-018  -9.0156476172645429E-019  -1.7765614718265106E-033  -4.8223762944210665E-033   1.2159162615083474E-033  -9.9632096788405888E-034   2.6247759749784728E-033   1.6799721463274843E-003  -1.0951693602846387E-003  -1.0878307649073624E-003   1.3838875522013986E-017  -3.5535114140700308E-016  -1.0388243571291586E-016   9.0474063407240506E-018  -2.2934636687037460E-016  -6.6965737878009275E-017  -3.0444593604276395E-022  -1.4430148413984248E-020  -1.2226070491550321E-019  -7.8184763465505328E-021   9.6818637303887668E-020   6.9797828562469746E-006   6.3612858473724825E-019  -1.6327594296906281E-017  -4.7541515414230610E-018   2.0654238909910762E-020  -4.9898488854680039E-021   1.1598234860956200E-019   1.4195846428007950E-020  -1.1576365155418735E-019   4.1512783850664190E-020   6.8148027899555537E-020   7.3293649674081141E-019   2.1430458732504938E-002   5.2041704279304213E-017  -1.7021974108022420E-017   1.3818330059391370E-002   3.2959746043559335E-017  -2.2226144535952841E-017  -3.6616986344573711E-018  -5.0830320302844449E-019  -5.1771716005255818E-018   3.5834314605057134E-019  -2.1831554496877625E-018   6.3612858473724825E-019   9.8230566332004597E-004   6.5594231435373018E-018  -2.8799120206646212E-018   6.6629732614437109E-019   1.2542230166297822E-018   2.5836441697851867E-019   1.4629280447229201E-018  -1.8568790832547748E-018  -1.1153902065182652E-018   1.2811660066425068E-017   1.8156082085948763E-017   9.1940344226770776E-017   2.1430458732504432E-002   1.8214596497756474E-017   5.7245874707234634E-017   1.3818330059391041E-002   9.5409791178724390E-018   2.7298018966367324E-018  -8.7245408778032881E-019  -2.2077886581634219E-018  -7.6082720142488116E-020  -2.1130491072660852E-018  -1.6327594296906281E-017   6.5594231435373018E-018   9.8230566331999891E-004   9.0801931945660996E-019  -4.2982813499240306E-019   7.0758333828940186E-019   1.4936761978556412E-019  -4.8871582653246793E-020  -2.5406617074477638E-019  -2.8020690150019747E-018  -7.9638649500549079E-018   8.8336575244136621E-018  -3.3718687564299188E-017   3.4694469519536142E-018   2.1430458732504504E-002  -3.7296554733501353E-017   0.0000000000000000        1.3818330059391136E-002  -6.4469957886949862E-018  -5.9522852499564025E-019  -2.8204530329475526E-018   6.0661574381068326E-019  -9.0156476172645429E-019  -4.7541515414230610E-018  -2.8799120206646212E-018   9.0801931945660996E-019   9.8230566332000780E-004   1.8624116493899396E-018   4.3573520267866044E-019   6.2760908801402459E-019  -1.9756570923210805E-018  -6.2739939206402006E-019  -3.5082852514003899E-019  -5.6976074468562402E-018  -5.5662640487987454E-018   1.4536266953052402E-017  -9.3773399187085669E-018   4.0631279535018269E-017   9.3729647645868231E-018  -6.0464957700266287E-018   2.6198992674789614E-017  -1.5905988045715224E-032  -1.1708400125752734E-033  -8.5292489014028731E-033   1.3834629185047612E-033  -1.7765614718265106E-033   2.0654238909910762E-020   6.6629732614437109E-019  -4.2982813499240306E-019   1.8624116493899396E-018   4.2794255925998375E-033   1.3423093495823063E-033   1.8945526677586865E-033  -2.6574929249572177E-033  -2.9179828904170214E-033  -5.3400614972277434E-020   1.3127055300194862E-018   1.2838201545109529E-018   2.7362740135689353E-017   1.5436982700240029E-017   9.5062113840857609E-018   1.7643456878074723E-017   9.9537450287746499E-018   6.1295919121133326E-018  -5.5677409572203847E-033  -1.5232916415504363E-033  -9.3051645260038528E-033   6.8169373609437492E-034  -4.8223762944210665E-033  -4.9898488854680039E-021   1.2542230166297822E-018   7.0758333828940186E-019   4.3573520267866044E-019   1.3423093495823063E-033   2.3101521959597404E-033   5.7872106276284153E-034   9.3914210400995048E-034  -2.6982252546599271E-033  -4.3377696759215738E-019  -3.1285306787146736E-017  -3.0579402518645195E-017   5.6366039439211494E-018   3.2586767350685229E-018   1.3692225508881881E-017   3.6344744031554982E-018   2.1011902378803249E-018   8.8287280123579946E-018  -4.6915086140153322E-033  -1.0813393683705514E-033  -6.9926244071028736E-033   2.3446711823355014E-034   1.2159162615083474E-033   1.1598234860956200E-019   2.5836441697851867E-019   1.4936761978556412E-019   6.2760908801402459E-019   1.8945526677586865E-033   5.7872106276284153E-034   3.7587770691274051E-033  -4.7550845937156312E-034  -4.1168809015312927E-033  -2.5488024922831420E-019  -3.9223660417125831E-018  -3.8318092462938741E-018   3.1915950667632507E-017  -1.0662062475572816E-018  -4.3101897268379835E-017   2.0579360712221630E-017  -6.8748830923459582E-019  -2.7792043561674927E-017   7.3742519277208134E-033   4.2895985496848219E-034  -2.3657527926365576E-033  -7.1220771335492730E-034  -9.9632096788405888E-034   1.4195846428007950E-020   1.4629280447229201E-018  -4.8871582653246793E-020  -1.9756570923210805E-018  -2.6574929249572177E-033   9.3914210400995048E-034  -4.7550845937156312E-034   6.2060176049425600E-033  -1.8902480939254483E-033  -1.0896414906936187E-018   3.0523441574059404E-017   2.9850231551904072E-017  -4.0510578377860579E-017  -5.5428313108457553E-018  -1.3687650679915014E-017  -2.6121164736107769E-017  -3.5740099394429872E-018  -8.8257781689869848E-018   1.0356806058074155E-032   1.9900814678747607E-033   1.5567109247968550E-032  -8.1549406847579065E-034   2.6247759749784728E-033  -1.1576365155418735E-019  -1.8568790832547748E-018  -2.5406617074477638E-019  -6.2739939206402006E-019  -2.9179828904170214E-033  -2.6982252546599271E-033  -4.1168809015312927E-033  -1.8902480939254483E-033   7.0915688742066809E-033
