   1.0042000187152675        1.3307272549166641E-002   2.7177265569456764E-003  -5.1062803897768376E-017   4.1632669583575629E-017  -7.8316753703343218E-017   1.1456427084322780E-016  -6.9299340862822736E-017  -4.8900909226275776E-017   6.2328531065845529E-019   3.0042207337983900E-019  -7.1507452673947403E-018   1.0569790224853961E-020   2.6281022704835618E-018   1.6799720997740016E-003  -1.8610114891328853E-018   1.7469540384845497E-018  -3.6484051469654488E-018   2.4156501036185928E-019  -6.3699558957234696E-020   1.8850599256901948E-018   2.9826110897418212E-020  -2.4988320488350036E-018   1.3307272549166641E-002  0.29966533847015936       0.29281005076844779        1.5797406611863678E-016   2.8092860751466109E-016  -1.3625155175763817E-016   6.8837534061803473E-017   4.2464671898271738E-016  -1.0661942361209235E-016   5.0773055422739592E-018   1.9602402272201663E-018  -1.5345396284916437E-017  -1.1280098426353294E-019  -1.6339419837483635E-017  -1.0951732340866817E-003  -1.8230840951860426E-017   7.4400799939042613E-017  -1.2717455186221398E-017   7.1859224030701817E-018  -1.8619979887061546E-019  -1.7462894724733619E-017   6.8131515438147081E-019   9.7972281287593722E-018   2.7177265569456764E-003  0.29281005076844779       0.28621699124387623        1.3761020718424298E-016  -9.4645124704465034E-019   2.1733009879776154E-016   5.4935896406199283E-017   2.3841967202654757E-016   1.2177387962759484E-016   4.9570777896926982E-018   1.9132101533170695E-018  -1.4928049383029236E-017  -1.1038015022556705E-019  -1.6000000507872365E-017  -1.0878345123009620E-003  -1.8598056219233841E-017   6.0102729887376320E-017   3.6353374885724720E-018   7.0223284543324331E-018  -1.8137213909942019E-019  -1.7090670729172925E-017   6.6573346059834400E-019   9.6031690419962656E-018  -5.1062803897768376E-017   1.5797406611863678E-016   1.3761020718424298E-016  0.46753734432357175       -5.2258544713801314E-017  -5.5511151231257827E-017  0.30146741697698159       -1.4365678785432934E-016   1.5265566588595902E-016  -5.4194712066680932E-018  -4.7951979115494193E-017  -9.5914708149106854E-017   4.6133622286972887E-017  -5.9024061579637070E-017  -5.1420975670699370E-016   2.1430451377662810E-002  -6.0545915069737388E-017   3.1225022567582528E-017   1.1024473529245882E-016  -1.1410568807175643E-016   1.0049997945089354E-016  -3.9760894877332909E-017   2.7498936495500716E-017   4.1632669583575629E-017   2.8092860751466109E-016  -9.4645124704465034E-019  -5.2258544713801314E-017  0.46753734432357275       -1.5612511283791264E-017   1.1460016963171782E-016  0.30146741697698165       -3.2092384305570931E-017   6.1557262668087941E-018  -1.6039626552158593E-018   9.2293106753964208E-017  -2.0645389916772547E-019  -1.3971867934271930E-017  -5.6966612154913256E-016   5.2800645800044066E-017   2.1430451377662783E-002   3.8001286145616930E-017  -6.7609058922390353E-017   2.9492365284415263E-017  -4.7740300356053000E-017   1.8309483984372352E-017   1.9091649592576193E-017  -7.8316753703343218E-017  -1.3625155175763817E-016   2.1733009879776154E-016  -5.5511151231257827E-017  -1.5612511283791264E-017  0.46753734432357236       -2.0816681711721685E-016  -2.5153490401663703E-017  0.30146741697698143        2.4821430347382123E-017  -4.9088294804174696E-017   9.1600385893471483E-018   6.2356722419896281E-017   1.2389236467583637E-016  -5.0459210928298669E-017   4.7271214720367993E-017  -1.9407218887490529E-017   2.1430451377663255E-002   5.0492134699013135E-017  -4.5580541543469286E-017   2.2940357980879803E-018   2.1695658728058542E-017  -3.3221055371174674E-017   1.1456427084322780E-016   6.8837534061803473E-017   5.4935896406199283E-017  0.30146741697698159        1.1460016963171782E-016  -2.0816681711721685E-016  0.19438576319558243        1.5178830414797062E-018  -1.3877787807814457E-017  -3.4944673530177912E-018  -3.0919368171107122E-017  -6.1845667874181121E-017   2.9746894265242184E-017  -3.8058631251472424E-017  -3.3118447110879392E-016   1.3818324674838350E-002  -3.2600604073923511E-017   1.1926223897340549E-017   7.1085649066200196E-017  -7.3575185946144938E-017   6.4802244310846802E-017  -2.5637768663602613E-017   1.7731275277928003E-017  -6.9299340862822736E-017   4.2464671898271738E-016   2.3841967202654757E-016  -1.4365678785432934E-016  0.30146741697698165       -2.5153490401663703E-017   1.5178830414797062E-018  0.19438576319558201       -3.1225022567582528E-017   3.9692035722987748E-018  -1.0342328467794223E-018   5.9510464427505603E-017  -1.3312118157528776E-019  -9.0090406416249732E-018  -3.6839405422468740E-016   2.9486910959816703E-017   1.3818324674838305E-002   2.3744027577432547E-017  -4.3594225370522877E-017   1.9016635335724161E-017  -3.0782878007032727E-017   1.1805929323006282E-017   1.2310268598609147E-017  -4.8900909226275776E-017  -1.0661942361209235E-016   1.2177387962759484E-016   1.5265566588595902E-016  -3.2092384305570931E-017  0.30146741697698143       -1.3877787807814457E-017  -3.1225022567582528E-017  0.19438576319558196        1.6004823108463030E-017  -3.1652062916662758E-017   5.9063798998455987E-018   4.0207526237875713E-017   7.9885621149753160E-017  -3.2463262539534399E-017   3.9031278209478160E-017  -1.3552527156068805E-017   1.3818324674838608E-002   3.2557256891185793E-017  -2.9390268585714992E-017   1.4791910312595405E-018   1.3989329998493859E-017  -2.1420889418976754E-017   6.2328531065845529E-019   5.0773055422739592E-018   4.9570777896926982E-018  -5.4194712066680932E-018   6.1557262668087941E-018   2.4821430347382123E-017  -3.4944673530177912E-018   3.9692035722987748E-018   1.6004823108463030E-017   1.5478146793173298E-033  -2.0380683977038893E-033   2.5506931301907712E-033   2.7711190756286088E-033   6.8021198037675853E-033  -1.7870601342332638E-020  -2.4841163085095473E-019   2.8215926290531527E-019   1.1377368303129333E-018   6.3427154280220570E-034  -7.1207165844665380E-034  -1.9665440367819970E-033   1.8653173224830887E-033  -1.6662515150350707E-033   3.0042207337983900E-019   1.9602402272201663E-018   1.9132101533170695E-018  -4.7951979115494193E-017  -1.6039626552158593E-018  -4.9088294804174696E-017  -3.0919368171107122E-017  -1.0342328467794223E-018  -3.1652062916662758E-017  -2.0380683977038893E-033   1.0090406847632056E-032   8.4571636963439856E-033  -1.1278662599064476E-032  -7.0124291916568813E-033  -6.7964883022586779E-021  -2.1979689309825547E-018  -7.3520637680649527E-020  -2.2500540925458394E-018  -1.6329421104458104E-032   1.6386252554830432E-032  -1.0498312144655681E-032   1.7417360499399454E-033   6.6558552552422786E-034  -7.1507452673947403E-018  -1.5345396284916437E-017  -1.4928049383029236E-017  -9.5914708149106854E-017   9.2293106753964208E-017   9.1600385893471483E-018  -6.1845667874181121E-017   5.9510464427505603E-017   5.9063798998455987E-018   2.5506931301907712E-033   8.4571636963439856E-033   3.8902666492700843E-032  -8.2776350133286155E-033   1.2593039567750362E-032   4.4939465108292267E-020  -4.3964306046312022E-018   4.2304277097818806E-018   4.1986755494480064E-019  -3.5341011076916346E-032   2.8347385410096829E-032  -2.9119465161784264E-032   1.2161416128099335E-032  -3.0062898262126831E-033   1.0569790224853961E-020  -1.1280098426353294E-019  -1.1038015022556705E-019   4.6133622286972887E-017  -2.0645389916772547E-019   6.2356722419896281E-017   2.9746894265242184E-017  -1.3312118157528776E-019   4.0207526237875713E-017   2.7711190756286088E-033  -1.1278662599064476E-032  -8.2776350133286155E-033   1.2868992386717769E-032   1.0712112270441370E-032   4.3908163645685901E-022   2.1146211341188725E-018  -9.4632018202693050E-021   2.8582373667357499E-018   1.7639673134102900E-032  -1.7351380453371634E-032   1.0250358632699200E-032  -1.0380858691978642E-033  -1.7295252662478489E-033   2.6281022704835618E-018  -1.6339419837483635E-017  -1.6000000507872365E-017  -5.9024061579637070E-017  -1.3971867934271930E-017   1.2389236467583637E-016  -3.8058631251472424E-017  -9.0090406416249732E-018   7.9885621149753160E-017   6.8021198037675853E-033  -7.0124291916568813E-033   1.2593039567750362E-032   1.0712112270441370E-032   4.1601269467408370E-032   6.5491289575865774E-020  -2.7054786043340431E-018  -6.4042678099594986E-019   5.6788389836336110E-018   1.0904215695520212E-033   1.4554918446963980E-033  -9.6919502697041299E-033   1.0184403619236474E-032  -1.3389351639418750E-032   1.6799720997740016E-003  -1.0951732340866817E-003  -1.0878345123009620E-003  -5.1420975670699370E-016  -5.6966612154913256E-016  -5.0459210928298669E-017  -3.3118447110879392E-016  -3.6839405422468740E-016  -3.2463262539534399E-017  -1.7870601342332638E-020  -6.7964883022586779E-021   4.4939465108292267E-020   4.3908163645685901E-022   6.5491289575865774E-020   6.9798114523694335E-006  -2.3473903835492716E-017  -2.6341547782394521E-017  -2.2888452023558238E-018  -2.6395618491730494E-020   5.8502220535490511E-022   6.8403324231707974E-020  -2.4907105213829767E-021  -4.0858798222812604E-020  -1.8610114891328853E-018  -1.8230840951860426E-017  -1.8598056219233841E-017   2.1430451377662810E-002   5.2800645800044066E-017   4.7271214720367993E-017   1.3818324674838350E-002   2.9486910959816703E-017   3.9031278209478160E-017  -2.4841163085095473E-019  -2.1979689309825547E-018  -4.3964306046312022E-018   2.1146211341188725E-018  -2.7054786043340431E-018  -2.3473903835492716E-017   9.8230494703012167E-004  -2.3166351107405114E-019   3.7133924407628527E-018   5.0532742849590387E-018  -5.2302482995757787E-018   4.6066051177035326E-018  -1.8225152166910732E-018   1.2604653481891996E-018   1.7469540384845497E-018   7.4400799939042613E-017   6.0102729887376320E-017  -6.0545915069737388E-017   2.1430451377662783E-002  -1.9407218887490529E-017  -3.2600604073923511E-017   1.3818324674838305E-002  -1.3552527156068805E-017   2.8215926290531527E-019  -7.3520637680649527E-020   4.2304277097818806E-018  -9.4632018202693050E-021  -6.4042678099594986E-019  -2.6341547782394521E-017  -2.3166351107405114E-019   9.8230494703011712E-004   8.8091426514447235E-019  -3.0989880648401925E-018   1.3518378968301640E-018  -2.1882662378887010E-018   8.3924955095272764E-019   8.7510157911561525E-019  -3.6484051469654488E-018  -1.2717455186221398E-017   3.6353374885724720E-018   3.1225022567582528E-017   3.8001286145616930E-017   2.1430451377663255E-002   1.1926223897340549E-017   2.3744027577432547E-017   1.3818324674838608E-002   1.1377368303129333E-018  -2.2500540925458394E-018   4.1986755494480064E-019   2.8582373667357499E-018   5.6788389836336110E-018  -2.2888452023558238E-018   3.7133924407628527E-018   8.8091426514447235E-019   9.8230494703016092E-004   2.3144017280312677E-018  -2.0892696405420214E-018   1.0515143490980897E-019   9.9446122352154440E-019  -1.5227494027811743E-018   2.4156501036185928E-019   7.1859224030701817E-018   7.0223284543324331E-018   1.1024473529245882E-016  -6.7609058922390353E-017   5.0492134699013135E-017   7.1085649066200196E-017  -4.3594225370522877E-017   3.2557256891185793E-017   6.3427154280220570E-034  -1.6329421104458104E-032  -3.5341011076916346E-032   1.7639673134102900E-032   1.0904215695520212E-033  -2.6395618491730494E-020   5.0532742849590387E-018  -3.0989880648401925E-018   2.3144017280312677E-018   4.1397569454106282E-032  -3.6097751457172717E-032   3.0430126343807697E-032  -9.6638646914622915E-033   3.7085756050493712E-034  -6.3699558957234696E-020  -1.8619979887061546E-019  -1.8137213909942019E-019  -1.1410568807175643E-016   2.9492365284415263E-017  -4.5580541543469286E-017  -7.3575185946144938E-017   1.9016635335724161E-017  -2.9390268585714992E-017  -7.1207165844665380E-034   1.6386252554830432E-032   2.8347385410096829E-032  -1.7351380453371634E-032   1.4554918446963980E-033   5.8502220535490511E-022  -5.2302482995757787E-018   1.3518378968301640E-018  -2.0892696405420214E-018  -3.6097751457172717E-032   3.4152456794494560E-032  -2.7752120373501736E-032   8.7433367986386568E-033  -2.2741795971939297E-033   1.8850599256901948E-018  -1.7462894724733619E-017  -1.7090670729172925E-017   1.0049997945089354E-016  -4.7740300356053000E-017   2.2940357980879803E-018   6.4802244310846802E-017  -3.0782878007032727E-017   1.4791910312595405E-018  -1.9665440367819970E-033  -1.0498312144655681E-032  -2.9119465161784264E-032   1.0250358632699200E-032  -9.6919502697041299E-033   6.8403324231707974E-020   4.6066051177035326E-018  -2.1882662378887010E-018   1.0515143490980897E-019   3.0430126343807697E-032  -2.7752120373501736E-032   2.7513799934281370E-032  -1.0349680471684689E-032   3.2199003909064206E-033   2.9826110897418212E-020   6.8131515438147081E-019   6.6573346059834400E-019  -3.9760894877332909E-017   1.8309483984372352E-017   2.1695658728058542E-017  -2.5637768663602613E-017   1.1805929323006282E-017   1.3989329998493859E-017   1.8653173224830887E-033   1.7417360499399454E-033   1.2161416128099335E-032  -1.0380858691978642E-033   1.0184403619236474E-032  -2.4907105213829767E-021  -1.8225152166910732E-018   8.3924955095272764E-019   9.9446122352154440E-019  -9.6638646914622915E-033   8.7433367986386568E-033  -1.0349680471684689E-032   5.1067403083537085E-033  -3.1102581608863340E-033  -2.4988320488350036E-018   9.7972281287593722E-018   9.6031690419962656E-018   2.7498936495500716E-017   1.9091649592576193E-017  -3.3221055371174674E-017   1.7731275277928003E-017   1.2310268598609147E-017  -2.1420889418976754E-017  -1.6662515150350707E-033   6.6558552552422786E-034  -3.0062898262126831E-033  -1.7295252662478489E-033  -1.3389351639418750E-032  -4.0858798222812604E-020   1.2604653481891996E-018   8.7510157911561525E-019  -1.5227494027811743E-018   3.7085756050493712E-034  -2.2741795971939297E-033   3.2199003909064206E-033  -3.1102581608863340E-033   5.0864124755428675E-033
