   1.0042000187152675        1.3307272549166579E-002   2.7177265569463364E-003  -5.6338611308554949E-017  -2.9528544431583254E-017  -6.4006134366409154E-018   1.7944026957958897E-016  -5.1866484911592226E-017  -1.3376398064225071E-017  -6.1937730357596686E-020   5.6994283161636871E-019  -2.1581437749082553E-018   2.7837551271167352E-020   2.7693962965035853E-018   1.6799720997735929E-003   6.2238019844131914E-019  -1.0105834061400407E-018   1.6657785367288225E-018  -8.7478700947831331E-021  -2.3799421707951923E-019   1.6029832959123849E-019  -1.1879461612812547E-019  -2.2945838519853437E-018   1.3307272549166579E-002  0.29966533847015975       0.29281005076844763       -1.3310487119111969E-016  -2.1119772467937457E-018   4.2595488428939876E-017  -1.6083114971459770E-016   3.8514749646151206E-016   1.2764072082796406E-017   3.8703952915123412E-019   3.4049026270522674E-018   9.4707905466447056E-018   2.8902918317166301E-020  -1.2086178755315253E-017  -1.0951732340868671E-003  -1.0122522091417235E-017   3.7400645919330933E-017   1.2245989831039183E-017  -5.2109542237472563E-019  -2.7219796540839557E-018  -3.2493947824878303E-017  -2.3351373497379545E-018   1.5243027034369313E-017   2.7177265569463364E-003  0.29281005076844763       0.28621699124387562        1.1027035542245013E-016   2.2753494830995181E-016   2.5467319427466066E-018  -4.4326380988778062E-018   5.2489384416153812E-016  -1.2634894675949401E-017   3.7899631180963537E-019   3.3227191308780855E-018   9.2805592239183957E-018   2.7969591743780461E-020  -1.1843570996625468E-017  -1.0878345123011362E-003   1.0903607739060310E-018   4.7082684456329929E-017   1.0159406585032954E-017  -5.0932209012222004E-019  -2.6585100937546209E-018  -3.1767031157234236E-017  -2.2815629047204383E-018   1.4924772411555120E-017  -5.6338611308554949E-017  -1.3310487119111969E-016   1.1027035542245013E-016  0.46753734432357252       -1.1796119636642288E-016  -8.3266726846886741E-017  0.30146741697698193       -7.6327832942979512E-017   2.7755575615628914E-017  -2.0031762255962048E-016   1.3009393379615481E-017   3.1230357135177360E-017  -5.9927635873183740E-017  -3.5413188718359884E-017   1.8708714748915215E-016   2.1430451377661412E-002  -6.1149002528182450E-017  -2.7755575615628914E-017  -4.1768826254124689E-017   6.1174871163509477E-017  -3.6937535445926518E-017   1.3109898366656453E-016   1.5375370349244619E-016  -2.9528544431583254E-017  -2.1119772467937457E-018   2.2753494830995181E-016  -1.1796119636642288E-016  0.46753734432357169        8.3266726846886741E-017   0.0000000000000000       0.30146741697698148       -1.7347234759768071E-017  -9.2355060014448111E-018   2.3940632208808890E-017   8.7770770426276451E-017  -1.5226501797752341E-017  -7.6724341851294273E-017  -9.0111325195352309E-016  -6.2883726004159257E-017   2.1430451377662699E-002  -7.9363599025938925E-017   1.1091816882039055E-017   1.8438014411650987E-017   2.3749622616901616E-017   4.1963262720491861E-017  -7.5449275376164797E-018  -6.4006134366409154E-018   4.2595488428939876E-017   2.5467319427466066E-018  -8.3266726846886741E-017   8.3266726846886741E-017  0.46753734432357252        2.2204460492503131E-016  -1.7347234759768071E-017  0.30146741697698159        3.6678242484669851E-018   6.7898963037164424E-017  -3.9367208808975410E-017   1.3936610492250094E-017  -3.5627380280315796E-017   2.6137337036115580E-017  -1.0061396160665481E-016   4.2067044292437572E-017   2.1430451377662130E-002  -1.0065017983725006E-016  -1.0033288295264111E-016  -4.8422364793375351E-017  -6.5010986548074683E-017  -6.6171549049471016E-017   1.7944026957958897E-016  -1.6083114971459770E-016  -4.4326380988778062E-018  0.30146741697698193        0.0000000000000000        2.2204460492503131E-016  0.19438576319558251        6.9388939039072284E-018   1.9428902930940239E-016  -1.2916451911534302E-016   8.3884384129022230E-018   2.0137290017831600E-017  -3.8641254675311181E-017  -2.2834373894321028E-017   1.2128501827589369E-016   1.3818324674837439E-002  -3.6212352561015848E-017  -5.2041704279304213E-018  -2.6932479969507492E-017   3.9445470222800778E-017  -2.3817270503792255E-017   8.4532438861000083E-017   9.9140170096088547E-017  -5.1866484911592226E-017   3.8514749646151206E-016   5.2489384416153812E-016  -7.6327832942979512E-017  0.30146741697698148       -1.7347234759768071E-017   6.9388939039072284E-018  0.19438576319558232       -4.5102810375396984E-017  -5.9550411802059133E-018   1.5436885717070339E-017   5.6594468372941012E-017  -9.8180267785987378E-018  -4.9471746883947198E-017  -5.8253520832169987E-016  -4.0549161250957866E-017   1.3818324674838275E-002  -5.4426949058772323E-017   7.1519878050550228E-018   1.1888805560348791E-017   1.5313723002927283E-017   2.7057852327445290E-017  -4.8649585827941068E-018  -1.3376398064225071E-017   1.2764072082796406E-017  -1.2634894675949401E-017   2.7755575615628914E-017  -1.7347234759768071E-017  0.30146741697698159        1.9428902930940239E-016  -4.5102810375396984E-017  0.19438576319558207        2.3650078769870874E-018   4.3781155132846735E-017  -2.5383920444698755E-017   8.9863066929798263E-018  -2.2972484309895436E-017   1.6892240130460663E-017  -6.1582683397176652E-017   2.4502969098172400E-017   1.3818324674837885E-002  -6.4899093307089689E-017  -6.4694500725600165E-017  -3.1222672189525041E-017  -4.1918991985824192E-017  -4.2667321041853910E-017  -6.1937730357596686E-020   3.8703952915123412E-019   3.7899631180963537E-019  -2.0031762255962048E-016  -9.2355060014448111E-018   3.6678242484669851E-018  -1.2916451911534302E-016  -5.9550411802059133E-018   2.3650078769870874E-018   8.6038333698560509E-032  -5.5097898156753488E-033  -1.5410910786963239E-032   2.6086300170275703E-032   1.6393083478777118E-032  -1.5507798232357686E-021  -9.1819340689535498E-018  -4.2332674537135414E-019   1.6812160605546870E-019   1.6886589185263394E-032  -2.7365368893321843E-032   1.4934879580029261E-032  -5.7511656401137024E-032  -6.6226338807836674E-032   5.6994283161636871E-019   3.4049026270522674E-018   3.3227191308780855E-018   1.3009393379615481E-017   2.3940632208808890E-017   6.7898963037164424E-017   8.3884384129022230E-018   1.5436885717070339E-017   4.3781155132846735E-017  -5.5097898156753488E-033   1.1487503750628200E-032  -2.4727021161515508E-034  -4.2288417995334506E-034  -1.0224116517714540E-032  -1.1722507288588641E-020   5.9630995397399175E-019   1.0973637950647009E-018   3.1122763638632066E-018  -1.5217287623759282E-032  -1.1955656538898721E-032  -7.2124461230581999E-033  -3.6712387871188066E-033  -5.5460195579429310E-033  -2.1581437749082553E-018   9.4707905466447056E-018   9.2805592239183957E-018   3.1230357135177360E-017   8.7770770426276451E-017  -3.9367208808975410E-017   2.0137290017831600E-017   5.6594468372941012E-017  -2.5383920444698755E-017  -1.5410910786963239E-032  -2.4727021161515508E-034   2.2184028259479239E-032  -8.0341251588671197E-033  -1.4159577805422020E-032  -3.9054015826050834E-020   1.4315020141561648E-018   4.0231379393269095E-018  -1.8044698771081497E-018   7.7505711245548919E-033   1.5910124241625958E-032   5.0373236094351504E-033   2.2035096463008244E-032   1.4915072819978163E-032   2.7837551271167352E-020   2.8902918317166301E-020   2.7969591743780461E-020  -5.9927635873183740E-017  -1.5226501797752341E-017   1.3936610492250094E-017  -3.8641254675311181E-017  -9.8180267785987378E-018   8.9863066929798263E-018   2.6086300170275703E-032  -4.2288417995334506E-034  -8.0341251588671197E-033   8.5926796885298824E-033   5.9748017993648293E-033  -5.9893753136846271E-023  -2.7468956273782543E-018  -6.9793527809147424E-019   6.3881068999032227E-019   1.9922938337883697E-033  -1.1432747419988127E-032   2.5145935858470637E-033  -2.0108648541687797E-032  -2.1433089176127230E-032   2.7693962965035853E-018  -1.2086178755315253E-017  -1.1843570996625468E-017  -3.5413188718359884E-017  -7.6724341851294273E-017  -3.5627380280315796E-017  -2.2834373894321028E-017  -4.9471746883947198E-017  -2.2972484309895436E-017   1.6393083478777118E-032  -1.0224116517714540E-032  -1.4159577805422020E-032   5.9748017993648293E-033   1.8486283398090666E-032   4.9865212023938117E-020  -1.6232299476627878E-018  -3.5168041601173035E-018  -1.6330478197745201E-018   9.0343704893179852E-033   9.5614899469798371E-035   3.9061394596956500E-033  -1.1768162785809269E-032  -5.9899433712704608E-033   1.6799720997735929E-003  -1.0951732340868671E-003  -1.0878345123011362E-003   1.8708714748915215E-016  -9.0111325195352309E-016   2.6137337036115580E-017   1.2128501827589369E-016  -5.8253520832169987E-016   1.6892240130460663E-017  -1.5507798232357686E-021  -1.1722507288588641E-020  -3.9054015826050834E-020  -5.9893753136846271E-023   4.9865212023938117E-020   6.9798114523694030E-006   8.5960147246152600E-018  -4.1443534226468905E-017   1.1630216559652468E-018   1.9292130967842375E-021   9.7461703489452313E-021   1.2151558711789031E-019   8.5081154074905240E-021  -6.0826045205056819E-020   6.2238019844131914E-019  -1.0122522091417235E-017   1.0903607739060310E-018   2.1430451377661412E-002  -6.2883726004159257E-017  -1.0061396160665481E-016   1.3818324674837439E-002  -4.0549161250957866E-017  -6.1582683397176652E-017  -9.1819340689535498E-018   5.9630995397399175E-019   1.4315020141561648E-018  -2.7468956273782543E-018  -1.6232299476627878E-018   8.5960147246152600E-018   9.8230494702999200E-004  -5.4752209710517974E-018  -5.7462715141731735E-018  -1.9145525186572063E-018   2.8040649969919441E-018  -1.6931012399230479E-018   6.0091678862399949E-018   7.0475894745850270E-018  -1.0105834061400407E-018   3.7400645919330933E-017   4.7082684456329929E-017  -6.1149002528182450E-017   2.1430451377662699E-002   4.2067044292437572E-017  -3.6212352561015848E-017   1.3818324674838275E-002   2.4502969098172400E-017  -4.2332674537135414E-019   1.0973637950647009E-018   4.0231379393269095E-018  -6.9793527809147424E-019  -3.5168041601173035E-018  -4.1443534226468905E-017  -5.4752209710517974E-018   9.8230494703011148E-004  -1.8566962203814263E-018   5.0841423742178418E-019   8.4514098423774122E-019   1.0886085120445562E-018   1.9234648788978825E-018  -3.4583590959310842E-019   1.6657785367288225E-018   1.2245989831039183E-017   1.0159406585032954E-017  -2.7755575615628914E-017  -7.9363599025938925E-017   2.1430451377662130E-002  -5.2041704279304213E-018  -5.4426949058772323E-017   1.3818324674837885E-002   1.6812160605546870E-019   3.1122763638632066E-018  -1.8044698771081497E-018   6.3881068999032227E-019  -1.6330478197745201E-018   1.1630216559652468E-018  -5.7462715141731735E-018  -1.8566962203814263E-018   9.8230494703005749E-004  -4.6134898342202533E-018  -4.5989459361970264E-018  -2.2195299410728388E-018  -2.9799005430209092E-018  -3.0330971027372087E-018  -8.7478700947831331E-021  -5.2109542237472563E-019  -5.0932209012222004E-019  -4.1768826254124689E-017   1.1091816882039055E-017  -1.0065017983725006E-016  -2.6932479969507492E-017   7.1519878050550228E-018  -6.4899093307089689E-017   1.6886589185263394E-032  -1.5217287623759282E-032   7.7505711245548919E-033   1.9922938337883697E-033   9.0343704893179852E-033   1.9292130967842375E-021  -1.9145525186572063E-018   5.0841423742178418E-019  -4.6134898342202533E-018   2.5663288395595511E-032   1.6576308906639996E-032   1.4344121376218641E-032   3.2828693899650438E-033   3.0364834389190758E-034  -2.3799421707951923E-019  -2.7219796540839557E-018  -2.6585100937546209E-018   6.1174871163509477E-017   1.8438014411650987E-017  -1.0033288295264111E-016   3.9445470222800778E-017   1.1888805560348791E-017  -6.4694500725600165E-017  -2.7365368893321843E-032  -1.1955656538898721E-032   1.5910124241625958E-032  -1.1432747419988127E-032   9.5614899469798371E-035   9.7461703489452313E-021   2.8040649969919441E-018   8.4514098423774122E-019  -4.5989459361970264E-018   1.6576308906639996E-032   3.0287588746044559E-032   6.7898557005786788E-033   3.2780996681132520E-032   3.3882554216587823E-032   1.6029832959123849E-019  -3.2493947824878303E-017  -3.1767031157234236E-017  -3.6937535445926518E-017   2.3749622616901616E-017  -4.8422364793375351E-017  -2.3817270503792255E-017   1.5313723002927283E-017  -3.1222672189525041E-017   1.4934879580029261E-032  -7.2124461230581999E-033   5.0373236094351504E-033   2.5145935858470637E-033   3.9061394596956500E-033   1.2151558711789031E-019  -1.6931012399230479E-018   1.0886085120445562E-018  -2.2195299410728388E-018   1.4344121376218641E-032   6.7898557005786788E-033   1.2665714852080633E-032  -1.2394791958478612E-033  -7.3347815701294664E-033  -1.1879461612812547E-019  -2.3351373497379545E-018  -2.2815629047204383E-018   1.3109898366656453E-016   4.1963262720491861E-017  -6.5010986548074683E-017   8.4532438861000083E-017   2.7057852327445290E-017  -4.1918991985824192E-017  -5.7511656401137024E-032  -3.6712387871188066E-033   2.2035096463008244E-032  -2.0108648541687797E-032  -1.1768162785809269E-032   8.5081154074905240E-021   6.0091678862399949E-018   1.9234648788978825E-018  -2.9799005430209092E-018   3.2828693899650438E-033   3.2780996681132520E-032  -1.2394791958478612E-033   4.9584905353517719E-032   5.1518255792480163E-032  -2.2945838519853437E-018   1.5243027034369313E-017   1.4924772411555120E-017   1.5375370349244619E-016  -7.5449275376164797E-018  -6.6171549049471016E-017   9.9140170096088547E-017  -4.8649585827941068E-018  -4.2667321041853910E-017  -6.6226338807836674E-032  -5.5460195579429310E-033   1.4915072819978163E-032  -2.1433089176127230E-032  -5.9899433712704608E-033  -6.0826045205056819E-020   7.0475894745850270E-018  -3.4583590959310842E-019  -3.0330971027372087E-018   3.0364834389190758E-034   3.3882554216587823E-032  -7.3347815701294664E-033   5.1518255792480163E-032   6.0834555277566264E-032
