  0.99970804702800609       -8.9778708047211116E-003  -1.0234122906323067E-002  -1.2873886517365602E-017   5.2354709440490210E-019  -4.8014101970977568E-019  -2.6893269702626306E-016   2.3733119571446813E-017  -9.4175668433985376E-019  -3.8334580688295169E-020  -2.9712984995519447E-020  -1.1885050002344829E-019  -3.5437412543491075E-021   1.0016689465392558E-018   1.7958206867576361E-004  -7.2171557741372271E-018   2.2925623818135736E-018   7.8468330565137512E-019   1.4886011344048927E-019   2.9243009246321594E-020   8.5310659637591921E-019   7.2523279216934373E-021  -2.1623458159790766E-018  -8.9778708047211116E-003  0.20861901403426422       0.26622944921070429        1.7011741420256086E-017  -1.0215375850909882E-016   2.3912548853980089E-017   1.4082617095916018E-016  -3.4557523876399780E-016   4.5947350973503189E-017  -4.5257079249593996E-018  -1.3238653934105857E-018   3.9417031340649196E-017  -7.8925719692452476E-020  -2.3889971179427234E-017   2.6449792381324173E-002   9.9196635172959939E-017  -8.2199590301312137E-017  -1.9418775099799679E-017  -3.4325331656638274E-018  -1.7802025935522692E-019  -2.8841127017334368E-017  -1.9289466169578268E-019   2.9087780557334846E-017  -1.0234122906323067E-002  0.26622944921070429       0.33975058411740894        2.1694698340489614E-017  -1.3036840252695563E-016   3.0516704767678716E-017   1.7939380592892244E-016  -4.4099548389609881E-016   5.8637044166038873E-017  -5.7757738276432446E-018  -1.6895587782979677E-018   5.0304030712712465E-017  -1.0072966231836199E-019  -3.0487252785944297E-017   3.3755552694552500E-002   1.2658631782695970E-016  -1.0490064670046302E-016  -2.4781359666127294E-017  -4.3804306467127833E-018  -2.2715439260852212E-019  -3.6806119875369261E-017  -2.4616407839277997E-019   3.7119297843248433E-017  -1.2873886517365602E-017   1.7011741420256086E-017   2.1694698340489614E-017   1.5347377550366112E-033  -8.2830287815857490E-033   1.9432682669282257E-033   1.4677511735901012E-032  -2.8287439610682374E-032   3.7341732820923862E-033  -3.6621462799781469E-034  -1.0690076557327321E-034   3.1950775719168623E-033  -6.3516367042518072E-036  -1.9477755669771114E-033   2.1408243072547329E-018   8.1247652810345607E-033  -6.6878024283755220E-033  -1.5828754306982705E-033  -2.7991820961207846E-034  -1.4778801423697147E-035  -2.3471214226390341E-033  -1.5716762801631840E-035   2.3830130013229568E-033   5.2354709440490210E-019  -1.0215375850909882E-016  -1.3036840252695563E-016  -8.2830287815857490E-033   5.0036288597339027E-032  -1.1711303183794315E-032  -6.7939174672889857E-032   1.6918230430188711E-031  -2.2502895189540900E-032   2.2169912177009420E-033   6.4858856212879222E-034  -1.9307315827709832E-032   3.8674182330440841E-035   1.1698222837505724E-032  -1.2956686262195661E-017  -4.8561851602950587E-032   4.0255216224094758E-032   9.5089227678332677E-033   1.6807923408982106E-033   8.7086935708818606E-035   1.4124039790101385E-032   9.4458133269996315E-035  -1.4239785296743537E-032  -4.8014101970977568E-019   2.3912548853980089E-017   3.0516704767678716E-017   1.9432682669282257E-033  -1.1711303183794315E-032   2.7412309465096351E-033   1.5997529614890731E-032  -3.9606022248960683E-032   5.2671946123575836E-033  -5.1887851229272970E-034  -1.5179311306985477E-034   4.5189670752545504E-033  -9.0505194798165216E-036  -2.7383560141193112E-033   3.0324799182846795E-018   1.1368601950918780E-032  -9.4226520276133833E-033  -2.2258673527711813E-033  -3.9344681282770472E-034  -2.0393371073987583E-035  -3.3060712718170588E-033  -2.2110751676389025E-035   3.3336301164661358E-033  -2.6893269702626306E-016   1.4082617095916018E-016   1.7939380592892244E-016   1.4677511735901012E-032  -6.7939174672889857E-032   1.5997529614890731E-032   1.6421203059790731E-031  -2.3560808496195165E-031   3.0743888746143080E-032  -2.9937172703701544E-033  -8.7085943308493764E-034   2.6193121334539508E-032  -5.1452366171021241E-035  -1.6119732658518839E-032   1.7508007336601575E-017   6.7737232344781441E-032  -5.5160542168150206E-032  -1.3095033805570203E-032  -2.3173974154184573E-033  -1.2584793567461964E-034  -1.9366832569465772E-032  -1.2993570430128683E-034   1.9874937668310794E-032   2.3733119571446813E-017  -3.4557523876399780E-016  -4.4099548389609881E-016  -2.8287439610682374E-032   1.6918230430188711E-031  -3.9606022248960683E-032  -2.3560808496195165E-031   5.7252038550330413E-031  -7.6102128743610788E-032   7.4947213991879523E-033   2.1922006587372440E-033  -6.5279916804923213E-032   1.3067809602211227E-034   3.9573255768942708E-032  -4.3802121661334249E-017  -1.6434434334059374E-031   1.3615173223957145E-031   3.2166547853102205E-032   5.6859658075150916E-033   2.9508009358972994E-034   4.7771587449640892E-032   3.1951871122269692E-034  -4.8191681890131537E-032  -9.4175668433985376E-019   4.5947350973503189E-017   5.8637044166038873E-017   3.7341732820923862E-033  -2.2502895189540900E-032   5.2671946123575836E-033   3.0743888746143080E-032  -7.6102128743610788E-032   1.0120759846433148E-032  -9.9700731581194313E-034  -2.9166492053171023E-034   8.6830493733611272E-033  -1.7390208489663061E-035  -5.2616805306024317E-033   5.8268073056679516E-018   2.1844534435755008E-032  -1.8105360962383559E-032  -4.2769462050629335E-033  -7.5599800894465928E-034  -3.9185755064349923E-035  -6.3525239367828305E-033  -4.2485223655727228E-035   6.4055024737810215E-033  -3.8334580688295169E-020  -4.5257079249593996E-018  -5.7757738276432446E-018  -3.6621462799781469E-034   2.2169912177009420E-033  -5.1887851229272970E-034  -2.9937172703701544E-033   7.4947213991879523E-033  -9.9700731581194313E-034   9.8233496100641170E-035   2.8739692629630607E-035  -8.5546724117275357E-034   1.7138058200955017E-036   5.1826684417624047E-034  -5.7409993916487594E-019  -2.1512494127707869E-033   1.7834995370233566E-033   4.2127601104681112E-034   7.4463907609008113E-035   3.8568751328200540E-036   6.2575984043011484E-034   4.1848339748963117E-036  -6.3080774462454776E-034  -2.9712984995519447E-020  -1.3238653934105857E-018  -1.6895587782979677E-018  -1.0690076557327321E-034   6.4858856212879222E-034  -1.5179311306985477E-034  -8.7085943308493764E-034   2.1922006587372440E-033  -2.9166492053171023E-034   2.8739692629630607E-035   8.4085733210508222E-036  -2.5027148291646662E-034   5.0145296748986965E-037   1.5160451475325894E-034  -1.6796078367400831E-019  -6.2923142521254732E-034   5.2173442263023860E-034   1.2323309723493368E-034   2.1782248504141867E-035   1.1278181180085497E-036   1.8305518669064505E-034   1.2241719616532538E-036  -1.8450776558702086E-034  -1.1885050002344829E-019   3.9417031340649196E-017   5.0304030712712465E-017   3.1950775719168623E-033  -1.9307315827709832E-032   4.5189670752545504E-033   2.6193121334539508E-032  -6.5279916804923213E-032   8.6830493733611272E-033  -8.5546724117275357E-034  -2.5027148291646662E-034   7.4500487771201074E-033  -1.4923390793727505E-035  -4.5138764118078399E-033   4.9995743617067947E-018   1.8737822183180769E-032  -1.5532974272407437E-032  -3.6691155155798282E-033  -6.4855014282319531E-034  -3.3601553650303350E-035  -5.4499318114772366E-033  -3.6447686022736400E-035   5.4944852785739916E-033  -3.5437412543491075E-021  -7.8925719692452476E-020  -1.0072966231836199E-019  -6.3516367042518072E-036   3.8674182330440841E-035  -9.0505194798165216E-036  -5.1452366171021241E-035   1.3067809602211227E-034  -1.7390208489663061E-035   1.7138058200955017E-036   5.0145296748986965E-037  -1.4923390793727505E-035   2.9907747214714248E-038   9.0383490280228875E-036  -1.0015761401517334E-020  -3.7508058677866311E-035   3.1106778575088581E-035   7.3469558756389097E-036   1.2986040478995342E-036   6.7199569237917788E-038   1.0914004977995863E-035   7.2984093537892256E-038  -1.0998301146940937E-035   1.0016689465392558E-018  -2.3889971179427234E-017  -3.0487252785944297E-017  -1.9477755669771114E-033   1.1698222837505724E-032  -2.7383560141193112E-033  -1.6119732658518839E-032   3.9573255768942708E-032  -5.2616805306024317E-033   5.1826684417624047E-034   1.5160451475325894E-034  -4.5138764118078399E-033   9.0383490280228875E-036   2.7357567162758803E-033  -3.0289283648698769E-018  -1.1359407957076147E-032   9.4131051338946834E-033   2.2237391017115948E-033   3.9307592589036510E-034   2.0385389145095860E-035   3.3027470559794784E-033   2.2089327365822218E-035  -3.3309581979990606E-033   1.7958206867576361E-004   2.6449792381324173E-002   3.3755552694552500E-002   2.1408243072547329E-018  -1.2956686262195661E-017   3.0324799182846795E-018   1.7508007336601575E-017  -4.3802121661334249E-017   5.8268073056679516E-018  -5.7409993916487594E-019  -1.6796078367400831E-019   4.9995743617067947E-018  -1.0015761401517334E-020  -3.0289283648698769E-018   3.3551787060393497E-003   1.2572772012558299E-017  -1.0423328814424831E-017  -2.4620795119542219E-018  -4.3519271652510173E-019  -2.2541863848517829E-020  -3.6571382865549074E-018  -2.4457561213399373E-020   3.6866977473399346E-018  -7.2171557741372271E-018   9.9196635172959939E-017   1.2658631782695970E-016   8.1247652810345607E-033  -4.8561851602950587E-032   1.1368601950918780E-032   6.7737232344781441E-032  -1.6434434334059374E-031   2.1844534435755008E-032  -2.1512494127707869E-033  -6.2923142521254732E-034   1.8737822183180769E-032  -3.7508058677866311E-035  -1.1359407957076147E-032   1.2572772012558299E-017   4.7175886923203358E-032  -3.9081560289386852E-032  -9.2333183007697938E-033  -1.6321448191659196E-033  -8.4710849752225120E-035  -1.3712575157195504E-032  -9.1716739853468103E-035   1.3833688169151704E-032   2.2925623818135736E-018  -8.2199590301312137E-017  -1.0490064670046302E-016  -6.6878024283755220E-033   4.0255216224094758E-032  -9.4226520276133833E-033  -5.5160542168150206E-032   1.3615173223957145E-031  -1.8105360962383559E-032   1.7834995370233566E-033   5.2173442263023860E-034  -1.5532974272407437E-032   3.1106778575088581E-035   9.4131051338946834E-033  -1.0423328814424831E-017  -3.9081560289386852E-032   3.2389646733263221E-032   7.6514052110050053E-033   1.3524775029482492E-033   7.0116253320823715E-035   1.1364398812982409E-032   7.6005223265687623E-035  -1.1459966954552122E-032   7.8468330565137512E-019  -1.9418775099799679E-017  -2.4781359666127294E-017  -1.5828754306982705E-033   9.5089227678332677E-033  -2.2258673527711813E-033  -1.3095033805570203E-032   3.2166547853102205E-032  -4.2769462050629335E-033   4.2127601104681112E-034   1.2323309723493368E-034  -3.6691155155798282E-033   7.3469558756389097E-036   2.2237391017115948E-033  -2.4620795119542219E-018  -9.2333183007697938E-033   7.6514052110050053E-033   1.8075503380691566E-033   3.1950863979676574E-034   1.6569465735710285E-035   2.6846234191197863E-033   1.7955166922140456E-035  -2.7075162684759921E-033   1.4886011344048927E-019  -3.4325331656638274E-018  -4.3804306467127833E-018  -2.7991820961207846E-034   1.6807923408982106E-033  -3.9344681282770472E-034  -2.3173974154184573E-033   5.6859658075150916E-033  -7.5599800894465928E-034   7.4463907609008113E-035   2.1782248504141867E-035  -6.4855014282319531E-034   1.2986040478995342E-036   3.9307592589036510E-034  -4.3519271652510173E-019  -1.6321448191659196E-033   1.3524775029482492E-033   3.1950863979676574E-034   5.6477518408900493E-035   2.9290982500733778E-036   4.7453983509833216E-034   3.1738098121045282E-036  -4.7859965685891786E-034   2.9243009246321594E-020  -1.7802025935522692E-019  -2.2715439260852212E-019  -1.4778801423697147E-035   8.7086935708818606E-035  -2.0393371073987583E-035  -1.2584793567461964E-034   2.9508009358972994E-034  -3.9185755064349923E-035   3.8568751328200540E-036   1.1278181180085497E-036  -3.3601553650303350E-035   6.7199569237917788E-038   2.0385389145095860E-035  -2.2541863848517829E-020  -8.4710849752225120E-035   7.0116253320823715E-035   1.6569465735710285E-035   2.9290982500733778E-036   1.5237560927049320E-037   2.4602534555860657E-035   1.6457959172066546E-037  -2.4841056579350087E-035   8.5310659637591921E-019  -2.8841127017334368E-017  -3.6806119875369261E-017  -2.3471214226390341E-033   1.4124039790101385E-032  -3.3060712718170588E-033  -1.9366832569465772E-032   4.7771587449640892E-032  -6.3525239367828305E-033   6.2575984043011484E-034   1.8305518669064505E-034  -5.4499318114772366E-033   1.0914004977995863E-035   3.3027470559794784E-033  -3.6571382865549074E-018  -1.3712575157195504E-032   1.1364398812982409E-032   2.6846234191197863E-033   4.7453983509833216E-034   2.4602534555860657E-035   3.9873740637024160E-033   2.6667676648183000E-035  -4.0209690892996924E-033   7.2523279216934373E-021  -1.9289466169578268E-019  -2.4616407839277997E-019  -1.5716762801631840E-035   9.4458133269996315E-035  -2.2110751676389025E-035  -1.2993570430128683E-034   3.1951871122269692E-034  -4.2485223655727228E-035   4.1848339748963117E-036   1.2241719616532538E-036  -3.6447686022736400E-035   7.2984093537892256E-038   2.2089327365822218E-035  -2.4457561213399373E-020  -9.1716739853468103E-035   7.6005223265687623E-035   1.7955166922140456E-035   3.1738098121045282E-036   1.6457959172066546E-037   2.6667676648183000E-035   1.7835661019324733E-037  -2.6894376053583906E-035  -2.1623458159790766E-018   2.9087780557334846E-017   3.7119297843248433E-017   2.3830130013229568E-033  -1.4239785296743537E-032   3.3336301164661358E-033   1.9874937668310794E-032  -4.8191681890131537E-032   6.4055024737810215E-033  -6.3080774462454776E-034  -1.8450776558702086E-034   5.4944852785739916E-033  -1.0998301146940937E-035  -3.3309581979990606E-033   3.6866977473399346E-018   1.3833688169151704E-032  -1.1459966954552122E-032  -2.7075162684759921E-033  -4.7859965685891786E-034  -2.4841056579350087E-035  -4.0209690892996924E-033  -2.6894376053583906E-035   4.0565433076574316E-033
