  0.99970804632298016       -8.9778635384133460E-003  -1.0234111863228011E-002  -3.4322982582498838E-018  -2.2810241463894662E-018  -2.4973826024793189E-019  -3.3044323666570215E-016  -2.2688216917514940E-017  -1.1126959183386832E-018  -6.7578346850864027E-020  -6.3922476450871507E-020  -1.1225644210996897E-018  -3.9148722390237821E-020   1.2936974233198727E-018   1.7958361461240739E-004  -1.5496957789357540E-018  -2.0423639006610695E-018  -2.1617705909889526E-019  -3.8183159018492523E-020   8.0535080724361302E-020   1.5655571244195863E-018  -5.6114259479721105E-021  -2.1203413959190226E-018  -8.9778635384133460E-003  0.20861906123754717       0.26622947186963886       -1.2245377214892025E-016   7.5415590803400357E-017   1.2513828782811409E-017  -3.5870821800963012E-016   2.3591607447026424E-016   3.2432480822889851E-017   4.2388928826528928E-019  -3.1035149909672427E-018   5.2711364128312308E-018  -8.9438830598960804E-019  -1.9942630000398108E-017   2.6449773944710903E-002  -9.9846397344448973E-017   6.5047876717039619E-017   8.2249743366913203E-018   2.3784355754873045E-018  -9.5406421313300652E-019  -2.7737593754211396E-017   1.1449941836905818E-018   2.1463856348916551E-017  -1.0234111863228011E-002  0.26622947186963886       0.33975056507675983       -1.5628018194848929E-016   9.6242879403500594E-017   1.5969891440313875E-017  -4.5818923254725336E-016   3.0104924743371534E-016   4.1389096712837298E-017   5.4088645780501568E-019  -3.9607961606820688E-018   6.7256710115560287E-018  -1.1414697542299869E-018  -2.5449278886763018E-017   3.3755524401791547E-002  -1.2742625810358163E-016   8.3011854347764248E-017   1.0496479749388714E-017   3.0353220240150734E-018  -1.2174819069562324E-018  -3.5396909307816280E-017   1.4612391735252334E-018   2.7389662211604846E-017  -3.4322982582498838E-018  -1.2245377214892025E-016  -1.5628018194848929E-016   7.1952844633934818E-032  -4.4275319865488780E-032  -7.3477953591330251E-033   2.1356397986245300E-031  -1.3836722406568692E-031  -1.9039457630216752E-032  -2.4838197979088313E-034   1.8233994033944721E-033  -3.0862152316896840E-033   5.2565792882251148E-034   1.1701994805241126E-032  -1.5536780909937233E-017   5.8658058651963221E-032  -3.8187943830652584E-032  -4.8290382940656228E-033  -1.3966364556880605E-033   5.5966624000182265E-034   1.6277982437570333E-032  -6.7246097511330102E-034  -1.2588285396579058E-032  -2.2810241463894662E-018   7.5415590803400357E-017   9.6242879403500594E-017  -4.4275319865488780E-032   2.7263594659617535E-032   4.5240158358711287E-033  -1.3000649290730597E-031   8.5271336553757421E-032   1.1724583905562791E-032   1.5318795615430476E-034  -1.1221082895612450E-033   1.9046462847290194E-033  -3.2339544630283478E-034  -7.2088213598914347E-033   9.5628398204718936E-018  -3.6100019625650172E-032   2.3515475675149006E-032   2.9734533206232824E-033   8.5986411606601622E-034  -3.4485519894933188E-034  -1.0026754666388322E-032   4.1395644072138079E-034   7.7580085995219534E-033  -2.4973826024793189E-019   1.2513828782811409E-017   1.5969891440313875E-017  -7.3477953591330251E-033   4.5240158358711287E-033   7.5071434294662840E-034  -2.1616748157582865E-032   1.4147593201540405E-032   1.9455152985031198E-033   2.5412364257065375E-035  -1.8621865511558950E-034   3.1592557597176411E-034  -5.3671523313691952E-035  -1.1961150722164061E-033   1.5869469972632462E-018  -5.9908868914798246E-033   3.9020577623164829E-033   4.9340758526068965E-034   1.4268688684818534E-034  -5.7217284614925868E-035  -1.6637074158678379E-033   6.8694075482549942E-035   1.2871445107111952E-033  -3.3044323666570215E-016  -3.5870821800963012E-016  -4.5818923254725336E-016   2.1356397986245300E-031  -1.3000649290730597E-031  -2.1616748157582865E-032   7.3649198319573195E-031  -4.0130505842923206E-031  -5.5863704983888141E-032  -7.1177666457025855E-034   5.4046629280496011E-033  -8.7533864167100847E-033   1.5647199754883358E-033   3.4139457211599394E-032  -4.5934957080528738E-017   1.7370359447899447E-031  -1.1210799489735009E-031  -1.4190048654946509E-032  -4.1117911639227164E-033   1.6267937117567537E-033   4.7564450351830611E-032  -1.9838626666979909E-033  -3.6491661328312528E-032  -2.2688216917514940E-017   2.3591607447026424E-016   3.0104924743371534E-016  -1.3836722406568692E-031   8.5271336553757421E-032   1.4147593201540405E-032  -4.0130505842923206E-031   2.6694204717733636E-031   3.6672597648388738E-032   4.7997247726477997E-034  -3.5071209265884678E-033   5.9720806994676045E-033  -1.0104417168388010E-033  -2.2557510149397230E-032   2.9894095385057718E-017  -1.1283757983610594E-031   7.3549649439337871E-032   9.2994526830529400E-033   2.6888398685505646E-033  -1.0793951058394013E-033  -3.1371617620311316E-032   1.2942646157159885E-033   2.4287331529043138E-032  -1.1126959183386832E-018   3.2432480822889851E-017   4.1389096712837298E-017  -1.9039457630216752E-032   1.1724583905562791E-032   1.9455152985031198E-033  -5.5863704983888141E-032   3.6672597648388738E-032   5.0421209294133739E-033   6.5884996779278128E-035  -4.8253672505416098E-034   8.1921136997657264E-034  -1.3906600226600131E-034  -3.1002116077186090E-033   4.1123262932294412E-018  -1.5524045555125158E-032   1.0112732394586151E-032   1.2787156730579244E-033   3.6977617163809785E-034  -1.4831021004167151E-034  -4.3120556665943866E-033   1.7801624411892119E-034   3.3364899705021396E-033  -6.7578346850864027E-020   4.2388928826528928E-019   5.4088645780501568E-019  -2.4838197979088313E-034   1.5318795615430476E-034   2.5412364257065375E-035  -7.1177666457025855E-034   4.7997247726477997E-034   6.5884996779278128E-035   8.6372869115322992E-037  -6.2962262117563704E-036   1.0754548222380366E-035  -1.8134583816992583E-036  -4.0542567530243972E-035   5.3677754431060226E-020  -2.0258744070782033E-034   1.3213223068408629E-034   1.6705373934128970E-035   4.8295319532826334E-036  -1.9404947615674844E-036  -5.6377873410946522E-035   2.3243372821259097E-036   4.3671099052796722E-035  -6.3922476450871507E-020  -3.1035149909672427E-018  -3.9607961606820688E-018   1.8233994033944721E-033  -1.1221082895612450E-033  -1.8621865511558950E-034   5.4046629280496011E-033  -3.5071209265884678E-033  -4.8253672505416098E-034  -6.2962262117563704E-036   4.6208369828585778E-035  -7.8238888688046853E-035   1.3320682441548886E-035   2.9658986041366515E-034  -3.9373966731677245E-019   1.4865172018632937E-033  -9.6783230520354437E-034  -1.2238580343051366E-034  -3.5395404443414257E-035   1.4185305359509611E-035   4.1256396405226529E-034  -1.7042098942715006E-035  -3.1906991638276635E-034  -1.1225644210996897E-018   5.2711364128312308E-018   6.7256710115560287E-018  -3.0862152316896840E-033   1.9046462847290194E-033   3.1592557597176411E-034  -8.7533864167100847E-033   5.9720806994676045E-033   8.1921136997657264E-034   1.0754548222380366E-035  -7.8238888688046853E-035   1.3398762094398462E-034  -2.2528742071070829E-035  -5.0427680065602517E-034   6.6711996613196982E-019  -2.5175586556106280E-033   1.6428733095838595E-033   2.0769529544222443E-034   6.0037940142305331E-035  -2.4141535718639449E-035  -7.0117360104462475E-034   2.8891204224100294E-035   5.4339559231131103E-034  -3.9148722390237821E-020  -8.9438830598960804E-019  -1.1414697542299869E-018   5.2565792882251148E-034  -3.2339544630283478E-034  -5.3671523313691952E-035   1.5647199754883358E-033  -1.0104417168388010E-033  -1.3906600226600131E-034  -1.8134583816992583E-036   1.3320682441548886E-035  -2.2528742071070829E-035   3.8404390791088625E-036   8.5463892370761418E-035  -1.1349743295421035E-019   4.2851410527927452E-034  -2.7893102631974920E-034  -3.5272683035469235E-035  -1.0201776606493499E-035   4.0871818209860249E-036   1.1888727715103564E-034  -4.9121930055225222E-036  -9.1926532820463821E-035   1.2936974233198727E-018  -1.9942630000398108E-017  -2.5449278886763018E-017   1.1701994805241126E-032  -7.2088213598914347E-033  -1.1961150722164061E-033   3.4139457211599394E-032  -2.2557510149397230E-032  -3.1002116077186090E-033  -4.0542567530243972E-035   2.9658986041366515E-034  -5.0427680065602517E-034   8.5463892370761418E-035   1.9065759257925443E-033  -2.5278526707775156E-018   9.5421206492839094E-033  -6.2178255227598595E-033  -7.8619419178928128E-034  -2.2733506002901503E-034   9.1219557474224942E-035   2.6516962218846249E-033  -1.0943499524021189E-034  -2.0523270010080232E-033   1.7958361461240739E-004   2.6449773944710903E-002   3.3755524401791547E-002  -1.5536780909937233E-017   9.5628398204718936E-018   1.5869469972632462E-018  -4.5934957080528738E-017   2.9894095385057718E-017   4.1123262932294412E-018   5.3677754431060226E-020  -3.9373966731677245E-019   6.6711996613196982E-019  -1.1349743295421035E-019  -2.5278526707775156E-018   3.3551732711725032E-003  -1.2666738557280564E-017   8.2480952256424047E-018   1.0429853170784781E-018   3.0163465206006394E-019  -1.2090899989029290E-019  -3.5162212487054105E-018   1.4522570208218706E-019   2.7197176050493675E-018  -1.5496957789357540E-018  -9.9846397344448973E-017  -1.2742625810358163E-016   5.8658058651963221E-032  -3.6100019625650172E-032  -5.9908868914798246E-033   1.7370359447899447E-031  -1.1283757983610594E-031  -1.5524045555125158E-032  -2.0258744070782033E-034   1.4865172018632937E-033  -2.5175586556106280E-033   4.2851410527927452E-034   9.5421206492839094E-033  -1.2666738557280564E-017   4.7821320402833570E-032  -3.1136752279359489E-032  -3.9373306478883080E-033  -1.1387096953009105E-033   4.5639018219861899E-034   1.3273211483433673E-032  -5.4825688363166837E-034  -1.0265735871482201E-032  -2.0423639006610695E-018   6.5047876717039619E-017   8.3011854347764248E-017  -3.8187943830652584E-032   2.3515475675149006E-032   3.9020577623164829E-033  -1.1210799489735009E-031   7.3549649439337871E-032   1.0112732394586151E-032   1.3213223068408629E-034  -9.6783230520354437E-034   1.6428733095838595E-033  -2.7893102631974920E-034  -6.2178255227598595E-033   8.2480952256424047E-018  -3.1136752279359489E-032   2.0282642706172519E-032   2.5646692404371532E-033   7.4164999015709432E-034  -2.9744939258586403E-034  -8.6483603338461251E-033   3.5704474841778212E-034   6.6915706368043471E-033  -2.1617705909889526E-019   8.2249743366913203E-018   1.0496479749388714E-017  -4.8290382940656228E-033   2.9734533206232824E-033   4.9340758526068965E-034  -1.4190048654946509E-032   9.2994526830529400E-033   1.2787156730579244E-033   1.6705373934128970E-035  -1.2238580343051366E-034   2.0769529544222443E-034  -3.5272683035469235E-035  -7.8619419178928128E-034   1.0429853170784781E-018  -3.9373306478883080E-033   2.5646692404371532E-033   3.2429522762789476E-034   9.3780583965032832E-035  -3.7609306252989716E-035  -1.0935256774707126E-033   4.5148337002373253E-035   8.4606481630064225E-034  -3.8183159018492523E-020   2.3784355754873045E-018   3.0353220240150734E-018  -1.3966364556880605E-033   8.5986411606601622E-034   1.4268688684818534E-034  -4.1117911639227164E-033   2.6888398685505646E-033   3.6977617163809785E-034   4.8295319532826334E-036  -3.5395404443414257E-035   6.0037940142305331E-035  -1.0201776606493499E-035  -2.2733506002901503E-034   3.0163465206006394E-019  -1.1387096953009105E-033   7.4164999015709432E-034   9.3780583965032832E-035   2.7120318936053518E-035  -1.0874612278146204E-035  -3.1620839184230587E-034   1.3056716015660448E-035   2.4462946076342046E-034   8.0535080724361302E-020  -9.5406421313300652E-019  -1.2174819069562324E-018   5.5966624000182265E-034  -3.4485519894933188E-034  -5.7217284614925868E-035   1.6267937117567537E-033  -1.0793951058394013E-033  -1.4831021004167151E-034  -1.9404947615674844E-036   1.4185305359509611E-035  -2.4141535718639449E-035   4.0871818209860249E-036   9.1219557474224942E-035  -1.2090899989029290E-019   4.5639018219861899E-034  -2.9744939258586403E-034  -3.7609306252989716E-035  -1.0874612278146204E-035   4.3647203671494808E-036   1.2686525454744107E-034  -5.2346038206423500E-036  -9.8206554245637972E-035   1.5655571244195863E-018  -2.7737593754211396E-017  -3.5396909307816280E-017   1.6277982437570333E-032  -1.0026754666388322E-032  -1.6637074158678379E-033   4.7564450351830611E-032  -3.1371617620311316E-032  -4.3120556665943866E-033  -5.6377873410946522E-035   4.1256396405226529E-034  -7.0117360104462475E-034   1.1888727715103564E-034   2.6516962218846249E-033  -3.5162212487054105E-018   1.3273211483433673E-032  -8.6483603338461251E-033  -1.0935256774707126E-033  -3.1620839184230587E-034   1.2686525454744107E-034   3.6880761173767641E-033  -1.5222000145574945E-034  -2.8542388422497665E-033  -5.6114259479721105E-021   1.1449941836905818E-018   1.4612391735252334E-018  -6.7246097511330102E-034   4.1395644072138079E-034   6.8694075482549942E-035  -1.9838626666979909E-033   1.2942646157159885E-033   1.7801624411892119E-034   2.3243372821259097E-036  -1.7042098942715006E-035   2.8891204224100294E-035  -4.9121930055225222E-036  -1.0943499524021189E-034   1.4522570208218706E-019  -5.4825688363166837E-034   3.5704474841778212E-034   4.5148337002373253E-035   1.3056716015660448E-035  -5.2346038206423500E-036  -1.5222000145574945E-034   6.2861450327133358E-036   1.1775090399530179E-034  -2.1203413959190226E-018   2.1463856348916551E-017   2.7389662211604846E-017  -1.2588285396579058E-032   7.7580085995219534E-033   1.2871445107111952E-033  -3.6491661328312528E-032   2.4287331529043138E-032   3.3364899705021396E-033   4.3671099052796722E-035  -3.1906991638276635E-034   5.4339559231131103E-034  -9.1926532820463821E-035  -2.0523270010080232E-033   2.7197176050493675E-018  -1.0265735871482201E-032   6.6915706368043471E-033   8.4606481630064225E-034   2.4462946076342046E-034  -9.8206554245637972E-035  -2.8542388422497665E-033   1.1775090399530179E-034   2.2097504707348615E-033
