  0.99998459347933100        2.7882632647211950E-005  -6.1488924817218633E-007   4.7479423729866656E-004   1.4932981458093989E-016   5.2064695380898401E-017   2.9491662554257652E-017  -1.3305357497004681E-017  -1.1186362949381958E-017   9.7764949640421490E-017   2.5329626662493176E-017   1.3852945942100488E-017  -1.1561382585500610E-016  -1.2296960878289031E-018   7.6316810103085809E-018   1.0688222810751832E-016  -1.9981126390340741E-017   4.2820913806599199E-017  -1.2173963652940291E-004  -3.6423601302008780E-017  -6.8576637718143688E-018  -2.9357421877347091E-016   1.2457630573677622E-018  -4.5651647116481520E-018  -5.9413662136757367E-017   1.4011805631586600E-017  -2.0014767990528498E-017   2.7882632647211950E-005   1.0031490422111571        2.3055680472575924E-003  -8.3946536473064638E-003  -9.5281617568243491E-017  -1.2319764556554875E-017   1.2743016946841892E-017  -1.0121850632549382E-017   3.2627585154969170E-018   2.2955949975131122E-018   8.1988707476850341E-018  -1.2442509852562521E-018  -6.8180273095691962E-018  -3.0311150202828461E-018   3.6246499960366274E-018  -2.0247461364900007E-017  -4.6505184911087667E-018  -6.0567840148451228E-018   2.5234414514929459E-003  -2.4361514807828926E-018   1.5281039635465454E-019   4.2471149259979580E-017   2.2707373160394915E-018  -2.4886345941010061E-018   1.5769469450413930E-017   3.3531760562427143E-018   8.5034176569417606E-018  -6.1488924817218633E-007   2.3055680472575924E-003  0.37939122944090969       0.26087010850906933       -3.1691502062232767E-016  -7.5207230217736370E-017   1.7808541062288524E-017  -1.9206366642257650E-016   6.8079527590342286E-017  -9.4117179487608094E-016   2.3080137913827248E-017  -5.4216775287110547E-017  -4.1030727141499514E-016   6.6686698029353597E-018   1.8122318272998260E-017   5.8215083972654558E-017   6.0495343120095738E-018   5.8996561817355630E-018   3.5330343979772128E-003  -2.2656049446356950E-017   3.4007766286981582E-017  -5.7243698026489500E-016  -1.8151536983135196E-018  -5.6292063116212299E-018  -8.1223792112810612E-017  -5.5683637106144982E-019  -1.6838870118165126E-017   4.7479423729866656E-004  -8.3946536473064638E-003  0.26087010850906933       0.17947428190167589        1.5859476864621850E-016   1.9686276068678624E-017  -8.7959286722826423E-017  -1.3096216791379604E-016   4.6971197106218979E-017  -6.4745617383392422E-016   1.4480896617781578E-017  -3.7514524508455640E-017  -2.8178788980462151E-016   4.6153640358282727E-018   1.2429603108075174E-017   4.0284579121497107E-017   4.1968026647349172E-018   4.1375902479296030E-018   2.4043714927474043E-003  -1.5146248768422935E-017   2.3462019009731677E-017  -3.9431916092923700E-016  -1.2702114977875138E-018  -3.8484048150322577E-018  -5.6039678350874941E-017  -4.0961278665676539E-019  -1.1673571972728281E-017   1.4932981458093989E-016  -9.5281617568243491E-017  -3.1691502062232767E-016   1.5859476864621850E-016   1.0006884267543019        4.9960036108132044E-016  -3.4694469519536154E-017   2.7139430847797608E-003   1.1722935989999541E-017   3.0756105127982513E-016  -3.5201242325588592E-003  -5.0144350477456602E-019  -1.5761589082508036E-016   2.8439639104423732E-017  -5.1553397713142826E-017   4.2576266040237226E-016  -2.1058732237193800E-017  -5.7024182907942172E-017   1.5737525269251033E-016   1.1367018112664609E-003  -3.1797616839926422E-017  -6.5435666867647033E-016  -3.6742866638882195E-016   3.7788044712599422E-017  -3.6231790781524166E-016  -1.2059427759747161E-017   1.5134309985055510E-017   5.2064695380898401E-017  -1.2319764556554875E-017  -7.5207230217736370E-017   1.9686276068678624E-017   4.9960036108132044E-016   1.0006884267542999       -7.6865314089794292E-033   1.5471565001368146E-016   2.7139430847797769E-003   1.2641797331180964E-016  -1.0327025692924430E-016  -3.5201242325588731E-003  -1.4918621893400548E-016  -4.1518734602214054E-017   3.1506562942248849E-017  -3.5579210544863747E-017   6.6739241305139563E-018   2.5939223516363046E-016   8.9156644406817044E-017   7.3624103775343785E-017   1.1367018112667122E-003   1.4127154307486113E-016   2.9103522034000476E-017  -8.1622478908871489E-017  -4.4367715383522453E-017   1.1799512173063119E-016  -2.1425300647143491E-016   2.9491662554257652E-017   1.2743016946841892E-017   1.7808541062288524E-017  -8.7959286722826423E-017  -3.4694469519536154E-017  -7.6865314089794292E-033   1.0006884267543006        7.1042347352112703E-017   3.6862873864507145E-017   2.7139430847780872E-003  -8.9229838795557015E-017  -9.2374025095764978E-017  -3.5201242325573522E-003  -4.1791115922823409E-017   5.0435442613638099E-018   2.8618550684329340E-017  -1.5721517272184418E-016  -4.4977577259719709E-017   1.0757433535399310E-017  -3.2702248027594027E-017   3.9736009621593731E-017   1.1367018112658691E-003  -5.1996128994512918E-017   1.4505029399022961E-017  -3.5102311544755458E-017   2.4394033258395607E-017   3.2570412744697483E-017  -1.3305357497004681E-017  -1.0121850632549382E-017  -1.9206366642257650E-016  -1.3096216791379604E-016   2.7139430847797608E-003   1.5471565001368146E-016   7.1042347352112703E-017   7.3604199574023086E-006   4.4797454997908362E-019   1.0271333276647193E-018  -9.5468445153352620E-006  -5.4077759726263983E-019  -6.7752047868482722E-019   7.7130463206627064E-020  -1.3981673364035167E-019   1.1547007011005693E-018  -5.7112882692912522E-020  -1.5465391897271433E-019  -1.3737846060764109E-018   3.0828217231902526E-006   8.8237010302239379E-020  -1.6938806060511009E-018  -9.9649447483879825E-019   1.0248404987327706E-019  -9.8263370907200956E-019  -3.2706084831120785E-020   4.1045399175899179E-020  -1.1186362949381958E-017   3.2627585154969170E-018   6.8079527590342286E-017   4.6971197106218979E-017   1.1722935989999541E-017   2.7139430847797769E-003   3.6862873864507145E-017   4.4797454997908362E-019   7.3604199574024137E-006   4.4299823141382921E-019  -3.1718736896712993E-019  -9.5468445153353738E-006  -5.3447778971753757E-019  -1.1260196445756641E-019   8.5448193799579652E-020  -9.6493523696812345E-020   1.8100189587578530E-020   7.0349146052505601E-019   8.8624722243981076E-019   2.1159941813596091E-019   3.0828217231909590E-006   4.2478702304792829E-019   7.8930964179421558E-020  -2.2136636766731065E-019  -1.2032861691341600E-019   3.2001174001507858E-019  -5.8107044086880220E-019   9.7764949640421490E-017   2.2955949975131122E-018  -9.4117179487608094E-016  -6.4745617383392422E-016   3.0756105127982513E-016   1.2641797331180964E-016   2.7139430847780872E-003   1.0271333276647193E-018   4.4299823141382921E-019   7.3604199573932411E-006  -1.3244418921505587E-018  -6.9499053322201765E-019  -9.5468445153252992E-006  -1.1334068330518118E-019   1.3678475442391831E-020   7.7615685011983499E-020  -4.2637949977553344E-019  -1.2198260868270717E-019  -8.7278148512462797E-018   2.6080673841557435E-019   2.5135702709762884E-019   3.0828217231867509E-006  -1.4101745453146962E-019   3.9338742389254753E-020  -9.5200137354967951E-020   6.6158472608915761E-020   8.8333435336672232E-020   2.5329626662493176E-017   8.1988707476850341E-018   2.3080137913827248E-017   1.4480896617781578E-017  -3.5201242325588592E-003  -1.0327025692924430E-016  -8.9229838795557015E-017  -9.5468445153352620E-006  -3.1718736896712993E-019  -1.3244418921505587E-018   1.2382749996258845E-005   3.5951254655024402E-019   8.6884404564607546E-019  -1.0004219105582044E-019   1.8134951870022320E-019  -1.4977063970472956E-018   7.4078356132850941E-020   2.0059411374143994E-019  -3.3291884218270910E-019  -3.9985788623645781E-006  -3.6263598054305399E-021   2.2003533689502247E-018   1.2925047574369966E-018  -1.3292710132091123E-019   1.2745266289600145E-018   4.2421479806209495E-020  -5.3238000857298279E-020   1.3852945942100488E-017  -1.2442509852562521E-018  -5.4216775287110547E-017  -3.7514524508455640E-017  -5.0144350477456602E-019  -3.5201242325588731E-003  -9.2374025095764978E-017  -5.4077759726263983E-019  -9.5468445153353738E-006  -6.9499053322201765E-019   3.5951254655024402E-019   1.2382749996258961E-005   8.4957404609612237E-019   1.4605055866637077E-019  -1.1083071686696513E-019   1.2515707973210243E-019  -2.3476879945806047E-020  -9.1246472760626231E-019  -8.2507262270975077E-019  -2.5760389508371091E-019  -3.9985788623654853E-006  -6.0181690902409777E-019  -1.0237753373143155E-019   2.8712360235898859E-019   1.5607242563141296E-019  -4.1507174083638525E-019   7.5367834764003819E-019  -1.1561382585500610E-016  -6.8180273095691962E-018  -4.1030727141499514E-016  -2.8178788980462151E-016  -1.5761589082508036E-016  -1.4918621893400548E-016  -3.5201242325573522E-003  -6.7752047868482722E-019  -5.3447778971753757E-019  -9.5468445153252992E-006   8.6884404564607546E-019   8.4957404609612237E-019   1.2382749996248252E-005   1.4700871513292585E-019  -1.7741688519376190E-020  -1.0067154877714055E-019   5.5303621429783165E-019   1.5821773830956160E-019  -3.8547998306525190E-018  -6.4136275974887624E-020  -3.0895526751104298E-019  -3.9985788623607894E-006   1.8290691565853236E-019  -5.1024378933865030E-020   1.2347949090248513E-019  -8.5810953046815603E-020  -1.1457302403188964E-019  -1.2296960878289031E-018  -3.0311150202828461E-018   6.6686698029353597E-018   4.6153640358282727E-018   2.8439639104423732E-017  -4.1518734602214054E-017  -4.1791115922823409E-017   7.7130463206627064E-020  -1.1260196445756641E-019  -1.1334068330518118E-019  -1.0004219105582044E-019   1.4605055866637077E-019   1.4700871513292585E-019   4.4043065087837237E-033  -2.6845987500960944E-033   1.3336135519823786E-032   5.8355406014992658E-033  -1.0434787584470531E-032   5.4589804978883379E-020   3.2305149552507244E-020  -4.7161953273422131E-020  -4.7471356612374685E-020  -9.5188027354045532E-033   3.7688880446448230E-033  -8.3947575289061590E-033  -6.2944148828486928E-033   7.6615727420951231E-033   7.6316810103085809E-018   3.6246499960366274E-018   1.8122318272998260E-017   1.2429603108075174E-017  -5.1553397713142826E-017   3.1506562942248849E-017   5.0435442613638099E-018  -1.3981673364035167E-019   8.5448193799579652E-020   1.3678475442391831E-020   1.8134951870022320E-019  -1.1083071686696513E-019  -1.7741688519376190E-020  -2.6845987500960944E-033   4.6095262953707963E-033  -1.9386104798689789E-032   6.2270943350399195E-034   1.1465274206329913E-032   1.7659804756507804E-019  -5.8560525924676356E-020   3.5788929106941409E-020   5.7290618576407160E-021   1.9514218520663988E-032  -4.7558582588856612E-033   1.2815779581002550E-032   4.5513828204059399E-033  -8.2882012504853308E-033   1.0688222810751832E-016  -2.0247461364900007E-017   5.8215083972654558E-017   4.0284579121497107E-017   4.2576266040237226E-016  -3.5579210544863747E-017   2.8618550684329340E-017   1.1547007011005693E-018  -9.6493523696812345E-020   7.7615685011983499E-020  -1.4977063970472956E-018   1.2515707973210243E-019  -1.0067154877714055E-019   1.3336135519823786E-032  -1.9386104798689789E-032   2.0401253724861832E-031  -1.4804453740160226E-032  -2.9163694745982471E-032   4.7771932770045763E-019   4.8363224187444352E-019  -4.0415130212877350E-020   3.2508378760599650E-020  -1.5904382100717261E-031   1.8093265339048970E-032  -1.7272942788833015E-031  -7.2853060021946982E-033   1.0088530101933520E-032  -1.9981126390340741E-017  -4.6505184911087667E-018   6.0495343120095738E-018   4.1968026647349172E-018  -2.1058732237193800E-017   6.6739241305139563E-018  -1.5721517272184418E-016  -5.7112882692912522E-020   1.8100189587578530E-020  -4.2637949977553344E-019   7.4078356132850941E-020  -2.3476879945806047E-020   5.5303621429783165E-019   5.8355406014992658E-033   6.2270943350399195E-034  -1.4804453740160226E-032   2.5704892387003086E-032   9.2632169714003437E-033   4.7078546498438819E-020  -2.3921031199119627E-020   7.5810426548178887E-021  -1.7858382970513101E-019   1.6030820756860201E-032  -3.6055046658670852E-033   1.2659661710072455E-032  -3.0962785533766292E-033  -6.7732423388792608E-033   4.2820913806599199E-017  -6.0567840148451228E-018   5.8996561817355630E-018   4.1375902479296030E-018  -5.7024182907942172E-017   2.5939223516363046E-016  -4.4977577259719709E-017  -1.5465391897271433E-019   7.0349146052505601E-019  -1.2198260868270717E-019   2.0059411374143994E-019  -9.1246472760626231E-019   1.5821773830956160E-019  -1.0434787584470531E-032   1.1465274206329913E-032  -2.9163694745982471E-032   9.2632169714003437E-033   7.4471574316999815E-032   3.4528028058761903E-020  -6.4774899223796442E-020   2.9464877943613431E-019  -5.1090921180379338E-020   3.0830248553589038E-032  -2.4231088554989248E-032   6.8176226122818423E-033   3.0747699054711220E-032  -5.9034887797536878E-032  -1.2173963652940291E-004   2.5234414514929459E-003   3.5330343979772128E-003   2.4043714927474043E-003   1.5737525269251033E-016   8.9156644406817044E-017   1.0757433535399310E-017  -1.3737846060764109E-018   8.8624722243981076E-019  -8.7278148512462797E-018  -3.3291884218270910E-019  -8.2507262270975077E-019  -3.8547998306525190E-018   5.4589804978883379E-020   1.7659804756507804E-019   4.7771932770045763E-019   4.7078546498438819E-020   3.4528028058761903E-020   3.9156082823590138E-005  -2.9874651938458530E-020   4.1950529374607764E-019  -5.1683847376613968E-018  -1.1364053137080105E-020  -5.7986951418958727E-020  -7.0858709038876876E-019   1.4795985249065550E-021  -1.3290793718582650E-019  -3.6423601302008780E-017  -2.4361514807828926E-018  -2.2656049446356950E-017  -1.5146248768422935E-017   1.1367018112664609E-003   7.3624103775343785E-017  -3.2702248027594027E-017   3.0828217231902526E-006   2.1159941813596091E-019   2.6080673841557435E-019  -3.9985788623645781E-006  -2.5760389508371091E-019  -6.4136275974887624E-020   3.2305149552507244E-020  -5.8560525924676356E-020   4.8363224187444352E-019  -2.3921031199119627E-020  -6.4774899223796442E-020  -2.9874651938458530E-020   1.2912021096589526E-006   4.6834966282750435E-020  -7.8038204221719417E-019  -4.1736950226360233E-019   4.2924188709109783E-020  -4.1156409033695713E-019  -1.3698542933883664E-020   1.7191362578323854E-020  -6.8576637718143688E-018   1.5281039635465454E-019   3.4007766286981582E-017   2.3462019009731677E-017  -3.1797616839926422E-017   1.1367018112667122E-003   3.9736009621593731E-017   8.8237010302239379E-020   3.0828217231909590E-006   2.5135702709762884E-019  -3.6263598054305399E-021  -3.9985788623654853E-006  -3.0895526751104298E-019  -4.7161953273422131E-020   3.5788929106941409E-020  -4.0415130212877350E-020   7.5810426548178887E-021   2.9464877943613431E-019   4.1950529374607764E-019   4.6834966282750435E-020   1.2912021096595258E-006   2.0556430838672645E-019   3.3059267326193731E-020  -9.2716591033959085E-020  -5.0398166991687772E-020   1.3403299669096483E-019  -2.4337423519060675E-019  -2.9357421877347091E-016   4.2471149259979580E-017  -5.7243698026489500E-016  -3.9431916092923700E-016  -6.5435666867647033E-016   1.4127154307486113E-016   1.1367018112658691E-003  -1.6938806060511009E-018   4.2478702304792829E-019   3.0828217231867509E-006   2.2003533689502247E-018  -6.0181690902409777E-019  -3.9985788623607894E-006  -4.7471356612374685E-020   5.7290618576407160E-021   3.2508378760599650E-020  -1.7858382970513101E-019  -5.1090921180379338E-020  -5.1683847376613968E-018  -7.8038204221719417E-019   2.0556430838672645E-019   1.2912021096576099E-006  -5.9063433159042063E-020   1.6476550292267781E-020  -3.9873411189122882E-020   2.7709665713689543E-020   3.6997377176278990E-020   1.2457630573677622E-018   2.2707373160394915E-018  -1.8151536983135196E-018  -1.2702114977875138E-018  -3.6742866638882195E-016   2.9103522034000476E-017  -5.1996128994512918E-017  -9.9649447483879825E-019   7.8930964179421558E-020  -1.4101745453146962E-019   1.2925047574369966E-018  -1.0237753373143155E-019   1.8290691565853236E-019  -9.5188027354045532E-033   1.9514218520663988E-032  -1.5904382100717261E-031   1.6030820756860201E-032   3.0830248553589038E-032  -1.1364053137080105E-020  -4.1736950226360233E-019   3.3059267326193731E-020  -5.9063433159042063E-020   1.3847454472021323E-031  -1.6986750413435555E-032   1.3391954665331512E-031   6.6198732792492689E-033  -1.3405345896259796E-032  -4.5651647116481520E-018  -2.4886345941010061E-018  -5.6292063116212299E-018  -3.8484048150322577E-018   3.7788044712599422E-017  -8.1622478908871489E-017   1.4505029399022961E-017   1.0248404987327706E-019  -2.2136636766731065E-019   3.9338742389254753E-020  -1.3292710132091123E-019   2.8712360235898859E-019  -5.1024378933865030E-020   3.7688880446448230E-033  -4.7558582588856612E-033   1.8093265339048970E-032  -3.6055046658670852E-033  -2.4231088554989248E-032  -5.7986951418958727E-020   4.2924188709109783E-020  -9.2716591033959085E-020   1.6476550292267781E-020  -1.6986750413435555E-032   8.4052199408601786E-033  -9.1351641738050859E-033  -9.7901411321960249E-033   1.8839605239690153E-032  -5.9413662136757367E-017   1.5769469450413930E-017  -8.1223792112810612E-017  -5.6039678350874941E-017  -3.6231790781524166E-016  -4.4367715383522453E-017  -3.5102311544755458E-017  -9.8263370907200956E-019  -1.2032861691341600E-019  -9.5200137354967951E-020   1.2745266289600145E-018   1.5607242563141296E-019   1.2347949090248513E-019  -8.3947575289061590E-033   1.2815779581002550E-032  -1.7272942788833015E-031   1.2659661710072455E-032   6.8176226122818423E-033  -7.0858709038876876E-019  -4.1156409033695713E-019  -5.0398166991687772E-020  -3.9873411189122882E-020   1.3391954665331512E-031  -9.1351641738050859E-033   1.5556537345481846E-031  -2.3798073079080833E-033   7.8109526526442276E-033   1.4011805631586600E-017   3.3531760562427143E-018  -5.5683637106144982E-019  -4.0961278665676539E-019  -1.2059427759747161E-017   1.1799512173063119E-016   2.4394033258395607E-017  -3.2706084831120785E-020   3.2001174001507858E-019   6.6158472608915761E-020   4.2421479806209495E-020  -4.1507174083638525E-019  -8.5810953046815603E-020  -6.2944148828486928E-033   4.5513828204059399E-033  -7.2853060021946982E-033  -3.0962785533766292E-033   3.0747699054711220E-032   1.4795985249065550E-021  -1.3698542933883664E-020   1.3403299669096483E-019   2.7709665713689543E-020   6.6198732792492689E-033  -9.7901411321960249E-033  -2.3798073079080833E-033   1.4861639353301082E-032  -2.4878765182959017E-032  -2.0014767990528498E-017   8.5034176569417606E-018  -1.6838870118165126E-017  -1.1673571972728281E-017   1.5134309985055510E-017  -2.1425300647143491E-016   3.2570412744697483E-017   4.1045399175899179E-020  -5.8107044086880220E-019   8.8333435336672232E-020  -5.3238000857298279E-020   7.5367834764003819E-019  -1.1457302403188964E-019   7.6615727420951231E-033  -8.2882012504853308E-033   1.0088530101933520E-032  -6.7732423388792608E-033  -5.9034887797536878E-032  -1.3290793718582650E-019   1.7191362578323854E-020  -2.4337423519060675E-019   3.6997377176278990E-020  -1.3405345896259796E-032   1.8839605239690153E-032   7.8109526526442276E-033  -2.4878765182959017E-032   4.8383572781433089E-032
