  0.99998422635134232        4.9434359097968552E-005  -9.2171866013150157E-005   4.2133768212949046E-004   4.0096775360348157E-017   1.3562840743284476E-017   3.1303059586894512E-017   1.3364040926484002E-018  -9.6210202194662739E-018   1.6261424184689618E-016   5.6431865634880539E-018   1.7447109592086197E-017  -1.3607439946193970E-016   2.7096956472924673E-017  -2.4310787067248078E-017   1.3661606774242123E-016   1.2098953516428598E-016   1.4277276056893454E-016  -1.2315838599854370E-004  -3.5248844625581464E-018  -8.7955710610358075E-018   1.1322392141765464E-016  -1.5816819426545090E-017   1.3231260002318899E-017  -1.0720700979795854E-016  -9.4884907942135933E-017  -4.8361756364530712E-017   4.9434359097968552E-005   1.0035968562227808        2.1689767714284766E-003  -9.8135048542881565E-003   1.8262099602432407E-016   1.3571853262029415E-016   4.8995632712970939E-018   1.9181989481817699E-017   6.3670758515466590E-019  -2.5728778263810485E-018  -2.2103013194103406E-017  -1.8091247971596816E-018  -5.1754339908394981E-018   3.0186670624579488E-018  -9.5254729123792995E-018  -1.1943240953212307E-017   1.7515599071782724E-018  -9.1445190008337575E-018   2.6276756057740593E-003   9.6489332607588709E-018   2.0625730710840925E-019  -3.5849267866769464E-016  -1.7025680979972354E-018   5.5955840904012964E-018   1.1671200854101312E-017  -1.0391038260491632E-018   1.0586592825838482E-017  -9.2171866013150157E-005   2.1689767714284766E-003   4.6961151066573266E-006  -2.1247904144637643E-005   3.8120595135154693E-016   4.7837727659807274E-016  -1.2661043196683848E-017  -7.2207996459691590E-019  -9.5614492156003155E-019   4.8302100459712823E-021  -7.9694736945222663E-019  -9.4540428552199098E-019   2.6277703182870160E-020   4.0234552733275416E-021  -1.8343122853800593E-020  -3.8418777787228223E-020  -7.3794487088443105E-021  -3.2938298726907808E-020   5.6903180369405913E-006   2.4422261829641978E-019   2.8127276411762960E-019  -7.9264559276509248E-019  -2.2200247988401115E-021   1.0872237083866691E-020   3.5116970049891275E-020   6.5102751693897319E-021   2.7342657366994070E-020   4.2133768212949046E-004  -9.8135048542881565E-003  -2.1247904144637643E-005   9.6137660014390219E-005  -5.0763447388600298E-016  -5.8252556721274067E-016  -1.3714440786538091E-018   8.2709520272916378E-019   1.1548451879076550E-018   9.6433442841610561E-020   1.2130104570710642E-018   1.1676594856145811E-018  -4.1647848531911324E-021  -1.8087348831125457E-020   8.2888485758640357E-020   1.7441368711706756E-019   3.3909366597237200E-020   1.4964385579060197E-019  -2.5746294870185002E-005  -3.9212397902036002E-019  -3.4613937714734484E-019   3.5524465104885036E-018   9.9763412882787812E-021  -4.9134291882565217E-020  -1.5934802668868096E-019  -2.9864359183356579E-020  -1.2391978579319473E-019   4.0096775360348157E-017   1.8262099602432407E-016   3.8120595135154693E-016  -5.0763447388600298E-016  0.99989845073765382        3.4694469519536142E-018  -1.8648277366750676E-017  -2.0044784026018226E-003  -1.1090710598168907E-016  -1.2553282388192907E-016  -1.9657351875209429E-003   4.6729113634125241E-017   1.4847132312652278E-016   4.5915913575314247E-016  -1.3598774281409486E-016   7.6999227105724655E-017  -5.3559860016356846E-016  -4.3090387237189590E-017   9.0876164072013660E-017   5.8564226628565958E-004  -3.5265369725985540E-017  -1.1616072195791546E-016  -5.5013327122860691E-016   1.0142517198840700E-016  -1.2842837480389275E-016   3.3125047446067949E-016   8.1909150204518064E-018   1.3562840743284476E-017   1.3571853262029415E-016   4.7837727659807274E-016  -5.8252556721274067E-016   3.4694469519536142E-018  0.99989845073765249        1.7118197050830508E-016  -7.2858385991025898E-017  -2.0044784026015980E-003   1.0383499629449140E-016  -1.3675177526831228E-016  -1.9657351875211615E-003  -8.5911124003545264E-017  -2.8765865727493603E-016  -2.3016576732823488E-016  -2.6333375778038187E-016  -2.1291270776722522E-016   1.2869240177187597E-016   1.9787121692496418E-016   1.7493602053053614E-016   5.8564226628641722E-004   8.7044679080098132E-018   2.3357061344654863E-016   2.1550132189464107E-016   1.9150053469609583E-016   1.8762700140856449E-016   2.8075120778235136E-017   3.1303059586894512E-017   4.8995632712970939E-018  -1.2661043196683848E-017  -1.3714440786538091E-018  -1.8648277366750676E-017   1.7118197050830508E-016  0.99989845073765371        1.1656867420113681E-017   9.0826337082453761E-017  -2.0044784026029172E-003  -6.0739038581711369E-017  -5.2391502416740637E-017  -1.9657351875200500E-003  -2.0332247692881564E-016  -1.0390562089102209E-016  -1.3690541347764698E-016  -3.3811625957592937E-016   2.1200696102143877E-017   6.0495422210674314E-018   5.4604508340340505E-017  -7.5171290517203795E-017   5.8564226628533063E-004   1.1996531952695392E-016   1.1053737761431329E-016   7.4861907836551358E-017   3.1175433004514873E-016   2.1828507247295468E-017   1.3364040926484002E-018   1.9181989481817699E-017  -7.2207996459691590E-019   8.2709520272916378E-019  -2.0044784026018226E-003  -7.2858385991025898E-017   1.1656867420113681E-017   4.0183417261353000E-006   3.6836668782701471E-019   2.2835892452690180E-019   3.9406739011479829E-006   4.9524957634774873E-020  -3.2048037498570738E-019  -9.2046804382533770E-019   2.7261217705492624E-019  -1.5435896278924817E-019   1.0737048604282082E-018   8.6382522658142200E-020  -1.3117042866149819E-019  -1.1740264959450283E-006   2.8028187875746790E-020   2.3967123978902387E-019   1.1028422535477496E-018  -2.0332521425647562E-019   2.5745804825052706E-019  -6.6405185588417347E-019  -1.6420179713181632E-020  -9.6210202194662739E-018   6.3670758515466590E-019  -9.5614492156003155E-019   1.1548451879076550E-018  -1.1090710598168907E-016  -2.0044784026015980E-003   9.0826337082453761E-017   3.6836668782701471E-019   4.0183417261344013E-006  -3.9089093222910729E-019   4.9216584702415104E-019   3.9406739011479838E-006  -7.0056640263500853E-021   5.7666412564549609E-019   4.6140916538806267E-019   5.2790043804675002E-019   4.2682226784530896E-019  -2.5798733835455253E-019  -3.9310661476347053E-019  -4.1564502291809556E-019  -1.1740264959464166E-006   3.5946493842858555E-020  -4.6823479903438826E-019  -4.3201161593082743E-019  -3.8389767041020696E-019  -3.7613246804304909E-019  -5.6281688614364600E-020   1.6261424184689618E-016  -2.5728778263810485E-018   4.8302100459712823E-021   9.6433442841610561E-020  -1.2553282388192907E-016   1.0383499629449140E-016  -2.0044784026029172E-003   2.2835892452690180E-019  -3.9089093222910729E-019   4.0183417261396885E-006   3.6862394099751870E-019  -9.9749671293678394E-020   3.9406739011483454E-006   4.0759690493248824E-019   2.0829772546545886E-019   2.7445181489470312E-019   6.7781557156019574E-019  -4.2500653366851837E-020  -3.8894573438095408E-020  -1.8301102219036658E-019   2.1170452823489596E-019  -1.1740264959450103E-006  -2.4049231387011984E-019  -2.2159228864169554E-019  -1.5007431737222496E-019  -6.2496828656197014E-019  -4.3759215054280642E-020   5.6431865634880539E-018  -2.2103013194103406E-017  -7.9694736945222663E-019   1.2130104570710642E-018  -1.9657351875209429E-003  -1.3675177526831228E-016  -6.0739038581711369E-017   3.9406739011479829E-006   4.9216584702415104E-019   3.6862394099751870E-019   3.8645072653201213E-006   1.7693724174754283E-019  -1.7240429199075224E-019  -9.0267693599859356E-019   2.6734303960971814E-019  -1.5137546220011771E-019   1.0529519412214544E-018   8.4712892967821155E-020  -2.3629359761632362E-019  -1.1513345273091930E-006  -1.0759965408089784E-020   1.9276844469604209E-019   1.0815261572635143E-018  -1.9939527792139957E-019   2.5248181477015417E-019  -6.5121684412055813E-019  -1.6102805101681393E-020   1.7447109592086197E-017  -1.8091247971596816E-018  -9.4540428552199098E-019   1.1676594856145811E-018   4.6729113634125241E-017  -1.9657351875211615E-003  -5.2391502416740637E-017   4.9524957634774873E-020   3.9406739011479838E-006  -9.9749671293678394E-020   1.7693724174754283E-019   3.8645072653209861E-006   2.7125879876528340E-019   5.6551817255373138E-019   4.5249089791682099E-019   5.1769700548011017E-019   4.1857250725779041E-019  -2.5300087458177495E-019  -3.9519443159253142E-019  -3.1653555064444199E-019  -1.1513345273108121E-006  -4.7621501954190984E-020  -4.5918460348058096E-019  -4.2366155392390723E-019  -3.7647757050081918E-019  -3.6886245650826623E-019  -5.5193857703220806E-020  -1.3607439946193970E-016  -5.1754339908394981E-018   2.6277703182870160E-020  -4.1647848531911324E-021   1.4847132312652278E-016  -8.5911124003545264E-017  -1.9657351875200500E-003  -3.2048037498570738E-019  -7.0056640263500853E-021   3.9406739011483454E-006  -1.7240429199075224E-019   2.7125879876528340E-019   3.8645072653166112E-006   3.9971873845583168E-019   2.0427167880490424E-019   2.6914712032653959E-019   6.6471453019120143E-019  -4.1679186818616790E-020  -8.6494462465891371E-021  -2.0410681614745958E-020   9.7650968676789312E-020  -1.1513345273080236E-006  -2.3584399966051332E-019  -2.1730928030976840E-019  -1.4717363181296035E-019  -6.1288869482630180E-019  -4.2913422613450940E-020   2.7096956472924673E-017   3.0186670624579488E-018   4.0234552733275416E-021  -1.8087348831125457E-020   4.5915913575314247E-016  -2.8765865727493603E-016  -2.0332247692881564E-016  -9.2046804382533770E-019   5.7666412564549609E-019   4.0759690493248824E-019  -9.0267693599859356E-019   5.6551817255373138E-019   3.9971873845583168E-019   3.3569198673247197E-031   2.4210644120542255E-032   1.4262120253407522E-031  -1.1266019737571599E-031  -5.7280359393943402E-032   4.5628905031823753E-021   2.6893030652242359E-019  -1.6848217720421621E-019  -1.1908632930428869E-019  -3.4464763786269647E-031  -3.7523754855172203E-032  -1.3216001004487368E-031   3.2166772870115052E-032  -1.0032874386893466E-032  -2.4310787067248078E-017  -9.5254729123792995E-018  -1.8343122853800593E-020   8.2888485758640357E-020  -1.3598774281409486E-016  -2.3016576732823488E-016  -1.0390562089102209E-016   2.7261217705492624E-019   4.6140916538806267E-019   2.0829772546545886E-019   2.6734303960971814E-019   4.5249089791682099E-019   2.0427167880490424E-019   2.4210644120542255E-032   8.2955089852697512E-032   6.1163354731170937E-032   1.5403022036252685E-031  -2.9350452475677024E-032  -2.1942933356497057E-020  -7.9648258110622151E-020  -1.3480849130249680E-019  -6.0857703353271730E-020   8.9878989251497951E-033  -7.5261430923502850E-032  -3.1898732120676482E-032  -1.1832001496355908E-031  -8.7696600956496923E-033   1.3661606774242123E-016  -1.1943240953212307E-017  -3.8418777787228223E-020   1.7441368711706756E-019   7.6999227105724655E-017  -2.6333375778038187E-016  -1.3690541347764698E-016  -1.5435896278924817E-019   5.2790043804675002E-019   2.7445181489470312E-019  -1.5137546220011771E-019   5.1769700548011017E-019   2.6914712032653959E-019   1.4262120253407522E-031   6.1163354731170937E-032   1.1283272443217894E-031   7.7631168801582245E-032  -2.0499213686910446E-032  -4.8113922595181558E-020   4.5098581592080169E-020  -1.5423504115087189E-019  -8.0185739418459573E-020  -1.2244358469550961E-031  -6.2337774125370267E-032  -8.5359073335883554E-032  -7.9540801020385783E-032  -1.6485046023478737E-032   1.2098953516428598E-016   1.7515599071782724E-018  -7.3794487088443105E-021   3.3909366597237200E-020  -5.3559860016356846E-016  -2.1291270776722522E-016  -3.3811625957592937E-016   1.0737048604282082E-018   4.2682226784530896E-019   6.7781557156019574E-019   1.0529519412214544E-018   4.1857250725779041E-019   6.6471453019120143E-019  -1.1266019737571599E-031   1.5403022036252685E-031   7.7631168801582245E-032   4.6120736967610164E-031   5.7678012980779232E-033  -1.0330724543340036E-020  -3.1370103412788812E-019  -1.2470334423055104E-019  -1.9803528286278627E-019   2.0246232785628939E-031  -1.3598400676598252E-031  -1.0249415232781809E-032  -3.3428951335486273E-031  -2.3579909079079122E-032   1.4277276056893454E-016  -9.1445190008337575E-018  -3.2938298726907808E-020   1.4964385579060197E-019  -4.3090387237189590E-017   1.2869240177187597E-016   2.1200696102143877E-017   8.6382522658142200E-020  -2.5798733835455253E-019  -4.2500653366851837E-020   8.4712892967821155E-020  -2.5300087458177495E-019  -4.1679186818616790E-020  -5.7280359393943402E-032  -2.9350452475677024E-032  -2.0499213686910446E-032   5.7678012980779232E-033   3.9337735382100905E-032  -4.1545186354498773E-020  -2.5238114948647339E-020   7.5375364140149847E-020   1.2417284678211079E-020   5.4070557388670266E-032   2.7547087234248081E-032   1.6356085235285275E-032   2.9457795850506467E-033  -3.2781463023028607E-033  -1.2315838599854370E-004   2.6276756057740593E-003   5.6903180369405913E-006  -2.5746294870185002E-005   9.0876164072013660E-017   1.9787121692496418E-016   6.0495422210674314E-018  -1.3117042866149819E-019  -3.9310661476347053E-019  -3.8894573438095408E-020  -2.3629359761632362E-019  -3.9519443159253142E-019  -8.6494462465891371E-021   4.5628905031823753E-021  -2.1942933356497057E-020  -4.8113922595181558E-020  -1.0330724543340036E-020  -4.1545186354498773E-020   6.8951330853458468E-006   7.8647208414597146E-020   1.1731080884932130E-019  -9.4904991576718530E-019  -2.5077211486557093E-021   1.3019438485039691E-020   4.3775813965690535E-020   8.9776894790207011E-021   3.3681006269223636E-020  -3.5248844625581464E-018   9.6489332607588709E-018   2.4422261829641978E-019  -3.9212397902036002E-019   5.8564226628565958E-004   1.7493602053053614E-016   5.4604508340340505E-017  -1.1740264959450283E-006  -4.1564502291809556E-019  -1.8301102219036658E-019  -1.1513345273091930E-006  -3.1653555064444199E-019  -2.0410681614745958E-020   2.6893030652242359E-019  -7.9648258110622151E-020   4.5098581592080169E-020  -3.1370103412788812E-019  -2.5238114948647339E-020   7.8647208414597146E-020   3.4301169664497378E-007   8.1804026678431672E-020  -3.6047186926565547E-020  -3.2221401631709191E-019   5.9404900105532676E-020  -7.5220723084440132E-020   1.9401398054801198E-019   4.7974332113407877E-021  -8.7955710610358075E-018   2.0625730710840925E-019   2.8127276411762960E-019  -3.4613937714734484E-019  -3.5265369725985540E-017   5.8564226628641722E-004  -7.5171290517203795E-017   2.8028187875746790E-020  -1.1740264959464166E-006   2.1170452823489596E-019  -1.0759965408089784E-020  -1.1513345273108121E-006   9.7650968676789312E-020  -1.6848217720421621E-019  -1.3480849130249680E-019  -1.5423504115087189E-019  -1.2470334423055104E-019   7.5375364140149847E-020   1.1731080884932130E-019   8.1804026678431672E-020   3.4301169664586168E-007  -3.8987957791446477E-020   1.3680271561161344E-019   1.2621950003920711E-019   1.1216219712286314E-019   1.0989346192139710E-019   1.6443647199072370E-020   1.1322392141765464E-016  -3.5849267866769464E-016  -7.9264559276509248E-019   3.5524465104885036E-018  -1.1616072195791546E-016   8.7044679080098132E-018   5.8564226628533063E-004   2.3967123978902387E-019   3.5946493842858555E-020  -1.1740264959450103E-006   1.9276844469604209E-019  -4.7621501954190984E-020  -1.1513345273080236E-006  -1.1908632930428869E-019  -6.0857703353271730E-020  -8.0185739418459573E-020  -1.9803528286278627E-019   1.2417284678211079E-020  -9.4904991576718530E-019  -3.6047186926565547E-020  -3.8987957791446477E-020   3.4301169664458869E-007   7.0263896850368626E-020   6.4741934830998358E-020   4.3846749968957389E-020   1.8259505476497811E-019   1.2784994760708971E-020  -1.5816819426545090E-017  -1.7025680979972354E-018  -2.2200247988401115E-021   9.9763412882787812E-021  -5.5013327122860691E-016   2.3357061344654863E-016   1.1996531952695392E-016   1.1028422535477496E-018  -4.6823479903438826E-019  -2.4049231387011984E-019   1.0815261572635143E-018  -4.5918460348058096E-019  -2.3584399966051332E-019  -3.4464763786269647E-031   8.9878989251497951E-033  -1.2244358469550961E-031   2.0246232785628939E-031   5.4070557388670266E-032  -2.5077211486557093E-021  -3.2221401631709191E-019   1.3680271561161344E-019   7.0263896850368626E-020   3.7188432576821603E-031   7.5800910943137081E-033   1.2605098317725870E-031  -9.9515748640037168E-032   5.4175520785923897E-033   1.3231260002318899E-017   5.5955840904012964E-018   1.0872237083866691E-020  -4.9134291882565217E-020   1.0142517198840700E-016   2.1550132189464107E-016   1.1053737761431329E-016  -2.0332521425647562E-019  -4.3201161593082743E-019  -2.2159228864169554E-019  -1.9939527792139957E-019  -4.2366155392390723E-019  -2.1730928030976840E-019  -3.7523754855172203E-032  -7.5261430923502850E-032  -6.2337774125370267E-032  -1.3598400676598252E-031   2.7547087234248081E-032   1.3019438485039691E-020   5.9404900105532676E-020   1.2621950003920711E-019   6.4741934830998358E-020   7.5800910943137081E-033   6.9159659322687920E-032   3.5168084944926234E-032   1.0724129420701560E-031   8.7139356585753871E-033  -1.0720700979795854E-016   1.1671200854101312E-017   3.5116970049891275E-020  -1.5934802668868096E-019  -1.2842837480389275E-016   1.9150053469609583E-016   7.4861907836551358E-017   2.5745804825052706E-019  -3.8389767041020696E-019  -1.5007431737222496E-019   2.5248181477015417E-019  -3.7647757050081918E-019  -1.4717363181296035E-019  -1.3216001004487368E-031  -3.1898732120676482E-032  -8.5359073335883554E-032  -1.0249415232781809E-032   1.6356085235285275E-032   4.3775813965690535E-020  -7.5220723084440132E-020   1.1216219712286314E-019   4.3846749968957389E-020   1.2605098317725870E-031   3.5168084944926234E-032   7.0405952478670988E-032   2.6889386414341900E-032   1.1267183801065578E-032  -9.4884907942135933E-017  -1.0391038260491632E-018   6.5102751693897319E-021  -2.9864359183356579E-020   3.3125047446067949E-016   1.8762700140856449E-016   3.1175433004514873E-016  -6.6405185588417347E-019  -3.7613246804304909E-019  -6.2496828656197014E-019  -6.5121684412055813E-019  -3.6886245650826623E-019  -6.1288869482630180E-019   3.2166772870115052E-032  -1.1832001496355908E-031  -7.9540801020385783E-032  -3.3428951335486273E-031   2.9457795850506467E-033   8.9776894790207011E-021   1.9401398054801198E-019   1.0989346192139710E-019   1.8259505476497811E-019  -9.9515748640037168E-032   1.0724129420701560E-031   2.6889386414341900E-032   2.5115047449544516E-031   1.9365487584171167E-032  -4.8361756364530712E-017   1.0586592825838482E-017   2.7342657366994070E-020  -1.2391978579319473E-019   8.1909150204518064E-018   2.8075120778235136E-017   2.1828507247295468E-017  -1.6420179713181632E-020  -5.6281688614364600E-020  -4.3759215054280642E-020  -1.6102805101681393E-020  -5.5193857703220806E-020  -4.2913422613450940E-020  -1.0032874386893466E-032  -8.7696600956496923E-033  -1.6485046023478737E-032  -2.3579909079079122E-032  -3.2781463023028607E-033   3.3681006269223636E-020   4.7974332113407877E-021   1.6443647199072370E-020   1.2784994760708971E-020   5.4175520785923897E-033   8.7139356585753871E-033   1.1267183801065578E-032   1.9365487584171167E-032   3.7825435676956962E-033
