   1.0012939279790056        2.2985403412452720E-003  -1.2351876287927694E-003   2.7223573777555323E-017   1.0834726482652166E-016  -2.4391124296720958E-017   5.5975187729673220E-017   2.1141396792581780E-017  -1.1841730708603163E-017  -7.5042577818055432E-018  -4.3098826880457705E-017   1.7644066509358665E-017   5.5817331848442924E-017  -2.1311597030946657E-016   1.0311206833539940E-003   1.7814392335181274E-018   1.8335395549719521E-017   4.4504126112192633E-018  -3.9872647511369938E-017   4.2701699065209126E-017  -3.7391231707583869E-018   9.2310586986621447E-018  -5.0187431243743717E-018   2.2985403412452720E-003  0.27491839476897884       0.28701117928474573        5.5652445817990031E-017   2.9546139588047091E-017  -9.0286786064421552E-017   8.9419590736967201E-017   1.2393354613226118E-016  -1.9268703282295135E-017  -9.0663637103157244E-020   1.3631343206854103E-017  -1.4550812037268271E-017  -1.2876191731798340E-017   4.5719378818548143E-017   9.4641045093472546E-003  -6.1096076521059954E-017  -3.7281391000237782E-017  -4.1565992831873420E-018  -1.4420992303865484E-018  -6.4254939947020873E-017   1.7099933232366265E-017  -2.6688255260953377E-017  -2.7182302582783230E-017  -1.2351876287927694E-003  0.28701117928474573       0.29964908206749619       -1.1898936808394078E-016  -1.8259207612753681E-016  -8.1677219671149118E-017  -1.7023432213668237E-017  -3.3062433468657708E-018  -1.2295761937363081E-017  -6.7412392036518562E-020   1.4387813926102588E-017  -1.5255349145646324E-017  -1.3645593615774458E-017   4.8505471186615156E-017   9.8769443905751680E-003  -7.4461852178520981E-017  -5.1832454065891268E-017  -3.6024422247028909E-018  -1.3608304286477667E-018  -6.7238276284923894E-017   1.7866197623785479E-017  -2.7896507274445828E-017  -2.8360571443627791E-017   2.7223573777555323E-017   5.5652445817990031E-017  -1.1898936808394078E-016  0.48750534982213473        1.9428902930940239E-016   2.7755575615628914E-016  0.30346627968722922        4.1633363423443370E-017  -2.7755575615628914E-017  -1.1110539020521778E-017  -8.4181996926319868E-017   3.7714960268839970E-017  -1.8546670403751592E-017  -7.4993236868377730E-017   1.8868516172331037E-017   2.9389344358501449E-002   1.2836953722228372E-016   6.4184768611141862E-017  -7.0693596958908560E-017   1.4026217038904489E-016  -6.1380331634073264E-017  -7.0240751642567012E-017  -1.2151621786476370E-016   1.0834726482652166E-016   2.9546139588047091E-017  -1.8259207612753681E-016   1.9428902930940239E-016  0.48750534982213378       -8.3266726846886741E-017   2.7755575615628914E-017  0.30346627968722961       -2.7755575615628914E-017   3.7695381320990555E-018  -6.9327047768074631E-017   1.6006822937250269E-017  -1.3531374181782981E-016  -1.5891358122152520E-017   1.3284715723031690E-016  -9.6277152916712794E-017   2.9389344358500973E-002  -2.0990154059319366E-016   2.3784155246848945E-017   3.6791042468385178E-017   4.1358173363418076E-017   1.0084860364031430E-016   1.3012583085075527E-016  -2.4391124296720958E-017  -9.0286786064421552E-017  -8.1677219671149118E-017   2.7755575615628914E-016  -8.3266726846886741E-017  0.48750534982213545        1.7347234759768071E-016  -1.6653345369377348E-016  0.30346627968722828        2.3516858059867588E-017   2.7029746538147492E-017   5.5232189788836893E-017   7.2499544255120053E-017  -7.1336506011084925E-017   1.2930919370914627E-016  -5.5511151231257827E-017  -1.4398204850607499E-016   2.9389344358502482E-002   5.8731053551868354E-017  -3.6683603221086263E-017   4.6641201924011957E-018  -2.4010295010404678E-017  -1.7149494428454489E-016   5.5975187729673220E-017   8.9419590736967201E-017  -1.7023432213668237E-017  0.30346627968722922        2.7755575615628914E-017   1.7347234759768071E-016  0.18890414831510485       -4.1633363423443370E-017  -2.0816681711721685E-017  -6.9161783416483220E-018  -5.2402291448068403E-017   2.3477114016312407E-017  -1.1545081648981276E-017  -4.6682397644360043E-017   1.3667791622198761E-017   1.8294517174376142E-002   7.2858385991025898E-017   3.9898639947466563E-017  -4.4005922959933740E-017   8.7311532159286799E-017  -3.8208526109008927E-017  -4.3724032138686156E-017  -7.5642399761432014E-017   2.1141396792581780E-017   1.2393354613226118E-016  -3.3062433468657708E-018   4.1633363423443370E-017  0.30346627968722961       -1.6653345369377348E-016  -4.1633363423443370E-017  0.18890414831510571       -6.9388939039072284E-017   2.3464926354236083E-018  -4.3155262348510256E-017   9.9640568214314135E-018  -8.4231194252528737E-017  -9.8921813478898614E-018   8.6284189700059902E-017  -6.5052130349130266E-017   1.8294517174375906E-002  -1.4051260155412137E-016   1.4805353645653577E-017   2.2901986178755143E-017   2.5744970818956404E-017   6.2777055820093259E-017   8.1001781403826505E-017  -1.1841730708603163E-017  -1.9268703282295135E-017  -1.2295761937363081E-017  -2.7755575615628914E-017  -2.7755575615628914E-017  0.30346627968722828       -2.0816681711721685E-017  -6.9388939039072284E-017  0.18890414831510344        1.4638964327190217E-017   1.6825695606854503E-017   3.4381380963947309E-017   4.5130103663781101E-017  -4.4406126195266986E-017   8.1767767334765481E-017  -4.6403852982379590E-017  -8.7603535536828758E-017   1.8294517174376697E-002   3.6559382025242371E-017  -2.2835106525676196E-017   2.9033593237868888E-018  -1.4946122957745375E-017  -1.0675356228641794E-016  -7.5042577818055432E-018  -9.0663637103157244E-020  -6.7412392036518562E-020  -1.1110539020521778E-017   3.7695381320990555E-018   2.3516858059867588E-017  -6.9161783416483220E-018   2.3464926354236083E-018   1.4638964327190217E-017   1.4730577114743243E-033   3.0057323511156966E-033   1.8002417797050379E-033   2.4588691295092077E-033  -2.7008360340438182E-034  -1.0255294529729069E-020  -6.6980076711326027E-019   2.2724725847044489E-019   1.4177178568473832E-018   4.9273822520055828E-033  -4.9846063663327085E-033   1.9671346282488765E-033   1.1603357742051147E-033  -4.4523045217707754E-033  -4.3098826880457705E-017   1.3631343206854103E-017   1.4387813926102588E-017  -8.4181996926319868E-017  -6.9327047768074631E-017   2.7029746538147492E-017  -5.2402291448068403E-017  -4.3155262348510256E-017   1.6825695606854503E-017   3.0057323511156966E-033   2.8434837762033678E-032  -7.2147362424487087E-033   2.3412985453724444E-032   2.2735411082350216E-032   4.2817500092918140E-019  -5.0749262492331106E-018  -4.1793930691377625E-018   1.6294929465338097E-018   1.3730152282589092E-032  -3.6538307862277132E-032   5.9916631511823323E-033  -5.2749068446633248E-033  -8.1711284004764818E-033   1.7644066509358665E-017  -1.4550812037268271E-017  -1.5255349145646324E-017   3.7714960268839970E-017   1.6006822937250269E-017   5.5232189788836893E-017   2.3477114016312407E-017   9.9640568214314135E-018   3.4381380963947309E-017   1.8002417797050379E-033  -7.2147362424487087E-033   1.0786241868196247E-032   4.0099262981434188E-033  -2.0613548394980263E-032  -4.8402244196627999E-019   2.2736529049630701E-018   9.6497409015108073E-019   3.3296821172742466E-018   1.3348953516795135E-033   1.2071101898071598E-032  -3.8361340368433218E-033  -3.2627330157435124E-033  -2.3204241930568236E-032   5.5817331848442924E-017  -1.2876191731798340E-017  -1.3645593615774458E-017  -1.8546670403751592E-017  -1.3531374181782981E-016   7.2499544255120053E-017  -1.1545081648981276E-017  -8.4231194252528737E-017   4.5130103663781101E-017   2.4588691295092077E-033   2.3412985453724444E-032   4.0099262981434188E-033   5.2772254544502597E-032  -1.7410944335364192E-032  -3.9009229321348032E-019  -1.1180892340942339E-018  -8.1574123364439650E-018   4.3706475687407819E-018   2.6632425773916419E-033  -1.5578880618071274E-032  -9.4684708997448734E-033  -2.7112325737318407E-032  -5.5993664076433691E-032  -2.1311597030946657E-016   4.5719378818548143E-017   4.8505471186615156E-017  -7.4993236868377730E-017  -1.5891358122152520E-017  -7.1336506011084925E-017  -4.6682397644360043E-017  -9.8921813478898614E-018  -4.4406126195266986E-017  -2.7008360340438182E-034   2.2735411082350216E-032  -2.0613548394980263E-032  -1.7410944335364192E-032   7.5619586924375104E-032   1.3709059815323442E-018  -4.5209802593705768E-018  -9.5801327379607848E-019  -4.3005336069790214E-018   9.7649494006558528E-033  -3.7313383438982018E-032   1.1083020298556215E-032   4.5770187862268464E-033   3.6047170961822039E-032   1.0311206833539940E-003   9.4641045093472546E-003   9.8769443905751680E-003   1.8868516172331037E-017   1.3284715723031690E-016   1.2930919370914627E-016   1.3667791622198761E-017   8.6284189700059902E-017   8.1767767334765481E-017  -1.0255294529729069E-020   4.2817500092918140E-019  -4.8402244196627999E-019  -3.9009229321348032E-019   1.3709059815323442E-018   3.2670826946722587E-004  -1.0806005337445974E-018   6.6755120751601071E-018   7.8453292685690440E-018  -8.7543166847071019E-020  -2.1708746172062842E-018   5.8497659270291771E-019  -9.0975808154088389E-019  -9.4031024572137399E-019   1.7814392335181274E-018  -6.1096076521059954E-017  -7.4461852178520981E-017   2.9389344358501449E-002  -9.6277152916712794E-017  -5.5511151231257827E-017   1.8294517174376142E-002  -6.5052130349130266E-017  -4.6403852982379590E-017  -6.6980076711326027E-019  -5.0749262492331106E-018   2.2736529049630701E-018  -1.1180892340942339E-018  -4.5209802593705768E-018  -1.0806005337445974E-018   1.7717417093734713E-003   1.1926223897340549E-018  -4.3368086899420177E-019  -4.2617757235371947E-018   8.4557292089993092E-018  -3.7003239121190471E-018  -4.2344758652936845E-018  -7.3256262177906340E-018   1.8335395549719521E-017  -3.7281391000237782E-017  -5.1832454065891268E-017   1.2836953722228372E-016   2.9389344358500973E-002  -1.4398204850607499E-016   7.2858385991025898E-017   1.8294517174375906E-002  -8.7603535536828758E-017   2.2724725847044489E-019  -4.1793930691377625E-018   9.6497409015108073E-019  -8.1574123364439650E-018  -9.5801327379607848E-019   6.6755120751601071E-018   1.1926223897340549E-018   1.7717417093734175E-003  -2.1141942363467336E-017   1.4338319140101854E-018   2.2179543605134402E-018   2.4932846366907334E-018   6.0796755185159264E-018   7.8446582262209192E-018   4.4504126112192633E-018  -4.1565992831873420E-018  -3.6024422247028909E-018   6.4184768611141862E-017  -2.0990154059319366E-016   2.9389344358502482E-002   3.9898639947466563E-017  -1.4051260155412137E-016   1.8294517174376697E-002   1.4177178568473832E-018   1.6294929465338097E-018   3.3296821172742466E-018   4.3706475687407819E-018  -4.3005336069790214E-018   7.8453292685690440E-018  -4.3368086899420177E-019  -2.1141942363467336E-017   1.7717417093735923E-003   3.5406117245754324E-018  -2.2114773669017568E-018   2.8117729274955385E-019  -1.4474647887812800E-018  -1.0338602386947322E-017  -3.9872647511369938E-017  -1.4420992303865484E-018  -1.3608304286477667E-018  -7.0693596958908560E-017   2.3784155246848945E-017   5.8731053551868354E-017  -4.4005922959933740E-017   1.4805353645653577E-017   3.6559382025242371E-017   4.9273822520055828E-033   1.3730152282589092E-032   1.3348953516795135E-033   2.6632425773916419E-033   9.7649494006558528E-033  -8.7543166847071019E-020  -4.2617757235371947E-018   1.4338319140101854E-018   3.5406117245754324E-018   2.0081605309166270E-032  -2.4348255951392694E-032   1.1545324653227233E-032   1.1976865649241413E-032   3.6425752778928110E-033   4.2701699065209126E-017  -6.4254939947020873E-017  -6.7238276284923894E-017   1.4026217038904489E-016   3.6791042468385178E-017  -3.6683603221086263E-017   8.7311532159286799E-017   2.2901986178755143E-017  -2.2835106525676196E-017  -4.9846063663327085E-033  -3.6538307862277132E-032   1.2071101898071598E-032  -1.5578880618071274E-032  -3.7313383438982018E-032  -2.1708746172062842E-018   8.4557292089993092E-018   2.2179543605134402E-018  -2.2114773669017568E-018  -2.4348255951392694E-032   6.2777430069887593E-032  -1.9054037129435144E-032  -4.1457526895820455E-033  -6.0907831285884746E-033  -3.7391231707583869E-018   1.7099933232366265E-017   1.7866197623785479E-017  -6.1380331634073264E-017   4.1358173363418076E-017   4.6641201924011957E-018  -3.8208526109008927E-017   2.5744970818956404E-017   2.9033593237868888E-018   1.9671346282488765E-033   5.9916631511823323E-033  -3.8361340368433218E-033  -9.4684708997448734E-033   1.1083020298556215E-032   5.8497659270291771E-019  -3.7003239121190471E-018   2.4932846366907334E-018   2.8117729274955385E-019   1.1545324653227233E-032  -1.9054037129435144E-032   1.2360180233539305E-032   1.5473048990095353E-032   2.3026231534120358E-032   9.2310586986621447E-018  -2.6688255260953377E-017  -2.7896507274445828E-017  -7.0240751642567012E-017   1.0084860364031430E-016  -2.4010295010404678E-017  -4.3724032138686156E-017   6.2777055820093259E-017  -1.4946122957745375E-017   1.1603357742051147E-033  -5.2749068446633248E-033  -3.2627330157435124E-033  -2.7112325737318407E-032   4.5770187862268464E-033  -9.0975808154088389E-019  -4.2344758652936845E-018   6.0796755185159264E-018  -1.4474647887812800E-018   1.1976865649241413E-032  -4.1457526895820455E-033   1.5473048990095353E-032   3.4845265992730719E-032   5.5466888901725554E-032  -5.0187431243743717E-018  -2.7182302582783230E-017  -2.8360571443627791E-017  -1.2151621786476370E-016   1.3012583085075527E-016  -1.7149494428454489E-016  -7.5642399761432014E-017   8.1001781403826505E-017  -1.0675356228641794E-016  -4.4523045217707754E-033  -8.1711284004764818E-033  -2.3204241930568236E-032  -5.5993664076433691E-032   3.6047170961822039E-032  -9.4031024572137399E-019  -7.3256262177906340E-018   7.8446582262209192E-018  -1.0338602386947322E-017   3.6425752778928110E-033  -6.0907831285884746E-033   2.3026231534120358E-032   5.5466888901725554E-032   1.2806187383462258E-031
