   1.0012939278106103        2.2985411068091920E-003  -1.2351863911426778E-003  -3.8361997466351249E-017   4.7361520032487355E-018  -1.2107272932858053E-016  -2.1788567367314367E-017  -5.0232768332972515E-018  -7.3233303380824368E-017  -6.0327318604625052E-017   8.9922347872377043E-017   4.9635909054309961E-017   7.1129008221634773E-017   1.3870630087189879E-016   1.0311206801543586E-003  -1.4443946543493821E-018   2.5804890751909877E-018  -6.2527568866495847E-018   1.3269342453574492E-016  -3.8673138619246823E-018  -1.8737575475635643E-017  -1.9761568910723332E-017   2.1096679936418803E-017   2.2985411068091920E-003  0.27491839968395448       0.28701117967843026       -8.4531907901510360E-017   6.0301736056280879E-017  -3.8145106170015324E-016  -7.0837455140252984E-017   4.3890554294564508E-017  -2.3140353672738349E-016  -3.2811296455037224E-017  -1.8473348528110005E-018  -4.3714686581659243E-017   6.4314909164663541E-019   6.8217197775068970E-017   9.4641042058092994E-003  -6.7829511532296173E-018   1.9683964014313296E-018  -2.2307426413364891E-017   2.8033542630535469E-016   5.1871331922450906E-018   2.8139007059179250E-017  -2.7878719565049293E-017   3.6503315787519801E-018  -1.2351863911426778E-003  0.28701117967843026       0.29964907752915737        1.2584193155915552E-017   1.6740163607016330E-016   2.8447734219734314E-016  -1.1193306597606377E-017   1.1086756496187477E-016   1.8338731277694264E-016  -3.4036555617261254E-017  -2.2550858682118498E-018  -4.5819071005967560E-017   4.1324576416939820E-019   7.0716391959821199E-017   9.8769439111437655E-003  -1.0056964100636695E-018   8.3432284479162811E-018   1.7864684646799809E-017   2.9219328814487729E-016   5.4294951510805941E-018   2.9445627176127326E-017  -2.9034122762858522E-017   3.7344234843283575E-018  -3.8361997466351249E-017  -8.4531907901510360E-017   1.2584193155915552E-017  0.48750535707412002        5.6898930012039273E-016   3.6082248300317588E-016  0.30346627850407282        6.5919492087118670E-017   1.1449174941446927E-016  -6.1351440121900294E-018  -9.6205640497540059E-018  -3.5498731389450096E-017   7.5520875483305896E-017  -2.3659657327609409E-017   2.9042292676208177E-016   2.9389343045515715E-002   1.9949319973733282E-016  -1.1839487723541708E-016   4.9292342027356844E-018   8.7278525232357591E-017   8.3570303600371374E-018   3.3661365797389042E-017   2.9065119830360104E-017   4.7361520032487355E-018   6.0301736056280879E-017   1.6740163607016330E-016   5.6898930012039273E-016  0.48750535707411924        4.9960036108132044E-016   2.1163626406917047E-016  0.30346627850407293        3.6082248300317588E-016  -4.5239997273712226E-018  -2.8336936024615905E-017  -1.6873283325618062E-017  -1.0525585564080170E-017   7.1301295007234504E-017  -2.6369749534521547E-016   9.3675067702747583E-017   2.9389343045514993E-002   7.6327832942979512E-017  -8.4940523734750084E-017   9.0329064394793680E-017  -2.8645646770858511E-017  -1.5352577187655902E-018   4.3996922837288252E-017  -1.2107272932858053E-016  -3.8145106170015324E-016   2.8447734219734314E-016   3.6082248300317588E-016   4.9960036108132044E-016  0.48750535707411979        2.1684043449710089E-016   0.0000000000000000       0.30346627850407315       -3.3872801149464248E-017  -1.1458381053483920E-017   3.8923747383063169E-017  -2.7002908853101342E-017   4.3460018480272425E-017   7.5294273682780725E-017  -8.8254056840320061E-017  -1.9255430583342559E-016   2.9389343045515423E-002   9.6514725569118402E-017  -8.2520208120907878E-017   8.7994815396162917E-019   2.1915794599460842E-017  -4.1402855666759624E-018  -2.1788567367314367E-017  -7.0837455140252984E-017  -1.1193306597606377E-017  0.30346627850407282        2.1163626406917047E-016   2.1684043449710089E-016  0.18890414403202116       -5.0306980803327406E-017   5.5511151231257827E-017  -3.8190540769437810E-018  -5.9886865383615339E-018  -2.2097537493796734E-017   4.7010845521444941E-017  -1.4727854895755802E-017   1.8015981133717708E-016   1.8294516013587555E-002   1.1535911115245767E-016  -7.4918370118748356E-017   3.0683895831564383E-018   5.4329842454552630E-017   5.2021518654213305E-018   2.0953799296086176E-017   1.8092690923708706E-017  -5.0232768332972515E-018   4.3890554294564508E-017   1.1086756496187477E-016   6.5919492087118670E-017  0.30346627850407293        0.0000000000000000       -5.0306980803327406E-017  0.18890414403202166        4.1633363423443370E-017  -2.8161359486559319E-018  -1.7639405177430211E-017  -1.0503417906424438E-017  -6.5520516520641713E-018   4.4384206931036377E-017  -1.6393746168303245E-016   3.9898639947466563E-017   1.8294516013587142E-002   2.7755575615628914E-017  -5.2874464368301296E-017   5.6228766750711147E-017  -1.7831573940166950E-017  -9.5567964474209655E-019   2.7387560455120845E-017  -7.3233303380824368E-017  -2.3140353672738349E-016   1.8338731277694264E-016   1.1449174941446927E-016   3.6082248300317588E-016  0.30346627850407315        5.5511151231257827E-017   4.1633363423443370E-017  0.18890414403202171       -2.1085415284520784E-017  -7.1327057344595978E-018   2.4229569157277896E-017  -1.6808989151660717E-017   2.7053343887503863E-017   4.7079875647397712E-017  -6.2124784483419404E-017  -1.1622647289044608E-016   1.8294516013587402E-002   6.0079267159415470E-017  -5.1367846725069204E-017   5.4775724550379247E-019   1.3642321117195180E-017  -2.5772784537263174E-018  -6.0327318604625052E-017  -3.2811296455037224E-017  -3.4036555617261254E-017  -6.1351440121900294E-018  -4.5239997273712226E-018  -3.3872801149464248E-017  -3.8190540769437810E-018  -2.8161359486559319E-018  -2.1085415284520784E-017   9.9905113763036056E-033  -3.9934927654764417E-033   1.1723262060727160E-034  -3.3190315350488990E-033  -1.9810187388951025E-032  -1.1866306992990188E-018  -3.6985819620537403E-019  -2.7273009003121185E-019  -2.0420275561049451E-018  -4.7255552480986573E-032   3.4125053571968322E-033  -2.1209264057130829E-033   2.5664292677979177E-033  -2.1855294810571176E-033   8.9922347872377043E-017  -1.8473348528110005E-018  -2.2550858682118498E-018  -9.6205640497540059E-018  -2.8336936024615905E-017  -1.1458381053483920E-017  -5.9886865383615339E-018  -1.7639405177430211E-017  -7.1327057344595978E-018  -3.9934927654764417E-033   1.0197220448715222E-032   5.5514914267027073E-033   6.1403814659428937E-033   7.2503641781878930E-033   2.1916395284750136E-020  -5.7997733367797393E-019  -1.7082969891541722E-018  -6.9077044311509700E-019   1.2396214656548554E-032  -5.4194438879550507E-033  -4.1381893394877026E-034  -2.6569341677601557E-033  -1.1659452052924312E-033   4.9635909054309961E-017  -4.3714686581659243E-017  -4.5819071005967560E-017  -3.5498731389450096E-017  -1.6873283325618062E-017   3.8923747383063169E-017  -2.2097537493796734E-017  -1.0503417906424438E-017   2.4229569157277896E-017   1.1723262060727160E-034   5.5514914267027073E-033   1.5724717091644162E-032  -3.8414044522919402E-033  -1.2240473151944011E-033  -1.4573437890512776E-018  -2.1400470360914422E-018  -1.0172087439961748E-018   2.3465247055406349E-018  -2.7779699915820172E-032  -1.7090524713739943E-032  -4.9686443690089162E-033   2.8096085557418748E-033  -3.4982499436537148E-033   7.1129008221634773E-017   6.4314909164663541E-019   4.1324576416939820E-019   7.5520875483305896E-017  -1.0525585564080170E-017  -2.7002908853101342E-017   4.7010845521444941E-017  -6.5520516520641713E-018  -1.6808989151660717E-017  -3.3190315350488990E-033   6.1403814659428937E-033  -3.8414044522919402E-033   1.8475739615578932E-032   2.3599299783275801E-033   8.9763502020409844E-020   4.5527887734351684E-018  -6.3453670899994355E-019  -1.6278749351054495E-018   7.1665353342976615E-033   1.5875441452622164E-032   5.8248092970088663E-034   2.5814241209098014E-033   5.2869020140915475E-033   1.3870630087189879E-016   6.8217197775068970E-017   7.0716391959821199E-017  -2.3659657327609409E-017   7.1301295007234504E-017   4.3460018480272425E-017  -1.4727854895755802E-017   4.4384206931036377E-017   2.7053343887503863E-017  -1.9810187388951025E-032   7.2503641781878930E-033  -1.2240473151944011E-033   2.3599299783275801E-033   5.1435365124046218E-032   2.4797235880619566E-018  -1.4263264504696390E-018   4.2984106495438407E-018   2.6199945771815989E-018   8.3486061482943674E-032   2.3665937982838874E-033  -1.5196775502187612E-034  -9.5163247050655985E-033   8.4672583430372849E-033   1.0311206801543586E-003   9.4641042058092994E-003   9.8769439111437655E-003   2.9042292676208177E-016  -2.6369749534521547E-016   7.5294273682780725E-017   1.8015981133717708E-016  -1.6393746168303245E-016   4.7079875647397712E-017  -1.1866306992990188E-018   2.1916395284750136E-020  -1.4573437890512776E-018   8.9763502020409844E-020   2.4797235880619566E-018   3.2670824269534276E-004   1.7450961457203784E-017  -1.5952236320381125E-017   4.5638160150496544E-018   9.7745200325420355E-018   1.7484957965707067E-019   9.5065021951146673E-019  -9.7829611468351647E-019   1.4569248031807824E-019  -1.4443946543493821E-018  -6.7829511532296173E-018  -1.0056964100636695E-018   2.9389343045515715E-002   9.3675067702747583E-017  -8.8254056840320061E-017   1.8294516013587555E-002   3.9898639947466563E-017  -6.2124784483419404E-017  -3.6985819620537403E-019  -5.7997733367797393E-019  -2.1400470360914422E-018   4.5527887734351684E-018  -1.4263264504696390E-018   1.7450961457203784E-017   1.7717415247104277E-003   1.5531196120854851E-017  -1.3810025172034113E-017   2.9715971903432091E-019   5.2616006805654051E-018   5.0380499112254324E-019   2.0292811400832330E-018   1.7521956732541195E-018   2.5804890751909877E-018   1.9683964014313296E-018   8.3432284479162811E-018   1.9949319973733282E-016   2.9389343045514993E-002  -1.9255430583342559E-016   1.1535911115245767E-016   1.8294516013587142E-002  -1.1622647289044608E-016  -2.7273009003121185E-019  -1.7082969891541722E-018  -1.0172087439961748E-018  -6.3453670899994355E-019   4.2984106495438407E-018  -1.5952236320381125E-017   1.5531196120854851E-017   1.7717415247103434E-003  -8.7820375971325859E-018  -5.1206538641723294E-018   5.4455029508022861E-018  -1.7269076687939070E-018  -9.2553271682747883E-020   2.6523619473078566E-018  -6.2527568866495847E-018  -2.2307426413364891E-017   1.7864684646799809E-017  -1.1839487723541708E-016   7.6327832942979512E-017   2.9389343045515423E-002  -7.4918370118748356E-017   2.7755575615628914E-017   1.8294516013587402E-002  -2.0420275561049451E-018  -6.9077044311509700E-019   2.3465247055406349E-018  -1.6278749351054495E-018   2.6199945771815989E-018   4.5638160150496544E-018  -1.3810025172034113E-017  -8.7820375971325859E-018   1.7717415247103935E-003   5.8184065826856881E-018  -4.9747447273363408E-018   5.3047823544453736E-020   1.3211973904538595E-018  -2.4959781684396524E-019   1.3269342453574492E-016   2.8033542630535469E-016   2.9219328814487729E-016   4.9292342027356844E-018  -8.4940523734750084E-017   9.6514725569118402E-017   3.0683895831564383E-018  -5.2874464368301296E-017   6.0079267159415470E-017  -4.7255552480986573E-032   1.2396214656548554E-032  -2.7779699915820172E-032   7.1665353342976615E-033   8.3486061482943674E-032   9.7745200325420355E-018   2.9715971903432091E-019  -5.1206538641723294E-018   5.8184065826856881E-018   3.3678570470929779E-031  -2.6412852733625569E-032   3.1473292303208610E-032  -2.6023665896997038E-032  -1.7268774678619544E-033  -3.8673138619246823E-018   5.1871331922450906E-018   5.4294951510805941E-018   8.7278525232357591E-017   9.0329064394793680E-017  -8.2520208120907878E-017   5.4329842454552630E-017   5.6228766750711147E-017  -5.1367846725069204E-017   3.4125053571968322E-033  -5.4194438879550507E-033  -1.7090524713739943E-032   1.5875441452622164E-032   2.3665937982838874E-033   1.7484957965707067E-019   5.2616006805654051E-018   5.4455029508022861E-018  -4.9747447273363408E-018  -2.6412852733625569E-032   4.6443846627733464E-032  -3.3554608276723895E-033   1.5825244630962524E-033   1.4043095595271155E-032  -1.8737575475635643E-017   2.8139007059179250E-017   2.9445627176127326E-017   8.3570303600371374E-018  -2.8645646770858511E-017   8.7994815396162917E-019   5.2021518654213305E-018  -1.7831573940166950E-017   5.4775724550379247E-019  -2.1209264057130829E-033  -4.1381893394877026E-034  -4.9686443690089162E-033   5.8248092970088663E-034  -1.5196775502187612E-034   9.5065021951146673E-019   5.0380499112254324E-019  -1.7269076687939070E-018   5.3047823544453736E-020   3.1473292303208610E-032  -3.3554608276723895E-033   5.0677077853485447E-033  -1.7766532032081102E-033  -2.1200201340111654E-033  -1.9761568910723332E-017  -2.7878719565049293E-017  -2.9034122762858522E-017   3.3661365797389042E-017  -1.5352577187655902E-018   2.1915794599460842E-017   2.0953799296086176E-017  -9.5567964474209655E-019   1.3642321117195180E-017   2.5664292677979177E-033  -2.6569341677601557E-033   2.8096085557418748E-033   2.5814241209098014E-033  -9.5163247050655985E-033  -9.7829611468351647E-019   2.0292811400832330E-018  -9.2553271682747883E-020   1.3211973904538595E-018  -2.6023665896997038E-032   1.5825244630962524E-033  -1.7766532032081102E-033   6.5222959980755883E-033   9.0117555875721601E-034   2.1096679936418803E-017   3.6503315787519801E-018   3.7344234843283575E-018   2.9065119830360104E-017   4.3996922837288252E-017  -4.1402855666759624E-018   1.8092690923708706E-017   2.7387560455120845E-017  -2.5772784537263174E-018  -2.1855294810571176E-033  -1.1659452052924312E-033  -3.4982499436537148E-033   5.2869020140915475E-033   8.4672583430372849E-033   1.4569248031807824E-019   1.7521956732541195E-018   2.6523619473078566E-018  -2.4959781684396524E-019  -1.7268774678619544E-033   1.4043095595271155E-032  -2.1200201340111654E-033   9.0117555875721601E-034   6.2303978093308445E-033
