   1.0012939279790070        2.2985403412458969E-003  -1.2351876287925573E-003  -6.9678279858866652E-017  -1.8784930595993541E-017  -6.0674770178008389E-018  -2.6828994151986525E-017   6.5124881469904389E-017  -3.2839721851040715E-018   5.6737229237975685E-018  -6.1549697435652498E-019   3.5701291923581168E-017  -1.1675558373906790E-016  -1.0708923337694844E-017   1.0311206833541352E-003   1.9565992530097907E-017  -1.5949129341564493E-017  -1.0461882320512191E-018  -6.7713292485924644E-018   1.2822508772456458E-019  -1.3686876615841326E-017   2.0442945467317625E-017   1.6618105629649619E-017   2.2985403412458969E-003  0.27491839476898022       0.28701117928474468        1.1844345111501390E-017   1.0839017711434460E-016   6.7675099390746223E-018   1.0192103993939380E-016   1.4870745716622387E-016   3.8995227027348419E-018  -3.3522070991481447E-017  -9.7683047116427273E-018  -2.0564212381797379E-017  -7.1417029946368671E-018  -2.1470546573528681E-018   9.4641045093482676E-003  -3.7254280401183165E-017   8.0085236814125600E-018  -1.1888685625469398E-017   3.1363811390413494E-016  -5.6290606485397216E-018   2.5703655718732300E-017   5.6523259393650616E-017  -2.6420633536165600E-017  -1.2351876287925573E-003  0.28701117928474468       0.29964908206749252        1.4291661337382493E-016  -1.0173324620474639E-016   4.5645125075906836E-017   1.8761364433666926E-016   2.1205032558094901E-017   2.8084801062682941E-017  -3.5018214346585527E-017  -1.0196043423424239E-017  -2.1598993780564516E-017  -7.0322137047617445E-018  -2.2026863216651086E-018   9.8769443905761412E-003  -3.1110101339950575E-017  -4.5401254165514154E-018  -1.0083736242245934E-017   3.2746815622943451E-016  -5.8773014304775486E-018   2.6884743987311111E-017   5.8937040997143954E-017  -2.7643922101626312E-017  -6.9678279858866652E-017   1.1844345111501390E-017   1.4291661337382493E-016  0.48750534982213223       -5.5511151231257827E-017   4.1633363423443370E-016  0.30346627968722972       -2.7755575615628914E-017   1.2490009027033011E-016   2.9969198457547408E-017  -2.3206314643345967E-017  -8.6002616792751503E-017   9.7067920306085301E-017  -1.4799329435971238E-016  -2.0617543600222122E-016   2.9389344358500741E-002  -1.4918621893400541E-016   1.0234868508263162E-016   3.7456606032660045E-016  -2.3485488975899133E-017  -1.3321954068052075E-016   1.6371968960418353E-017   1.4040281953800392E-016  -1.8784930595993541E-017   1.0839017711434460E-016  -1.0173324620474639E-016  -5.5511151231257827E-017  0.48750534982213284       -1.1796119636642288E-016   2.7755575615628914E-017  0.30346627968722983       -3.8163916471489756E-017  -3.6529302304424533E-017   6.2148082392163951E-018  -4.7685310639589278E-017   2.5306574537534279E-016  -1.7167942803660756E-016  -6.6827307023735765E-017  -7.4593109467002705E-017   2.9389344358500769E-002   9.9746599868666408E-018   7.7932885625834535E-016   7.2750228326547929E-018   5.9797223309715935E-017   1.7765013365474661E-016  -1.2557270321028744E-016  -6.0674770178008389E-018   6.7675099390746223E-018   4.5645125075906836E-017   4.1633363423443370E-016  -1.1796119636642288E-016  0.48750534982213617        9.7144514654701197E-017  -2.8449465006019636E-016  0.30346627968722895       -7.5334165096721309E-017  -2.3884402003379503E-017   1.6563074209806332E-017  -2.0024134011863691E-017  -4.9371744311244830E-017  -8.3013621184468899E-017   1.8908485888147197E-016   1.7347234759768071E-016   2.9389344358501671E-002  -9.6267334899042650E-017  -3.0095652539859008E-017  -3.4916712026766382E-018  -1.5282918826710520E-017   1.7774415869359348E-017  -2.6828994151986525E-017   1.0192103993939380E-016   1.8761364433666926E-016  0.30346627968722972        2.7755575615628914E-017   9.7144514654701197E-017  0.18890414831510649        2.7755575615628914E-017  -1.3877787807814457E-017   1.8655469451644758E-017  -1.4445654745403095E-017  -5.3535605652297009E-017   6.0423625428955090E-017  -9.2124064842334341E-017  -1.2507194589080306E-016   1.8294517174375826E-002  -8.8470897274817162E-017   5.5077470362263625E-017   2.3316291578315645E-016  -1.4619437445664706E-017  -8.2927578962383324E-017   1.0191355876167711E-017   8.7399084581002045E-017   6.5124881469904389E-017   1.4870745716622387E-016   2.1205032558094901E-017  -2.7755575615628914E-017  0.30346627968722983       -2.8449465006019636E-016   2.7755575615628914E-017  0.18890414831510646       -1.5265566588595902E-016  -2.2739056041002185E-017   3.8686441820846720E-018  -2.9683538489999686E-017   1.5753041539616039E-016  -1.0686840122700022E-016  -3.8730255886200387E-017  -4.5970172113385388E-017   1.8294517174375829E-002  -6.7220534694101275E-018   4.8512294018498773E-016   4.5286151515483885E-018   3.7223060013693721E-017   1.1058509443191666E-016  -7.8167513622974684E-017  -3.2839721851040715E-018   3.8995227027348419E-018   2.8084801062682941E-017   1.2490009027033011E-016  -3.8163916471489756E-017  0.30346627968722895       -1.3877787807814457E-017  -1.5265566588595902E-016  0.18890414831510402       -4.6894621409972994E-017  -1.4867756058808810E-017   1.0310316620047884E-017  -1.2464785165446536E-017  -3.0733323384592420E-017  -5.1685301244366908E-017   1.0972125985553305E-016   1.0972125985553305E-016   1.8294517174376215E-002  -5.9925270538827086E-017  -1.8734185613271009E-017  -2.1735237780547076E-018  -9.5134351259854781E-018   1.1064362389984138E-017   5.6737229237975685E-018  -3.3522070991481447E-017  -3.5018214346585527E-017   2.9969198457547408E-017  -3.6529302304424533E-017  -7.5334165096721309E-017   1.8655469451644758E-017  -2.2739056041002185E-017  -4.6894621409972994E-017   2.0343813588324442E-032   2.9864937536028470E-033  -1.5525490581135777E-033  -9.7240508467382874E-033   1.1593935018155289E-032  -1.1483410754826641E-018   1.8066983140563605E-018  -2.2021753094447494E-018  -4.5415331766011031E-018  -5.8792672008887794E-032   3.3492121992646409E-033  -1.5347552704202073E-032  -1.6716778030129520E-032   1.8615548575713031E-032  -6.1549697435652498E-019  -9.7683047116427273E-018  -1.0196043423424239E-017  -2.3206314643345967E-017   6.2148082392163951E-018  -2.3884402003379503E-017  -1.4445654745403095E-017   3.8686441820846720E-018  -1.4867756058808810E-017   2.9864937536028470E-033   2.7014382431747924E-033   3.3860886885165845E-033  -9.7498157784263621E-035   7.3570649673663128E-033  -3.3678281896860244E-019  -1.3989966932544495E-018   3.7466078994008465E-019  -1.4398753070716264E-018  -1.4317766945421668E-032   2.8850995837898963E-033   6.3690320037112245E-033   2.1512117164178023E-034  -8.2253362708519390E-033   3.5701291923581168E-017  -2.0564212381797379E-017  -2.1598993780564516E-017  -8.6002616792751503E-017  -4.7685310639589278E-017   1.6563074209806332E-017  -5.3535605652297009E-017  -2.9683538489999686E-017   1.0310316620047884E-017  -1.5525490581135777E-033   3.3860886885165845E-033   2.3222584923510070E-032  -4.6204766182207433E-032   4.1001014934309034E-032  -6.7381832520423909E-019  -5.1846826328706587E-018  -2.8747172020579317E-018   9.9850779435550340E-019  -1.6937633213251641E-031   2.8363913941828108E-033   1.5113328270373480E-032  -2.4296833251864841E-032  -9.3026089166498139E-033  -1.1675558373906790E-016  -7.1417029946368671E-018  -7.0322137047617445E-018   9.7067920306085301E-017   2.5306574537534279E-016  -2.0024134011863691E-017   6.0423625428955090E-017   1.5753041539616039E-016  -1.2464785165446536E-017  -9.7240508467382874E-033  -9.7498157784263621E-035  -4.6204766182207433E-032   1.6530325848802588E-031  -1.1525685405691786E-031  -3.5680636789416020E-019   5.8517563696067424E-018   1.5256112243465981E-017  -1.2071583833288099E-018   4.7603416946722446E-031   4.6222861094368361E-034   5.6113238214319144E-033   9.2310571592245108E-032  -3.9235693436698208E-032  -1.0708923337694844E-017  -2.1470546573528681E-018  -2.2026863216651086E-018  -1.4799329435971238E-016  -1.7167942803660756E-016  -4.9371744311244830E-017  -9.2124064842334341E-017  -1.0686840122700022E-016  -3.0733323384592420E-017   1.1593935018155289E-032   7.3570649673663128E-033   4.1001014934309034E-032  -1.1525685405691786E-031   1.1051619076700603E-031  -8.4077434090399241E-020  -8.9218013551511785E-018  -1.0349724021857760E-017  -2.9763841477277645E-018  -3.8075548068844720E-031   7.6575921969484707E-033   1.9684986326548385E-032  -6.6638086256209087E-032  -1.7443866423173479E-034   1.0311206833541352E-003   9.4641045093482676E-003   9.8769443905761412E-003  -2.0617543600222122E-016  -6.6827307023735765E-017  -8.3013621184468899E-017  -1.2507194589080306E-016  -3.8730255886200387E-017  -5.1685301244366908E-017  -1.1483410754826641E-018  -3.3678281896860244E-019  -6.7381832520423909E-019  -3.5680636789416020E-019  -8.4077434090399241E-020   3.2670826946729423E-004  -1.3713487940978801E-017  -3.9920452516912645E-018  -5.4283541516849987E-018   1.0788105045302679E-017  -1.9361454555832586E-019   8.7163442269996301E-019   1.9648086222227674E-018  -8.9352382844683970E-019   1.9565992530097907E-017  -3.7254280401183165E-017  -3.1110101339950575E-017   2.9389344358500741E-002  -7.4593109467002705E-017   1.8908485888147197E-016   1.8294517174375826E-002  -4.5970172113385388E-017   1.0972125985553305E-016   1.8066983140563605E-018  -1.3989966932544495E-018  -5.1846826328706587E-018   5.8517563696067424E-018  -8.9218013551511785E-018  -1.3713487940978801E-017   1.7717417093733945E-003  -1.3335686721571705E-017   1.6100402261409741E-017   2.2580779751364210E-017  -1.4158267661930428E-018  -8.0311630585584643E-018   9.8698698133252151E-019   8.4642082672782088E-018  -1.5949129341564493E-017   8.0085236814125600E-018  -4.5401254165514154E-018  -1.4918621893400541E-016   2.9389344358500769E-002   1.7347234759768071E-016  -8.8470897274817162E-017   1.8294517174375829E-002   1.0972125985553305E-016  -2.2021753094447494E-018   3.7466078994008465E-019  -2.8747172020579317E-018   1.5256112243465981E-017  -1.0349724021857760E-017  -3.9920452516912645E-018  -1.3335686721571705E-017   1.7717417093733958E-003   1.1411227865409934E-017   4.6981974933094657E-017   4.3857601013579373E-019   3.6048859528877390E-018   1.0709669043053433E-017  -7.5701721386677200E-018  -1.0461882320512191E-018  -1.1888685625469398E-017  -1.0083736242245934E-017   1.0234868508263162E-016   9.9746599868666408E-018   2.9389344358501671E-002   5.5077470362263625E-017  -6.7220534694101275E-018   1.8294517174376215E-002  -4.5415331766011031E-018  -1.4398753070716264E-018   9.9850779435550340E-019  -1.2071583833288099E-018  -2.9763841477277645E-018  -5.4283541516849987E-018   1.6100402261409741E-017   1.1411227865409934E-017   1.7717417093734930E-003  -5.8034929398320830E-018  -1.8143216202867018E-018  -2.1049600255582207E-019  -9.2133340560281606E-019   1.0715337358788279E-018  -6.7713292485924644E-018   3.1363811390413494E-016   3.2746815622943451E-016   3.7456606032660045E-016   7.7932885625834535E-016  -9.6267334899042650E-017   2.3316291578315645E-016   4.8512294018498773E-016  -5.9925270538827086E-017  -5.8792672008887794E-032  -1.4317766945421668E-032  -1.6937633213251641E-031   4.7603416946722446E-031  -3.8075548068844720E-031   1.0788105045302679E-017   2.2580779751364210E-017   4.6981974933094657E-017  -5.8034929398320830E-018   1.9105398769017494E-030  -6.8953034626310665E-033   2.3379019459088958E-032   3.6388622775887833E-031  -1.2667485240712042E-031   1.2822508772456458E-019  -5.6290606485397216E-018  -5.8773014304775486E-018  -2.3485488975899133E-017   7.2750228326547929E-018  -3.0095652539859008E-017  -1.4619437445664706E-017   4.5286151515483885E-018  -1.8734185613271009E-017   3.3492121992646409E-033   2.8850995837898963E-033   2.8363913941828108E-033   4.6222861094368361E-034   7.6575921969484707E-033  -1.9361454555832586E-019  -1.4158267661930428E-018   4.3857601013579373E-019  -1.8143216202867018E-018  -6.8953034626310665E-033   3.2131871221223511E-033   6.9970095198063012E-033   1.6519850719614892E-033  -9.1911639112081919E-033  -1.3686876615841326E-017   2.5703655718732300E-017   2.6884743987311111E-017  -1.3321954068052075E-016   5.9797223309715935E-017  -3.4916712026766382E-018  -8.2927578962383324E-017   3.7223060013693721E-017  -2.1735237780547076E-018  -1.5347552704202073E-032   6.3690320037112245E-033   1.5113328270373480E-032   5.6113238214319144E-033   1.9684986326548385E-032   8.7163442269996301E-019  -8.0311630585584643E-018   3.6048859528877390E-018  -2.1049600255582207E-019   2.3379019459088958E-032   6.9970095198063012E-033   4.6360523166497062E-032   2.2433432068001139E-032  -5.6601590604869291E-032   2.0442945467317625E-017   5.6523259393650616E-017   5.8937040997143954E-017   1.6371968960418353E-017   1.7765013365474661E-016  -1.5282918826710520E-017   1.0191355876167711E-017   1.1058509443191666E-016  -9.5134351259854781E-018  -1.6716778030129520E-032   2.1512117164178023E-034  -2.4296833251864841E-032   9.2310571592245108E-032  -6.6638086256209087E-032   1.9648086222227674E-018   9.8698698133252151E-019   1.0709669043053433E-017  -9.2133340560281606E-019   3.6388622775887833E-031   1.6519850719614892E-033   2.2433432068001139E-032   7.7785296824744936E-032  -4.6697790453433996E-032   1.6618105629649619E-017  -2.6420633536165600E-017  -2.7643922101626312E-017   1.4040281953800392E-016  -1.2557270321028744E-016   1.7774415869359348E-017   8.7399084581002045E-017  -7.8167513622974684E-017   1.1064362389984138E-017   1.8615548575713031E-032  -8.2253362708519390E-033  -9.3026089166498139E-033  -3.9235693436698208E-032  -1.7443866423173479E-034  -8.9352382844683970E-019   8.4642082672782088E-018  -7.5701721386677200E-018   1.0715337358788279E-018  -1.2667485240712042E-031  -9.1911639112081919E-033  -5.6601590604869291E-032  -4.6697790453433996E-032   7.6252036019575389E-032
