   1.0012939278106117        2.2985411068087431E-003  -1.2351863911423122E-003  -7.7038943578223143E-017  -4.3219068391940427E-017   9.8502698401215695E-017  -4.7596128589796759E-017  -2.9307039314352428E-017   6.0947847759035374E-017   1.7953197862804808E-017   7.8392899809986850E-017   2.6373171387480395E-017   1.1448854855122268E-016  -5.8743568560953051E-017   1.0311206801540637E-003  -6.5230428773988300E-018  -4.2903828809115091E-018   5.6724151321471396E-018  -8.4013456852688427E-017   3.0910969376501699E-017  -1.1044398853489579E-017   1.5644201801483638E-017   3.0582298885189426E-018   2.2985411068087431E-003  0.27491839968395460       0.28701117967843137       -1.5929880435794104E-016  -1.2073879454634297E-016   1.8650861771982674E-016  -1.0636215003571144E-016  -7.1327539554382376E-017   1.1002774285184764E-016   5.8935312566575423E-018   8.4396472525023637E-018   4.8807581528399807E-017   1.1879754710314247E-017   7.6026316523047313E-017   9.4641042058083730E-003  -1.2722807240807242E-018  -1.0818448097369233E-017   1.0205736325260308E-017  -3.3789316426542882E-017   1.9085970409050233E-016   1.1290784349014124E-016  -6.2494641324712914E-018  -1.7989032234150068E-017  -1.2351863911423122E-003  0.28701117967843137       0.29964907752915954        3.3465756513020139E-016   1.1551495473504935E-016  -5.6695013729478143E-016   2.0080155377941159E-016   7.5914957682350626E-017  -3.5925727584100988E-016   6.0877739026835531E-018   8.5265541273146512E-018   5.0860212086681032E-017   1.1987050685183033E-017   7.9586029453651838E-017   9.8769439111428322E-003   2.8879493055597009E-017   3.2744587524752301E-018  -3.5261375692604465E-017  -3.4971639690255878E-017   1.9914859095895923E-016   1.1791781830160944E-016  -6.5813393940034100E-018  -1.8791960149939172E-017  -7.7038943578223143E-017  -1.5929880435794104E-016   3.3465756513020139E-016  0.48750535707411724       -1.3877787807814457E-016   1.6653345369377348E-016  0.30346627850407282       -6.9388939039072284E-017  -1.3877787807814457E-016   2.5202965122530419E-018   6.7170352587879401E-017   2.1352888462181145E-017   8.0163034730684690E-018   4.2238753066582723E-017  -2.8448781502826569E-016   2.9389343045515808E-002   8.5868812060851951E-017   4.1633363423443370E-017   3.0466439409627572E-017   2.5797567065260347E-017  -1.2967410454984806E-016   6.7925846788474516E-017  -1.1134968836311530E-016  -4.3219068391940427E-017  -1.2073879454634297E-016   1.1551495473504935E-016  -1.3877787807814457E-016  0.48750535707411824       -2.3592239273284576E-016   0.0000000000000000       0.30346627850407321       -2.0816681711721685E-016   2.5649052230649386E-018   9.5646154649071098E-018   1.5709110651792696E-017  -8.8621615701568377E-018   1.2424568473774709E-018  -5.5607264313343006E-018  -1.3010426069826053E-017   2.9389343045514965E-002   5.5511151231257827E-017   1.4247100530248257E-017  -3.4575274502576132E-017  -9.5824801547241798E-018  -3.3025394568759246E-017  -5.0974903087656758E-017   9.8502698401215695E-017   1.8650861771982674E-016  -5.6695013729478143E-016   1.6653345369377348E-016  -2.3592239273284576E-016  0.48750535707411868        2.2204460492503131E-016  -2.0816681711721685E-016  0.30346627850407276        3.3633052564171520E-017  -2.0770375830680884E-017  -8.6189473946736558E-019  -2.1182706002937669E-017   2.3144303999519558E-017   5.9339508572648255E-016   3.1571967262777889E-016   6.5919492087118670E-017   2.9389343045515607E-002   5.5686983181220218E-018   1.7161902199347262E-017   6.7877039939984629E-017  -1.7290666837129361E-016  -1.6364307198479911E-016  -4.7596128589796759E-017  -1.0636215003571144E-016   2.0080155377941159E-016  0.30346627850407282        0.0000000000000000        2.2204460492503131E-016  0.18890414403202227        2.0816681711721685E-017  -1.3877787807814457E-017   1.5688545617026917E-018   4.1812744475238935E-017   1.3291918751049759E-017   4.9900534364005159E-018   2.6293120712968046E-017  -1.7733775697111651E-016   1.8294516013587718E-002   5.9847959921199845E-017   3.1225022567582528E-017   1.8964995671840118E-017   1.6058678244562477E-017  -8.0720585640882828E-017   4.2283030617040520E-017  -6.9313854811662178E-017  -2.9307039314352428E-017  -7.1327539554382376E-017   7.5914957682350626E-017  -6.9388939039072284E-017  0.30346627850407321       -2.0816681711721685E-016   2.0816681711721685E-017  0.18890414403202233       -1.6653345369377348E-016   1.5966229528854912E-018   5.9538592106518729E-018   9.7787342824695234E-018  -5.5165900275192839E-018   7.7341458961284846E-019  -3.3319217802143647E-018  -6.9388939039072284E-018   1.8294516013587177E-002   3.0791341698588326E-017   8.8686503946058534E-018  -2.1522696580251784E-017  -5.9649797672914063E-018  -2.0557914780793416E-017  -3.1731270052002961E-017   6.0947847759035374E-017   1.1002774285184764E-016  -3.5925727584100988E-016  -1.3877787807814457E-016  -2.0816681711721685E-016  0.30346627850407276       -1.3877787807814457E-017  -1.6653345369377348E-016  0.18890414403202166        2.0936174645623910E-017  -1.2929311575768755E-017  -5.3651921000047388E-019  -1.3185982197073686E-017   1.4407053586968659E-017   3.6917205353038227E-016   1.8388068845354155E-016   3.6862873864507151E-017   1.8294516013587534E-002   3.4664483788543108E-018   1.0683079717819295E-017   4.2252648935153691E-017  -1.0763234171229178E-016  -1.0186586329276149E-016   1.7953197862804808E-017   5.8935312566575423E-018   6.0877739026835531E-018   2.5202965122530419E-018   2.5649052230649386E-018   3.3633052564171520E-017   1.5688545617026917E-018   1.5966229528854912E-018   2.0936174645623910E-017   2.7933566482607581E-033   5.4604342165301156E-034   1.6441698810516292E-033   8.3349820533025172E-034   2.3896683157661597E-033   2.1990834645825299E-019   1.5193650223575067E-019   1.5462574592473823E-019   2.0275742720218238E-018  -1.6049104630362822E-033   5.7511811818024261E-033   6.1681246497909174E-033  -1.1604747692869193E-032  -1.2461865998724023E-032   7.8392899809986850E-017   8.4396472525023637E-018   8.5265541273146512E-018   6.7170352587879401E-017   9.5646154649071098E-018  -2.0770375830680884E-017   4.1812744475238935E-017   5.9538592106518729E-018  -1.2929311575768755E-017   5.4604342165301156E-034   1.6713237382359476E-032   6.8163984454424432E-033   1.1145663001081600E-032   2.5472342947969632E-033   3.6500343147692078E-019   4.0493760859192026E-018   5.7660446376153432E-019  -1.2521456259184382E-018  -3.3468973007316255E-033   1.0297212976319918E-032  -1.8418564272656942E-032   1.7113871153861892E-032  -9.6714577202853016E-033   2.6373171387480395E-017   4.8807581528399807E-017   5.0860212086681032E-017   2.1352888462181145E-017   1.5709110651792696E-017  -8.6189473946736558E-019   1.3291918751049759E-017   9.7787342824695234E-018  -5.3651921000047388E-019   1.6441698810516292E-033   6.8163984454424432E-033   1.0781361080003607E-032   5.1784137358465482E-033   1.3806680680739656E-032   1.7048949201089521E-018   1.2872624985991079E-018   9.4702639711772121E-019  -5.1959470393017375E-020  -6.3864088022637615E-033   3.4629906865013160E-032   1.3625635097551764E-032   1.5142184925269965E-033  -9.3408960904843682E-033   1.1448854855122268E-016   1.1879754710314247E-017   1.1987050685183033E-017   8.0163034730684690E-018  -8.8621615701568377E-018  -2.1182706002937669E-017   4.9900534364005159E-018  -5.5165900275192839E-018  -1.3185982197073686E-017   8.3349820533025172E-034   1.1145663001081600E-032   5.1784137358465482E-033   1.4794915957255141E-032  -3.8321314683637529E-033   5.1772132452174479E-019   4.8326421301488285E-019  -5.3425691170511955E-019  -1.2770030202108909E-018  -1.1025810101889991E-032   1.1903520133624209E-032  -1.3980753312715529E-033   1.0753469838097533E-032   5.7953885772162047E-033  -5.8743568560953051E-017   7.6026316523047313E-017   7.9586029453651838E-017   4.2238753066582723E-017   1.2424568473774709E-018   2.3144303999519558E-017   2.6293120712968046E-017   7.7341458961284846E-019   1.4407053586968659E-017   2.3896683157661597E-033   2.5472342947969632E-033   1.3806680680739656E-032  -3.8321314683637529E-033   2.9307444129590974E-032   2.5607599053104295E-018   2.5463703848077114E-018   7.4901721544117218E-020   1.3952582877733701E-018  -1.4382196019143875E-033   5.4003920677629069E-032   2.3897379002842926E-032  -5.0667250191563049E-033  -2.2711492161506516E-032   1.0311206801540637E-003   9.4641042058083730E-003   9.8769439111428322E-003  -2.8448781502826569E-016  -5.5607264313343006E-018   5.9339508572648255E-016  -1.7733775697111651E-016  -3.3319217802143647E-018   3.6917205353038227E-016   2.1990834645825299E-019   3.6500343147692078E-019   1.7048949201089521E-018   5.1772132452174479E-019   2.5607599053104295E-018   3.2670824269527836E-004  -1.6865450214982999E-017  -4.5865748249333577E-019   3.5736946607341914E-017  -1.2428117313450532E-018   6.5982442648090928E-018   3.8754698960341353E-018  -2.0021478285814833E-019  -6.1622423309950901E-019  -6.5230428773988300E-018  -1.2722807240807242E-018   2.8879493055597009E-017   2.9389343045515808E-002  -1.3010426069826053E-017   3.1571967262777889E-016   1.8294516013587718E-002  -6.9388939039072284E-018   1.8388068845354155E-016   1.5193650223575067E-019   4.0493760859192026E-018   1.2872624985991079E-018   4.8326421301488285E-019   2.5463703848077114E-018  -1.6865450214982999E-017   1.7717415247104490E-003   4.9873299934333204E-018   2.0816681711721685E-017   1.8366744615051252E-018   1.5552107012136426E-018  -7.8174253624789157E-018   4.0949211817995856E-018  -6.7127348280962498E-018  -4.2903828809115091E-018  -1.0818448097369233E-017   3.2744587524752301E-018   8.5868812060851951E-017   2.9389343045514965E-002   6.5919492087118670E-017   5.9847959921199845E-017   1.8294516013587177E-002   3.6862873864507151E-017   1.5462574592473823E-019   5.7660446376153432E-019   9.4702639711772121E-019  -5.3425691170511955E-019   7.4901721544117218E-020  -4.5865748249333577E-019   4.9873299934333204E-018   1.7717415247103438E-003   8.1315162936412833E-018   8.5888886924323280E-019  -2.0843762812119491E-018  -5.7768143961384035E-019  -1.9909415068175225E-018  -3.0730306689271529E-018   5.6724151321471396E-018   1.0205736325260308E-017  -3.5261375692604465E-017   4.1633363423443370E-017   5.5511151231257827E-017   2.9389343045515607E-002   3.1225022567582528E-017   3.0791341698588326E-017   1.8294516013587534E-002   2.0275742720218238E-018  -1.2521456259184382E-018  -5.1959470393017375E-020  -1.2770030202108909E-018   1.3952582877733701E-018   3.5736946607341914E-017   2.0816681711721685E-017   8.1315162936412833E-018   1.7717415247104195E-003   3.3570992156993570E-019   1.0346081816974160E-018   4.0919788526694605E-018  -1.0423707797017213E-017  -9.8652503193971533E-018  -8.4013456852688427E-017  -3.3789316426542882E-017  -3.4971639690255878E-017   3.0466439409627572E-017   1.4247100530248257E-017   5.5686983181220218E-018   1.8964995671840118E-017   8.8686503946058534E-018   3.4664483788543108E-018  -1.6049104630362822E-033  -3.3468973007316255E-033  -6.3864088022637615E-033  -1.1025810101889991E-032  -1.4382196019143875E-033  -1.2428117313450532E-018   1.8366744615051252E-018   8.5888886924323280E-019   3.3570992156993570E-019   1.3538842336729158E-032  -2.5111604935419272E-032  -2.0483231658748317E-032   7.6025542733960089E-034  -8.3750839321416759E-033   3.0910969376501699E-017   1.9085970409050233E-016   1.9914859095895923E-016   2.5797567065260347E-017  -3.4575274502576132E-017   1.7161902199347262E-017   1.6058678244562477E-017  -2.1522696580251784E-017   1.0683079717819295E-017   5.7511811818024261E-033   1.0297212976319918E-032   3.4629906865013160E-032   1.1903520133624209E-032   5.4003920677629069E-032   6.5982442648090928E-018   1.5552107012136426E-018  -2.0843762812119491E-018   1.0346081816974160E-018  -2.5111604935419272E-032   1.3778245494921347E-031   7.4241388772149851E-032  -4.0292775010903011E-033  -2.0432659944513557E-032  -1.1044398853489579E-017   1.1290784349014124E-016   1.1791781830160944E-016  -1.2967410454984806E-016  -9.5824801547241798E-018   6.7877039939984629E-017  -8.0720585640882828E-017  -5.9649797672914063E-018   4.2252648935153691E-017   6.1681246497909174E-033  -1.8418564272656942E-032   1.3625635097551764E-032  -1.3980753312715529E-033   2.3897379002842926E-032   3.8754698960341353E-018  -7.8174253624789157E-018  -5.7768143961384035E-019   4.0919788526694605E-018  -2.0483231658748317E-032   7.4241388772149851E-032   9.0646122506083596E-032  -4.4247751842657190E-032   4.0943431233686791E-034   1.5644201801483638E-017  -6.2494641324712914E-018  -6.5813393940034100E-018   6.7925846788474516E-017  -3.3025394568759246E-017  -1.7290666837129361E-016   4.2283030617040520E-017  -2.0557914780793416E-017  -1.0763234171229178E-016  -1.1604747692869193E-032   1.7113871153861892E-032   1.5142184925269965E-033   1.0753469838097533E-032  -5.0667250191563049E-033  -2.0021478285814833E-019   4.0949211817995856E-018  -1.9909415068175225E-018  -1.0423707797017213E-017   7.6025542733960089E-034  -4.0292775010903011E-033  -4.4247751842657190E-032   7.3415660724874850E-032   4.6438051517362684E-032   3.0582298885189426E-018  -1.7989032234150068E-017  -1.8791960149939172E-017  -1.1134968836311530E-016  -5.0974903087656758E-017  -1.6364307198479911E-016  -6.9313854811662178E-017  -3.1731270052002961E-017  -1.0186586329276149E-016  -1.2461865998724023E-032  -9.6714577202853016E-033  -9.3408960904843682E-033   5.7953885772162047E-033  -2.2711492161506516E-032  -6.1622423309950901E-019  -6.7127348280962498E-018  -3.0730306689271529E-018  -9.8652503193971533E-018  -8.3750839321416759E-033  -2.0432659944513557E-032   4.0943431233686791E-034   4.6438051517362684E-032   8.6881305731298359E-032
