   1.0012939279790056        2.2985403412454923E-003  -1.2351876287923142E-003   3.1261051426048723E-017  -6.7333068591171710E-017   6.6112200556591783E-017  -1.4596981791795842E-016  -9.7778385683204909E-017   3.8291979147456686E-017   7.1714512441066888E-017  -1.8374566354357741E-016   2.0855429647835086E-017   4.5498697648655131E-017  -1.2876508533504174E-016   1.0311206833538576E-003   5.8767923993342298E-017   1.5485806704661986E-017   6.3243116629520938E-018  -9.0972084304158894E-017   1.3633071322638373E-017  -1.0095039176545907E-017  -2.8326250196192166E-017  -4.2347516350729163E-018   2.2985403412454923E-003  0.27491839476897906       0.28701117928474451       -1.5695641078706703E-016  -2.4154559086002124E-016   1.3032196583592302E-016   1.6806096221267205E-016  -9.3500500324302493E-017   9.2423432297586246E-017   1.4292690011772510E-017  -3.0611667493374362E-019  -8.5370950712871471E-017  -2.3846909722968771E-017   7.1966821565407538E-017   9.4641045093488609E-003  -1.1507372348645144E-016  -1.3009089961607397E-017   1.0817205687691328E-017  -1.3220463058452245E-016   2.0298561564555236E-016   2.0728505026068698E-017  -7.4151919581996054E-018  -1.0685639899134380E-017  -1.2351876287923142E-003  0.28701117928474451       0.29964908206749341       -1.6421604804638878E-017   2.5420578953243264E-016  -7.3431574822681539E-017   2.6784094820367951E-016   2.1780439569531187E-016  -3.3902957890662290E-017   1.4661475272608737E-017   3.4744354259147515E-019  -8.9204447549595069E-017  -2.5061752757210849E-017   7.5602040897953294E-017   9.8769443905767969E-003  -1.1145677909314439E-016   1.6874753301418990E-017  -1.3442791652177154E-018  -1.3769365638517670E-016   2.1187097638093407E-016   2.1677562149695468E-017  -7.6387575727011989E-018  -1.1140618466477564E-017   3.1261051426048723E-017  -1.5695641078706703E-016  -1.6421604804638878E-017  0.48750534982213295       -1.3877787807814457E-017  -1.3530843112619095E-016  0.30346627968722850       -8.3266726846886741E-017   6.9388939039072284E-017   6.9067886591391510E-018  -1.9969680020959884E-016   7.2295265891907834E-018   3.1458290205503804E-017  -7.4416561912883639E-017  -2.8838645481711757E-016   2.9389344358503273E-002   2.0036056147532122E-016   4.0115480381963664E-017   1.5347415734431453E-016  -7.9191899145448048E-017  -8.8610255025737921E-017   2.6480094265012362E-017  -1.2117506310528787E-016  -6.7333068591171710E-017  -2.4154559086002124E-016   2.5420578953243264E-016  -1.3877787807814457E-017  0.48750534982213395       -9.1072982488782372E-018  -4.1633363423443370E-017  0.30346627968722911       -2.0925101928970236E-016  -3.8060684013159428E-017   2.7673231000037675E-017  -2.4708984611411912E-016   9.1676445484377499E-017  -4.2132028549819123E-017  -1.6752464059193912E-016   1.0495077029659683E-016   2.9389344358502319E-002   1.0102053742133688E-016   1.3284872299118662E-016  -9.7956302761386984E-017   1.4155848678867818E-016  -8.0058417437111407E-017   1.8802053245000707E-016   6.6112200556591783E-017   1.3032196583592302E-016  -7.3431574822681539E-017  -1.3530843112619095E-016  -9.1072982488782372E-018  0.48750534982213345       -1.1449174941446927E-016   4.6187012547882489E-017  0.30346627968722883        1.8152616935847630E-017   3.8298243566917485E-017  -3.9633458730730072E-017   4.8402954472265279E-017   2.5669369840232274E-017  -7.8866751929901138E-017   1.0885389811754465E-016   1.6534083130403943E-016   2.9389344358503221E-002  -1.9427828196928777E-017  -3.6171850070666829E-018  -2.9828355752677078E-017   1.9257644224524058E-017   2.0898369401067325E-017  -1.4596981791795842E-016   1.6806096221267205E-016   2.6784094820367951E-016  0.30346627968722850       -4.1633363423443370E-017  -1.1449174941446927E-016  0.18890414831510463       -7.2858385991025898E-017   2.3418766925686896E-017   4.2993937599651398E-018  -1.2430888204029175E-016   4.5002942813284976E-018   1.9582411346805654E-017  -4.6323424346125564E-017  -1.7052755757587854E-016   1.8294517174377297E-002   1.2273168592535910E-016   2.3093506273941244E-017   9.5535836836260525E-017  -4.9296014954099207E-017  -5.5158829425375863E-017   1.6483543606859489E-017  -7.5430034982884547E-017  -9.7778385683204909E-017  -9.3500500324302493E-017   2.1780439569531187E-016  -8.3266726846886741E-017  0.30346627968722911        4.6187012547882489E-017  -7.2858385991025898E-017  0.18890414831510502       -1.0299920638612292E-016  -2.3692322933561134E-017   1.7226257027888449E-017  -1.5381048921021957E-016   5.7067496502845515E-017  -2.6226686464783512E-017  -1.0237829154531386E-016   6.0715321659188248E-017   1.8294517174376704E-002   6.5661994071153362E-017   8.2696749362942519E-017  -6.0976632936971031E-017   8.8118473693852240E-017  -4.9835412280401468E-017   1.1704054428988958E-016   3.8291979147456686E-017   9.2423432297586246E-017  -3.3902957890662290E-017   6.9388939039072284E-017  -2.0925101928970236E-016  0.30346627968722883        2.3418766925686896E-017  -1.0299920638612292E-016  0.18890414831510485        1.1299788053851975E-017   2.3840200929175715E-017  -2.4671356481606062E-017   3.0130263236963057E-017   1.5978877298829541E-017  -4.8707436796641540E-017   7.6869934029222264E-017   9.0381803603822863E-017   1.8294517174377266E-002  -1.2093591890787803E-017  -2.2516546278629146E-018  -1.8567796543678329E-017   1.1987654392898020E-017   1.3008986293145556E-017   7.1714512441066888E-017   1.4292690011772510E-017   1.4661475272608737E-017   6.9067886591391510E-018  -3.8060684013159428E-017   1.8152616935847630E-017   4.2993937599651398E-018  -2.3692322933561134E-017   1.1299788053851975E-017   9.6076461909759187E-033  -1.6717935718247636E-032   1.5021471238505641E-032  -2.8815705429077162E-033  -2.3178950106840358E-033   5.6009905806130308E-019   4.1637694927635720E-019  -2.2944949207039346E-018   1.0943336526055878E-018  -2.2219843283786067E-032   1.7797483188716601E-032  -1.3074454540318778E-032   4.9360696299529798E-033  -1.6469745934654170E-032  -1.8374566354357741E-016  -3.0611667493374362E-019   3.4744354259147515E-019  -1.9969680020959884E-016   2.7673231000037675E-017   3.8298243566917485E-017  -1.2430888204029175E-016   1.7226257027888449E-017   2.3840200929175715E-017  -1.6717935718247636E-032   1.2010024793199327E-031  -2.3964158082164941E-032  -1.2239191996115960E-032   5.3768065950502249E-032  -1.8523758727275757E-019  -1.2038756150660553E-017   1.6682855186495588E-018   2.3088162395030595E-018  -4.0214121392794246E-032   2.4178346034273640E-032   4.3850930562442250E-032  -8.6836742794177964E-033   6.2724306245708839E-032   2.0855429647835086E-017  -8.5370950712871471E-017  -8.9204447549595069E-017   7.2295265891907834E-018  -2.4708984611411912E-016  -3.9633458730730072E-017   4.5002942813284976E-018  -1.5381048921021957E-016  -2.4671356481606062E-017   1.5021471238505641E-032  -2.3964158082164941E-032   1.5554075295308152E-031  -4.1544714225359317E-032  -6.9708115702990075E-033  -2.9183994290148284E-018   4.3583326122716313E-019  -1.4895854122599192E-017  -2.3893099166623626E-018  -2.4360467175011255E-032  -1.4008015391426112E-032  -7.7295386899464414E-032   4.1098106266748572E-032  -9.5564397646167408E-032   4.5498697648655131E-017  -2.3846909722968771E-017  -2.5061752757210849E-017   3.1458290205503804E-017   9.1676445484377499E-017   4.8402954472265279E-017   1.9582411346805654E-017   5.7067496502845515E-017   3.0130263236963057E-017  -2.8815705429077162E-033  -1.2239191996115960E-032  -4.1544714225359317E-032   2.8229895616140974E-032  -2.2323236778012006E-032  -7.7748436040017300E-019   1.8964684677134772E-018   5.5267303771884092E-018   2.9179804846723830E-018   4.0323268345259024E-032  -4.0952796845996439E-032   1.5674198690589363E-032  -1.2081159686196763E-032   3.0350983829012096E-032  -1.2876508533504174E-016   7.1966821565407538E-017   7.5602040897953294E-017  -7.4416561912883639E-017  -4.2132028549819123E-017   2.5669369840232274E-017  -4.6323424346125564E-017  -2.6226686464783512E-017   1.5978877298829541E-017  -2.3178950106840358E-033   5.3768065950502249E-032  -6.9708115702990075E-033  -2.2323236778012006E-032   5.1905920836757847E-032   2.3544684811117094E-018  -4.4862153099070292E-018  -2.5399366304896252E-018   1.5474824019379498E-018  -5.8928643255132269E-032   7.1958200888341741E-032   6.4744405738222219E-033   5.6015112163803526E-033   1.0864118102068052E-033   1.0311206833538576E-003   9.4641045093488609E-003   9.8769443905767969E-003  -2.8838645481711757E-016  -1.6752464059193912E-016  -7.8866751929901138E-017  -1.7052755757587854E-016  -1.0237829154531386E-016  -4.8707436796641540E-017   5.6009905806130308E-019  -1.8523758727275757E-019  -2.9183994290148284E-018  -7.7748436040017300E-019   2.3544684811117094E-018   3.2670826946733586E-004  -2.0966197676714345E-017  -1.0027235285784181E-017  -4.6503723823276948E-018  -4.6366066590957136E-018   6.9991569174517613E-018   7.0381875875291976E-019  -2.8214214765832416E-019  -3.7179603905244866E-019   5.8767923993342298E-017  -1.1507372348645144E-016  -1.1145677909314439E-016   2.9389344358503273E-002   1.0495077029659683E-016   1.0885389811754465E-016   1.8294517174377297E-002   6.0715321659188248E-017   7.6869934029222264E-017   4.1637694927635720E-019  -1.2038756150660553E-017   4.3583326122716313E-019   1.8964684677134772E-018  -4.4862153099070292E-018  -2.0966197676714345E-017   1.7717417093736977E-003   1.8431436932253575E-017   9.4596639549360262E-018   9.2522161284360716E-018  -4.7740973411648446E-018  -5.3418845549004649E-018   1.5963570641512133E-018  -7.3050596440920606E-018   1.5485806704661986E-017  -1.3009089961607397E-017   1.6874753301418990E-017   2.0036056147532122E-016   2.9389344358502319E-002   1.6534083130403943E-016   1.2273168592535910E-016   1.8294517174376704E-002   9.0381803603822863E-017  -2.2944949207039346E-018   1.6682855186495588E-018  -1.4895854122599192E-017   5.5267303771884092E-018  -2.5399366304896252E-018  -1.0027235285784181E-017   1.8431436932253575E-017   1.7717417093735788E-003   1.6066520943519569E-017   8.0088082500013369E-018  -5.9053126596261642E-018   8.5338778674302320E-018  -4.8263355462959060E-018   1.1334850328633894E-017   6.3243116629520938E-018   1.0817205687691328E-017  -1.3442791652177154E-018   4.0115480381963664E-017   1.0102053742133688E-016   2.9389344358503221E-002   2.3093506273941244E-017   6.5661994071153362E-017   1.8294517174377266E-002   1.0943336526055878E-018   2.3088162395030595E-018  -2.3893099166623626E-018   2.9179804846723830E-018   1.5474824019379498E-018  -4.6503723823276948E-018   9.4596639549360262E-018   1.6066520943519569E-017   1.7717417093736894E-003  -1.1712099841072052E-018  -2.1806262396893975E-019  -1.7982075872258594E-018   1.1609504138868746E-018   1.2598618150206450E-018  -9.0972084304158894E-017  -1.3220463058452245E-016  -1.3769365638517670E-016   1.5347415734431453E-016   1.3284872299118662E-016  -1.9427828196928777E-017   9.5535836836260525E-017   8.2696749362942519E-017  -1.2093591890787803E-017  -2.2219843283786067E-032  -4.0214121392794246E-032  -2.4360467175011255E-032   4.0323268345259024E-032  -5.8928643255132269E-032  -4.6366066590957136E-018   9.2522161284360716E-018   8.0088082500013369E-018  -1.1712099841072052E-018   1.5693369483813552E-031  -1.5016485721543057E-031   2.8220903555154828E-033  -8.1449519263333070E-033   1.7766995299245439E-032   1.3633071322638373E-017   2.0298561564555236E-016   2.1187097638093407E-016  -7.9191899145448048E-017  -9.7956302761386984E-017  -3.6171850070666829E-018  -4.9296014954099207E-017  -6.0976632936971031E-017  -2.2516546278629146E-018   1.7797483188716601E-032   2.4178346034273640E-032  -1.4008015391426112E-032  -4.0952796845996439E-032   7.1958200888341741E-032   6.9991569174517613E-018  -4.7740973411648446E-018  -5.9053126596261642E-018  -2.1806262396893975E-019  -1.5016485721543057E-031   1.8259018496654153E-031   1.3540197216721701E-033   5.8301170298498552E-033  -2.6189827834084281E-032  -1.0095039176545907E-017   2.0728505026068698E-017   2.1677562149695468E-017  -8.8610255025737921E-017   1.4155848678867818E-016  -2.9828355752677078E-017  -5.5158829425375863E-017   8.8118473693852240E-017  -1.8567796543678329E-017  -1.3074454540318778E-032   4.3850930562442250E-032  -7.7295386899464414E-032   1.5674198690589363E-032   6.4744405738222219E-033   7.0381875875291976E-019  -5.3418845549004649E-018   8.5338778674302320E-018  -1.7982075872258594E-018   2.8220903555154828E-033   1.3540197216721701E-033   6.0704100410370836E-032  -2.9507441215706980E-032   7.4579368340598021E-032  -2.8326250196192166E-017  -7.4151919581996054E-018  -7.6387575727011989E-018   2.6480094265012362E-017  -8.0058417437111407E-017   1.9257644224524058E-017   1.6483543606859489E-017  -4.9835412280401468E-017   1.1987654392898020E-017   4.9360696299529798E-033  -8.6836742794177964E-033   4.1098106266748572E-032  -1.2081159686196763E-032   5.6015112163803526E-033  -2.8214214765832416E-019   1.5963570641512133E-018  -4.8263355462959060E-018   1.1609504138868746E-018  -8.1449519263333070E-033   5.8301170298498552E-033  -2.9507441215706980E-032   1.6344154211749854E-032  -3.6228004543806917E-032  -4.2347516350729163E-018  -1.0685639899134380E-017  -1.1140618466477564E-017  -1.2117506310528787E-016   1.8802053245000707E-016   2.0898369401067325E-017  -7.5430034982884547E-017   1.1704054428988958E-016   1.3008986293145556E-017  -1.6469745934654170E-032   6.2724306245708839E-032  -9.5564397646167408E-032   3.0350983829012096E-032   1.0864118102068052E-033  -3.7179603905244866E-019  -7.3050596440920606E-018   1.1334850328633894E-017   1.2598618150206450E-018   1.7766995299245439E-032  -2.6189827834084281E-032   7.4579368340598021E-032  -3.6228004543806917E-032   1.0396337740245254E-031
