   1.0036009229955107        1.5157148158582190E-002   5.8317900339248255E-003   2.8340705224682714E-017   7.2279001439762495E-017   2.6877281994142211E-016   1.7673465279101793E-017  -5.4162205610943779E-019   1.2061956694419861E-016  -1.2167682533143022E-017  -3.5039828282622532E-019   8.3341330057224466E-018  -1.4466082748749422E-018  -6.5764756412462130E-018   1.3644864124503298E-003   2.9697518360604874E-019  -2.7420435275818707E-017  -2.3822838741835613E-018  -8.9167305142474529E-018  -2.0651879868669386E-017   5.9458358646023938E-017   6.5585577778961299E-017  -1.9860505411384589E-016   1.5157148158582190E-002  0.31906680511328650       0.29343254330116236       -5.3470231820197504E-017   4.4080299745654524E-016   5.3924488536262828E-016   1.7420053890192993E-017  -1.1092561601003030E-016   1.5196819887430280E-016  -4.4230913415318595E-017  -2.3299342208003791E-019   7.9020407804916693E-018  -5.3897171308984858E-018  -2.6848384462139473E-017  -2.1569126468106012E-003   1.4094664166494578E-018  -1.4991167304524747E-016  -4.6938322646141263E-017  -2.8459907825108570E-017  -8.7375853014948625E-017   1.8008951879762698E-016  -3.9869872265999191E-017  -2.8719178380118008E-016   5.8317900339248255E-003  0.29343254330116236       0.26992331755547994       -1.5692788170815011E-016   4.3834642892940814E-016  -3.5136216414907054E-016  -4.3729687280519031E-017  -8.3545527470801559E-017  -3.2991094546021144E-016  -4.0595960665010825E-017  -2.1153115993853823E-019   7.2028389633335611E-018  -4.9470749478133077E-018  -2.4648493254392140E-017  -1.9954826404799970E-003  -4.2186851355824792E-019  -1.3717067831630461E-016  -5.6661006537256632E-017  -2.6112244154283461E-017  -8.0222557550920437E-017   1.6520936304128238E-016  -3.7212199082615876E-017  -2.6262311128699728E-016   2.8340705224682714E-017  -5.3470231820197504E-017  -1.5692788170815011E-016  0.53248820612870640       -4.7184478546569153E-016  -4.4061976289810900E-016  0.29528009465168636        2.7755575615628914E-016  -2.7755575615628914E-016   1.0294157556246723E-017   1.6605189212955796E-017  -1.9543656472820148E-017   9.2809714376505474E-018   6.6397301471506183E-018  -4.6900307605975009E-018   8.5008652850552865E-003  -1.1579279202145187E-016  -4.0115480381963664E-018   3.4251819931009215E-017   1.7574956214875604E-017  -9.2784557146100771E-017  -3.0530567247097840E-017  -9.8548482884922468E-017   7.2279001439762495E-017   4.4080299745654524E-016   4.3834642892940814E-016  -4.7184478546569153E-016  0.53248820612870895        2.0816681711721685E-017  -4.1633363423443370E-016  0.29528009465168659        6.5919492087118670E-017  -3.0653705386606667E-017  -2.6037523035812382E-018  -4.1574220775504302E-017  -1.2908529746484892E-018   9.0475980127419823E-018  -1.5058788915638836E-016  -5.1174342541315809E-017   8.5008652850551807E-003  -9.2374025095764978E-017  -8.7601576595240299E-017  -7.6675081194326345E-017   1.4947531273159957E-016  -1.8226710863338225E-018  -5.4024371899491527E-017   2.6877281994142211E-016   5.3924488536262828E-016  -3.5136216414907054E-016  -4.4061976289810900E-016   2.0816681711721685E-017  0.53248820612870806        9.3675067702747583E-017  -2.6714741530042829E-016  0.29528009465168636        1.0775188898247530E-020   1.8320083957697044E-017  -3.7585424736882984E-017   3.3605442774396582E-017   2.6417743574550567E-017   2.3402207518638602E-016   8.1152532610540007E-017  -6.5811071869870119E-017   8.5008652850553593E-003  -2.1319821528455600E-017  -8.5259992053375914E-017   2.0452543205566998E-016   7.3864428424824371E-017   3.6878915628547912E-018   1.7673465279101793E-017   1.7420053890192993E-017  -4.3729687280519031E-017  0.29528009465168636       -4.1633363423443370E-016   9.3675067702747583E-017  0.16374134355275149        8.3266726846886741E-017   4.9439619065339002E-017   5.7084077780178989E-018   9.2080571664823292E-018  -1.0837522158640119E-017   5.1465668028460829E-018   3.6819221979883790E-018  -2.9193667198059303E-018   4.7139754028385772E-003  -6.6353172956112871E-017   3.3339216803929261E-018   1.8993623736290450E-017   9.7458209870160736E-018  -5.1451717617372379E-017  -1.6930081610697111E-017  -5.4647980967688263E-017  -5.4162205610943779E-019  -1.1092561601003030E-016  -8.3545527470801559E-017   2.7755575615628914E-016  0.29528009465168659       -2.6714741530042829E-016   8.3266726846886741E-017  0.16374134355275091       -1.1796119636642288E-016  -1.6998365266693356E-017  -1.4438558785002909E-018  -2.3054106559298627E-017  -7.1581526904933258E-019   5.0171544962389697E-018  -8.1137780585965958E-017  -1.9515639104739080E-017   4.7139754028384983E-003  -5.5673781557130653E-017  -4.8577605158126471E-017  -4.2518547776086958E-017   8.2888379467335057E-017  -1.0107237769721981E-018  -2.9958075060396330E-017   1.2061956694419861E-016   1.5196819887430280E-016  -3.2991094546021144E-016  -2.7755575615628914E-016   6.5919492087118670E-017  0.29528009465168636        4.9439619065339002E-017  -1.1796119636642288E-016  0.16374134355275094        5.9751535548646635E-021   1.0159015848227212E-017  -2.0842203913804780E-017   1.8635188928179103E-017   1.4649402058853828E-017   1.3073477191674315E-016   4.4669129506402783E-017  -3.5616041366148821E-017   4.7139754028386015E-003  -1.1822456997963603E-017  -4.7279128877903526E-017   1.1341526110998556E-016   4.0959959611580562E-017   2.0450424201165739E-018  -1.2167682533143022E-017  -4.4230913415318595E-017  -4.0595960665010825E-017   1.0294157556246723E-017  -3.0653705386606667E-017   1.0775188898247530E-020   5.7084077780178989E-018  -1.6998365266693356E-017   5.9751535548646635E-021   8.1962404625421929E-033   5.0698018455939337E-034   8.3940379894135920E-034   1.0135165586028419E-033   3.3831431549917423E-033   2.8427924831837222E-019   1.6434025317668139E-019  -4.8936862259127089E-019   1.7201963949203993E-022   9.7258951589881038E-033   1.7030170287569789E-032  -3.5870434758569654E-032   4.3658610302065784E-033   4.2873719521921883E-032  -3.5039828282622532E-019  -2.3299342208003791E-019  -2.1153115993853823E-019   1.6605189212955796E-017  -2.6037523035812382E-018   1.8320083957697044E-017   9.2080571664823292E-018  -1.4438558785002909E-018   1.0159015848227212E-017   5.0698018455939337E-034   1.1611319058325108E-033  -1.7077408165520659E-033   1.4562540931012729E-033   1.0931066428965015E-033   1.0787007499799789E-021   2.6509221219835450E-019  -4.1567394946300561E-020   2.9246951189308314E-019   7.8630691529003450E-034  -1.9409697443323113E-033   3.2635912160860085E-033   1.6044068024781676E-033  -2.4098018156620792E-033   8.3341330057224466E-018   7.9020407804916693E-018   7.2028389633335611E-018  -1.9543656472820148E-017  -4.1574220775504302E-017  -3.7585424736882984E-017  -1.0837522158640119E-017  -2.3054106559298627E-017  -2.0842203913804780E-017   8.3940379894135920E-034  -1.7077408165520659E-033   6.8750362343288682E-033  -2.7548057443060177E-033  -3.5217716103820967E-033  -4.1776769339768200E-020  -3.1200313723509510E-019  -6.6370831518149476E-019  -6.0002950054559114E-019   6.3223741212603842E-033   9.0645166497117109E-033  -1.7837167394490726E-032  -4.4027418674995284E-033  -1.0058165873068180E-033  -1.4466082748749422E-018  -5.3897171308984858E-018  -4.9470749478133077E-018   9.2809714376505474E-018  -1.2908529746484892E-018   3.3605442774396582E-017   5.1465668028460829E-018  -7.1581526904933258E-019   1.8635188928179103E-017   1.0135165586028419E-033   1.4562540931012729E-033  -2.7548057443060177E-033   2.3781951573035000E-033   2.2208425214835837E-033   3.4693351350747094E-020   1.4816532459846893E-019  -2.0607718845230083E-020   5.3649139752164226E-019  -4.6416541292648502E-035  -3.3930259921465205E-033   7.8255784832113365E-033   4.7272658875196743E-033   3.7169223970701399E-033  -6.5764756412462130E-018  -2.6848384462139473E-017  -2.4648493254392140E-017   6.6397301471506183E-018   9.0475980127419823E-018   2.6417743574550567E-017   3.6819221979883790E-018   5.0171544962389697E-018   1.4649402058853828E-017   3.3831431549917423E-033   1.0931066428965015E-033  -3.5217716103820967E-033   2.2208425214835837E-033   3.8343763211855518E-033   1.7374280960685078E-019   1.0599943972544387E-019   1.4443965326260482E-019   4.2174394977700400E-019   3.1571496835529536E-034   2.1260406332011080E-033  -3.8932865603878021E-033   6.2511194521481691E-033   2.3180087447092156E-032   1.3644864124503298E-003  -2.1569126468106012E-003  -1.9954826404799970E-003  -4.6900307605975009E-018  -1.5058788915638836E-016   2.3402207518638602E-016  -2.9193667198059303E-018  -8.1137780585965958E-017   1.3073477191674315E-016   2.8427924831837222E-019   1.0787007499799789E-021  -4.1776769339768200E-020   3.4693351350747094E-020   1.7374280960685078E-019   1.6726631579550586E-005  -9.0556904629079793E-020  -1.3739546274735798E-018   4.1056272331327773E-018   1.8132561880699805E-019   5.6652974677145063E-019  -1.1429589860134503E-018   3.6822776205740862E-019   1.6708846987769750E-018   2.9697518360604874E-019   1.4094664166494578E-018  -4.2186851355824792E-019   8.5008652850552865E-003  -5.1174342541315809E-017   8.1152532610540007E-017   4.7139754028385772E-003  -1.9515639104739080E-017   4.4669129506402783E-017   1.6434025317668139E-019   2.6509221219835450E-019  -3.1200313723509510E-019   1.4816532459846893E-019   1.0599943972544387E-019  -9.0556904629079793E-020   1.3571138245490304E-004  -2.5410988417629010E-018   1.3391590896090488E-018   5.4681043382790868E-019   2.8057397976864592E-019  -1.4812516253962962E-018  -4.8740279363325783E-019  -1.5732693558452468E-018  -2.7420435275818707E-017  -1.4991167304524747E-016  -1.3717067831630461E-016  -1.1579279202145187E-016   8.5008652850551807E-003  -6.5811071869870119E-017  -6.6353172956112871E-017   4.7139754028384983E-003  -3.5616041366148821E-017  -4.8936862259127089E-019  -4.1567394946300561E-020  -6.6370831518149476E-019  -2.0607718845230083E-020   1.4443965326260482E-019  -1.3739546274735798E-018  -2.5410988417629010E-018   1.3571138245489897E-004  -2.5326285122903580E-018  -1.3985083478347965E-018  -1.2240731878220419E-018   2.3862866488833251E-018  -2.9097886461237006E-020  -8.6246775485615752E-019  -2.3822838741835613E-018  -4.6938322646141263E-017  -5.6661006537256632E-017  -4.0115480381963664E-018  -9.2374025095764978E-017   8.5008652850553593E-003   3.3339216803929261E-018  -5.5673781557130653E-017   4.7139754028386015E-003   1.7201963949203993E-022   2.9246951189308314E-019  -6.0002950054559114E-019   5.3649139752164226E-019   4.2174394977700400E-019   4.1056272331327773E-018   1.3391590896090488E-018  -2.5326285122903580E-018   1.3571138245490488E-004  -3.4035858189694127E-019  -1.3611263091063387E-018   3.2651298662804819E-018   1.1792027469717828E-018   5.8875049251653987E-020  -8.9167305142474529E-018  -2.8459907825108570E-017  -2.6112244154283461E-017   3.4251819931009215E-017  -8.7601576595240299E-017  -2.1319821528455600E-017   1.8993623736290450E-017  -4.8577605158126471E-017  -1.1822456997963603E-017   9.7258951589881038E-033   7.8630691529003450E-034   6.3223741212603842E-033  -4.6416541292648502E-035   3.1571496835529536E-034   1.8132561880699805E-019   5.4681043382790868E-019  -1.3985083478347965E-018  -3.4035858189694127E-019   2.0064086334137507E-032   2.5076400604731941E-032  -5.5195292101394471E-032  -1.5741026269992196E-033   2.9412963030072362E-032  -2.0651879868669386E-017  -8.7375853014948625E-017  -8.0222557550920437E-017   1.7574956214875604E-017  -7.6675081194326345E-017  -8.5259992053375914E-017   9.7458209870160736E-018  -4.2518547776086958E-017  -4.7279128877903526E-017   1.7030170287569789E-032  -1.9409697443323113E-033   9.0645166497117109E-033  -3.3930259921465205E-033   2.1260406332011080E-033   5.6652974677145063E-019   2.8057397976864592E-019  -1.2240731878220419E-018  -1.3611263091063387E-018   2.5076400604731941E-032   4.9471542233401748E-032  -1.0748849282429659E-031  -2.7641100325344510E-033   8.5626317768582365E-032   5.9458358646023938E-017   1.8008951879762698E-016   1.6520936304128238E-016  -9.2784557146100771E-017   1.4947531273159957E-016   2.0452543205566998E-016  -5.1451717617372379E-017   8.2888379467335057E-017   1.1341526110998556E-016  -3.5870434758569654E-032   3.2635912160860085E-033  -1.7837167394490726E-032   7.8255784832113365E-033  -3.8932865603878021E-033  -1.1429589860134503E-018  -1.4812516253962962E-018   2.3862866488833251E-018   3.2651298662804819E-018  -5.5195292101394471E-032  -1.0748849282429659E-031   2.4091463059851439E-031   1.4100573667813600E-032  -1.6806351486693144E-031   6.5585577778961299E-017  -3.9869872265999191E-017  -3.7212199082615876E-017  -3.0530567247097840E-017  -1.8226710863338225E-018   7.3864428424824371E-017  -1.6930081610697111E-017  -1.0107237769721981E-018   4.0959959611580562E-017   4.3658610302065784E-033   1.6044068024781676E-033  -4.4027418674995284E-033   4.7272658875196743E-033   6.2511194521481691E-033   3.6822776205740862E-019  -4.8740279363325783E-019  -2.9097886461237006E-020   1.1792027469717828E-018  -1.5741026269992196E-033  -2.7641100325344510E-033   1.4100573667813600E-032   2.1525342133546475E-032   2.9788361565233914E-032  -1.9860505411384589E-016  -2.8719178380118008E-016  -2.6262311128699728E-016  -9.8548482884922468E-017  -5.4024371899491527E-017   3.6878915628547912E-018  -5.4647980967688263E-017  -2.9958075060396330E-017   2.0450424201165739E-018   4.2873719521921883E-032  -2.4098018156620792E-033  -1.0058165873068180E-033   3.7169223970701399E-033   2.3180087447092156E-032   1.6708846987769750E-018  -1.5732693558452468E-018  -8.6246775485615752E-019   5.8875049251653987E-020   2.9412963030072362E-032   8.5626317768582365E-032  -1.6806351486693144E-031   2.9788361565233914E-032   3.1635900751296848E-031
