1.0031225079416599 0.0095719781011600 0.0016029010220200 -0.0000000000000000 0.0000000000000000 0.0000000000000000 0.0000000000000000 -0.0000000000000000 0.0000000000000000 0.0002821325190400 0.0000000250148500 0.0000005939549400 0.0004869377518600 -0.0000410883695900 0.0014683750923800 -0.0000000000000000 -0.0000000000000000 -0.0000000000000000 -0.0000265783017300 -0.0000000023565200 -0.0000000559535400 -0.0000458719843200 0.0000038707309900
0.0095719781011600 0.2933946953950400 0.2909414424418800 0.0000000000000000 0.0000000000000000 0.0000000000000000 0.0000000000000000 -0.0000000000000000 0.0000000000000000 0.0044969743612000 0.0000003987174300 0.0000094671828200 0.0077614115277800 -0.0006549168639900 0.0024961240343200 0.0000000000000000 0.0000000000000000 -0.0000000000000000 0.0018804306106400 0.0000001667255400 0.0000039587462500 0.0032454700975200 -0.0002738565131900
0.0016029010220200 0.2909414424418800 0.2885707651819500 -0.0000000000000000 0.0000000000000000 0.0000000000000000 -0.0000000000000000 -0.0000000000000000 0.0000000000000000 0.0044583070682700 0.0000003952890500 0.0000093857791300 0.0076946749291200 -0.0006492855527600 0.0024643414538300 0.0000000000000000 0.0000000000000000 -0.0000000000000000 0.0018653988945400 0.0000001653927700 0.0000039271009700 0.0032195265796800 -0.0002716673692100
-0.0000000000000000 0.0000000000000000 -0.0000000000000000 0.5036638319609300 0.0000007547078900 0.0000179198524200 0.3014051528232400 -0.0000000221283700 -0.0000005254179800 -0.0000000000000000 0.0000000000000000 -0.0000000000000000 0.0000000000000000 -0.0000000000000000 0.0000000000000000 0.0141827503341700 -0.0000003709610400 -0.0000088081326500 -0.0000000000000000 -0.0000000000000000 -0.0000000000000000 -0.0000000000000000 -0.0000000000000000
0.0000000000000000 0.0000000000000000 0.0000000000000000 0.0000007547078900 0.5036116340001801 -0.0012396521513000 -0.0000000221283700 0.3014066832904900 0.0000363471483300 0.0000000000000000 0.0000000000000000 -0.0000000000000000 0.0000000000000000 0.0000000000000000 -0.0000000000000000 -0.0000003709610400 0.0142084071616600 0.0006093253631500 -0.0000000000000000 -0.0000000000000000 0.0000000000000000 -0.0000000000000000 -0.0000000000000000
0.0000000000000000 0.0000000000000000 0.0000000000000000 0.0000179198524200 -0.0012396521513000 0.4742294298559800 -0.0000005254179800 0.0000363471483300 0.3022681824870500 -0.0000000000000000 0.0000000000000000 0.0000000000000000 0.0000000000000000 0.0000000000000000 -0.0000000000000000 -0.0000088081326500 0.0006093253631500 0.0286506216099200 0.0000000000000000 -0.0000000000000000 -0.0000000000000000 0.0000000000000000 0.0000000000000000
0.0000000000000000 0.0000000000000000 -0.0000000000000000 0.3014051528232400 -0.0000000221283700 -0.0000005254179800 0.1803684531592400 -0.0000003152488700 -0.0000074852977700 -0.0000000000000000 0.0000000000000000 -0.0000000000000000 0.0000000000000000 -0.0000000000000000 0.0000000000000000 0.0084873160869100 -0.0000002506437900 -0.0000059513087700 -0.0000000000000000 -0.0000000000000000 -0.0000000000000000 -0.0000000000000000 -0.0000000000000000
-0.0000000000000000 -0.0000000000000000 -0.0000000000000000 -0.0000000221283700 0.3014066832904900 0.0000363471483300 -0.0000003152488700 0.1803902567583900 0.0005178148380400 -0.0000000000000000 0.0000000000000000 -0.0000000000000000 0.0000000000000000 0.0000000000000000 -0.0000000000000000 -0.0000002506437900 0.0085046513960500 0.0004116971806000 -0.0000000000000000 -0.0000000000000000 0.0000000000000000 -0.0000000000000000 -0.0000000000000000
0.0000000000000000 0.0000000000000000 0.0000000000000000 -0.0000005254179800 0.0000363471483300 0.3022681824870500 -0.0000074852977700 0.0005178148380400 0.1926634910397300 -0.0000000000000000 0.0000000000000000 0.0000000000000000 0.0000000000000000 0.0000000000000000 -0.0000000000000000 -0.0000059513087700 0.0004116971806000 0.0182626876269500 0.0000000000000000 -0.0000000000000000 -0.0000000000000000 0.0000000000000000 0.0000000000000000
0.0002821325190400 0.0044969743612000 0.0044583070682700 -0.0000000000000000 0.0000000000000000 -0.0000000000000000 -0.0000000000000000 -0.0000000000000000 -0.0000000000000000 0.0000689451582300 0.0000000061129200 0.0000001451456800 0.0001189937284200 -0.0000100408281600 0.0000384463535300 0.0000000000000000 0.0000000000000000 -0.0000000000000000 0.0000288102161000 0.0000000025544100 0.0000000606522400 0.0000497240867700 -0.0000041957758400
0.0000000250148500 0.0000003987174300 0.0000003952890500 0.0000000000000000 0.0000000000000000 0.0000000000000000 0.0000000000000000 0.0000000000000000 0.0000000000000000 0.0000000061129200 0.0000000000005400 0.0000000000128700 0.0000000105504000 -0.0000000008902500 0.0000000034087900 0.0000000000000000 0.0000000000000000 0.0000000000000000 0.0000000025544100 0.0000000000002300 0.0000000000053800 0.0000000044087100 -0.0000000003720100
0.0000005939549400 0.0000094671828200 0.0000093857791300 -0.0000000000000000 -0.0000000000000000 0.0000000000000000 -0.0000000000000000 -0.0000000000000000 0.0000000000000000 0.0000001451456800 0.0000000000128700 0.0000000003055700 0.0000002505096300 -0.0000000211382900 0.0000000809385700 -0.0000000000000000 -0.0000000000000000 0.0000000000000000 0.0000000606522400 0.0000000000053800 0.0000000001276900 0.0000001046808300 -0.0000000088330900
0.0004869377518600 0.0077614115277800 0.0076946749291200 0.0000000000000000 0.0000000000000000 0.0000000000000000 0.0000000000000000 0.0000000000000000 0.0000000000000000 0.0001189937284200 0.0000000105504000 0.0000002505096300 0.0002053734847700 -0.0000173296517100 0.0000663552752500 0.0000000000000000 0.0000000000000000 0.0000000000000000 0.0000497240867700 0.0000000044087100 0.0000001046808300 0.0000858197244000 -0.0000072415674100
-0.0000410883695900 -0.0006549168639900 -0.0006492855527600 -0.0000000000000000 0.0000000000000000 0.0000000000000000 -0.0000000000000000 0.0000000000000000 0.0000000000000000 -0.0000100408281600 -0.0000000008902500 -0.0000000211382900 -0.0000173296517100 0.0000014622960200 -0.0000055991347200 -0.0000000000000000 -0.0000000000000000 0.0000000000000000 -0.0000041957758400 -0.0000000003720100 -0.0000000088330900 -0.0000072415674100 0.0000006110518200
0.0014683750923800 0.0024961240343200 0.0024643414538300 0.0000000000000000 -0.0000000000000000 -0.0000000000000000 0.0000000000000000 -0.0000000000000000 -0.0000000000000000 0.0000384463535300 0.0000000034087900 0.0000000809385700 0.0000663552752500 -0.0000055991347200 0.0000231545692700 0.0000000000000000 -0.0000000000000000 -0.0000000000000000 0.0000158765955600 0.0000000014076700 0.0000000334239500 0.0000274017110000 -0.0000023121880000
-0.0000000000000000 0.0000000000000000 0.0000000000000000 0.0141827503341700 -0.0000003709610400 -0.0000088081326500 0.0084873160869100 -0.0000002506437900 -0.0000059513087700 0.0000000000000000 0.0000000000000000 -0.0000000000000000 0.0000000000000000 -0.0000000000000000 0.0000000000000000 0.0003993745164200 -0.0000000341653800 -0.0000008112257900 -0.0000000000000000 -0.0000000000000000 -0.0000000000000000 -0.0000000000000000 -0.0000000000000000
-0.0000000000000000 0.0000000000000000 0.0000000000000000 -0.0000003709610400 0.0142084071616600 0.0006093253631500 -0.0000002506437900 0.0085046513960500 0.0004116971806000 0.0000000000000000 0.0000000000000000 -0.0000000000000000 0.0000000000000000 -0.0000000000000000 -0.0000000000000000 -0.0000000341653800 0.0004017375008200 0.0000561186426500 0.0000000000000000 -0.0000000000000000 0.0000000000000000 -0.0000000000000000 -0.0000000000000000
-0.0000000000000000 -0.0000000000000000 -0.0000000000000000 -0.0000088081326500 0.0006093253631500 0.0286506216099200 -0.0000059513087700 0.0004116971806000 0.0182626876269500 -0.0000000000000000 0.0000000000000000 0.0000000000000000 0.0000000000000000 0.0000000000000000 -0.0000000000000000 -0.0000008112257900 0.0000561186426500 0.0017318601589100 0.0000000000000000 -0.0000000000000000 -0.0000000000000000 -0.0000000000000000 0.0000000000000000
-0.0000265783017300 0.0018804306106400 0.0018653988945400 -0.0000000000000000 -0.0000000000000000 0.0000000000000000 -0.0000000000000000 -0.0000000000000000 0.0000000000000000 0.0000288102161000 0.0000000025544100 0.0000000606522400 0.0000497240867700 -0.0000041957758400 0.0000158765955600 -0.0000000000000000 0.0000000000000000 0.0000000000000000 0.0000120597995500 0.0000000010692600 0.0000000253887000 0.0000208142319100 -0.0000017563289200
-0.0000000023565200 0.0000001667255400 0.0000001653927700 -0.0000000000000000 -0.0000000000000000 -0.0000000000000000 -0.0000000000000000 -0.0000000000000000 -0.0000000000000000 0.0000000025544100 0.0000000000002300 0.0000000000053800 0.0000000044087100 -0.0000000003720100 0.0000000014076700 -0.0000000000000000 -0.0000000000000000 -0.0000000000000000 0.0000000010692600 0.0000000000000900 0.0000000000022500 0.0000000018454600 -0.0000000001557200
-0.0000000559535400 0.0000039587462500 0.0000039271009700 -0.0000000000000000 0.0000000000000000 -0.0000000000000000 -0.0000000000000000 0.0000000000000000 -0.0000000000000000 0.0000000606522400 0.0000000000053800 0.0000000001276900 0.0000001046808300 -0.0000000088330900 0.0000000334239500 -0.0000000000000000 0.0000000000000000 -0.0000000000000000 0.0000000253887000 0.0000000000022500 0.0000000000534500 0.0000000438188300 -0.0000000036974800
-0.0000458719843200 0.0032454700975200 0.0032195265796800 -0.0000000000000000 -0.0000000000000000 0.0000000000000000 -0.0000000000000000 -0.0000000000000000 0.0000000000000000 0.0000497240867700 0.0000000044087100 0.0000001046808300 0.0000858197244000 -0.0000072415674100 0.0000274017110000 -0.0000000000000000 -0.0000000000000000 -0.0000000000000000 0.0000208142319100 0.0000000018454600 0.0000000438188300 0.0000359236692300 -0.0000030312806800
0.0000038707309900 -0.0002738565131900 -0.0002716673692100 -0.0000000000000000 -0.0000000000000000 0.0000000000000000 -0.0000000000000000 -0.0000000000000000 0.0000000000000000 -0.0000041957758400 -0.0000000003720100 -0.0000000088330900 -0.0000072415674100 0.0000006110518200 -0.0000023121880000 -0.0000000000000000 -0.0000000000000000 0.0000000000000000 -0.0000017563289200 -0.0000000001557200 -0.0000000036974800 -0.0000030312806800 0.0000002557829600
