   1.0036009228056908        1.5157149849330302E-002   5.8317920748297029E-003  -8.8847053726719154E-017   3.2884495797861995E-017  -5.4786212693156065E-017  -1.3105353095187537E-016   4.0151526057141270E-017  -3.2796907392422114E-017  -1.7012791818297722E-018  -2.3213012734456648E-019   5.7871802744000282E-018   2.0614364674285106E-018  -5.6365178747390962E-018   1.3644863084649461E-003   1.2268372752186694E-017  -1.4986130130797149E-017  -1.7464324480792057E-018  -7.3021363362432257E-017  -4.1617371933322053E-018  -3.4208004765092885E-018  -5.8097050183855261E-017  -3.0876507812993330E-017   1.5157149849330302E-002  0.31906681459591552       0.29343254321682616       -2.5716650239387985E-016  -4.8504504536685882E-019  -2.4044103873225362E-016  -1.3905502421641615E-016   1.5423077846596627E-018  -4.5090588857414754E-017  -3.7615243605959559E-018   2.4350737158982575E-018  -6.5057486643549227E-018  -1.9092649604054324E-017  -2.8284124670333509E-017  -2.1569131987528270E-003   1.2837074427672755E-016  -2.0378387963037743E-017  -1.3579659469287701E-017   4.7627703746795150E-016  -1.0491505529592568E-017   1.3999601399392445E-017  -4.2353215912471781E-016  -1.2118073242559027E-016   5.8317920748297029E-003  0.29343254321682616       0.26992330936561743       -6.7734399913897079E-017   2.5055159475989717E-016   3.6800169246434995E-019  -3.3632222354682020E-017   1.4042737034458808E-016   8.1409002331635606E-017  -3.4470091634105829E-018   2.2422482955908739E-018  -6.0323516834212863E-018  -1.7582717303228583E-017  -2.5977033669357165E-017  -1.9954830866755128E-003   1.2069181887756792E-016  -1.4616555064989632E-017  -8.9493585947535613E-018   4.3878551712702838E-016  -9.6189877576577274E-018   1.2907885258104677E-017  -3.8919797596180181E-016  -1.1124182690691574E-016  -8.8847053726719154E-017  -2.5716650239387985E-016  -6.7734399913897079E-017  0.53248821901189070        1.3877787807814457E-016  -1.3877787807814457E-016  0.29528009128986860       -3.8857805861880479E-016   4.8572257327350599E-017  -1.3514688427163517E-017  -2.1710351327283582E-017   2.3589260774786914E-017  -1.4141580387837528E-017   1.1058422384940580E-017   1.3829667818481519E-016   8.5008635276962400E-003   1.6479873021779667E-016   6.1149002528182450E-017  -9.4578023103364949E-016   9.1985710651728777E-017  -1.5063572510799031E-017   4.6493004794605887E-016   1.3443886227062085E-016   3.2884495797861995E-017  -4.8504504536685882E-019   2.5055159475989717E-016   1.3877787807814457E-016  0.53248821901189292        1.4571677198205180E-016   2.7755575615628914E-016  0.29528009128986754        6.5919492087118670E-017   7.2805584903548156E-018  -6.3678074387533196E-017   4.5326678768321555E-018   3.2103108777700606E-017   1.1057213285558540E-017  -3.0942319980850931E-016   2.6020852139652106E-016   8.5008635276972947E-003   2.1684043449710089E-018   7.1509884477742244E-016   9.4364079360444036E-017  -1.1630191403383608E-017  -1.5421508983891183E-016  -1.9666312158785271E-016  -5.4786212693156065E-017  -2.4044103873225362E-016   3.6800169246434995E-019  -1.3877787807814457E-016   1.4571677198205180E-016  0.53248821901189203       -1.3183898417423734E-016  -4.8572257327350599E-017  0.29528009128986804       -1.5835057296371119E-018   2.9059568308846760E-017   2.2550038445615998E-016  -4.2214241419772136E-017  -1.1240166259350029E-016   7.7500182657781986E-017   1.1774435593192578E-016  -2.3928341946755083E-016   8.5008635276970675E-003   1.6027032153793535E-016  -2.1332373078414744E-016   6.2955876481778434E-017  -1.1166372635845257E-016   2.2568837379421676E-016  -1.3105353095187537E-016  -1.3905502421641615E-016  -3.3632222354682020E-017  0.29528009128986860        2.7755575615628914E-016  -1.3183898417423734E-016  0.16374133586269285       -9.0205620750793969E-017  -6.9388939039072284E-018  -7.4942849250865004E-018  -1.2039016626041599E-017   1.3080926162019071E-017  -7.8419146167258697E-018   6.1322144880622637E-018   7.6545617384247660E-017   4.7139742606114024E-003   9.4759269875233088E-017   3.2851325826310784E-017  -5.2446244440486420E-016   5.1008732341549530E-017  -8.3531858684012934E-018   2.5781713491364506E-016   7.4550230609493515E-017   4.0151526057141270E-017   1.5423077846596627E-018   1.4042737034458808E-016  -3.8857805861880479E-016  0.29528009128986754       -4.8572257327350599E-017  -9.0205620750793969E-017  0.16374133586269093       -4.5102810375396984E-017   4.0372798851070559E-018  -3.5311330743063470E-017   2.5134952035956988E-018   1.7802100689022520E-017   6.1315440075461049E-018  -1.7156441060572871E-016   1.3682631416767066E-016   4.7139742606119505E-003  -6.5052130349130266E-019   3.9654295555868519E-016   5.2327606458113713E-017  -6.4492769167406561E-018  -8.5516719769704736E-017  -1.0905537892194112E-016  -3.2796907392422114E-017  -4.5090588857414754E-017   8.1409002331635606E-017   4.8572257327350599E-017   6.5919492087118670E-017  0.29528009128986804       -6.9388939039072284E-018  -4.5102810375396984E-017  0.16374133586269185       -8.7809964560893988E-019   1.6114369626811963E-017   1.2504647376363499E-016  -2.3409015664785010E-017  -6.2329967136794992E-017   4.2369908264401635E-017   6.7328954911349825E-017  -1.3308581667259567E-016   4.7139742606118421E-003   8.8874520571733229E-017  -1.1829416774163698E-016   3.4910851153230936E-017  -6.1920760188976809E-017   1.2515071927916195E-016  -1.7012791818297722E-018  -3.7615243605959559E-018  -3.4470091634105829E-018  -1.3514688427163517E-017   7.2805584903548156E-018  -1.5835057296371119E-018  -7.4942849250865004E-018   4.0372798851070559E-018  -8.7809964560893988E-019   4.9391704001962283E-034  -4.3423401132856699E-034  -1.1398756216313238E-033   1.1439689141019936E-033   5.4473804820847617E-034   2.3201012711948557E-020  -2.1575411030095758E-019   1.1622986560485787E-019  -2.5279744456978530E-020   2.7835192096680473E-032  -2.8078150525445876E-034  -1.2275628959678965E-034  -8.5257802636362934E-033  -5.3054058383346140E-033  -2.3213012734456648E-019   2.4350737158982575E-018   2.2422482955908739E-018  -2.1710351327283582E-017  -6.3678074387533196E-017   2.9059568308846760E-017  -1.2039016626041599E-017  -3.5311330743063470E-017   1.6114369626811963E-017  -4.3423401132856699E-034   1.0104740159613778E-032   1.0750691870488028E-032  -5.7130117496256022E-033  -8.1216416307979223E-033  -1.6970012937544867E-020  -3.4659308353161487E-019  -1.0165832796817175E-018   4.6391904186293113E-019  -3.4540324371948927E-032  -2.6755559362161866E-032   5.5489329516350408E-033  -9.8269655577932113E-033   2.9437263624937334E-032   5.7871802744000282E-018  -6.5057486643549227E-018  -6.0323516834212863E-018   2.3589260774786914E-017   4.5326678768321555E-018   2.2550038445615998E-016   1.3080926162019071E-017   2.5134952035956988E-018   1.2504647376363499E-016  -1.1398756216313238E-033   1.0750691870488028E-032   9.6749163483912372E-032  -1.7822928741099177E-032  -4.6465709611577283E-032   5.2896478207049224E-020   3.7658877587534112E-019   7.2361396293007103E-020   3.5999819813144602E-018   2.1768268017373345E-032  -8.5269369338863040E-032   2.5584219634656184E-032  -1.9599182116506401E-032   1.0217525163559743E-031   2.0614364674285106E-018  -1.9092649604054324E-017  -1.7582717303228583E-017  -1.4141580387837528E-017   3.2103108777700606E-017  -4.2214241419772136E-017  -7.8419146167258697E-018   1.7802100689022520E-017  -2.3409015664785010E-017   1.1439689141019936E-033  -5.7130117496256022E-033  -1.7822928741099177E-032   6.8089296168834858E-033   1.0963633487011400E-032   1.3340962192143911E-019  -2.2576207444745173E-019   5.1250738850236842E-019  -6.7392571783212745E-019   2.6741233409636223E-032   2.0774881305514774E-032  -6.1419092429119478E-033   1.2438893856559827E-032  -2.6141946976658475E-032  -5.6365178747390962E-018  -2.8284124670333509E-017  -2.5977033669357165E-017   1.1058422384940580E-017   1.1057213285558540E-017  -1.1240166259350029E-016   6.1322144880622637E-018   6.1315440075461049E-018  -6.2329967136794992E-017   5.4473804820847617E-034  -8.1216416307979223E-033  -4.6465709611577283E-032   1.0963633487011400E-032   2.6711519771476307E-032   1.8492322650723362E-019   1.7654125700738729E-019   1.7652195444178479E-019  -1.7944269185272964E-018  -8.0434189704538182E-032   4.9845506327101355E-032  -1.5067064719844476E-032   6.7731101583407393E-032  -3.8082048011387895E-032   1.3644863084649461E-003  -2.1569131987528270E-003  -1.9954830866755128E-003   1.3829667818481519E-016  -3.0942319980850931E-016   7.7500182657781986E-017   7.6545617384247660E-017  -1.7156441060572871E-016   4.2369908264401635E-017   2.3201012711948557E-020  -1.6970012937544867E-020   5.2896478207049224E-020   1.3340962192143911E-019   1.8492322650723362E-019   1.6726638406272503E-005   1.3230920627856181E-018  -4.8233269670450717E-018   1.3024977226401417E-018  -3.3595707942397951E-018   6.5564784111618540E-020  -1.0061476342691712E-019   2.8075552063238804E-018   7.8244620987785087E-019   1.2268372752186694E-017   1.2837074427672755E-016   1.2069181887756792E-016   8.5008635276962400E-003   2.6020852139652106E-016   1.1774435593192578E-016   4.7139742606114024E-003   1.3682631416767066E-016   6.7328954911349825E-017  -2.1575411030095758E-019  -3.4659308353161487E-019   3.7658877587534112E-019  -2.2576207444745173E-019   1.7654125700738729E-019   1.3230920627856181E-018   1.3571132306103179E-004   6.7491585237222651E-018   2.8900764160316728E-018  -1.5098829202510919E-017   1.4684981654608878E-018  -2.4048114039306476E-019   7.4223367699076009E-018   2.1462379451360742E-018  -1.4986130130797149E-017  -2.0378387963037743E-017  -1.4616555064989632E-017   1.6479873021779667E-016   8.5008635276972947E-003  -2.3928341946755083E-016   9.4759269875233088E-017   4.7139742606119505E-003  -1.3308581667259567E-016   1.1622986560485787E-019  -1.0165832796817175E-018   7.2361396293007103E-020   5.1250738850236842E-019   1.7652195444178479E-019  -4.8233269670450717E-018   6.7491585237222651E-018   1.3571132306106491E-004  -3.8150363944333687E-018   1.1416135552345207E-017   1.5064674333050028E-018  -1.8566921556432073E-019  -2.4619538720776275E-018  -3.1396119160186809E-018  -1.7464324480792057E-018  -1.3579659469287701E-017  -8.9493585947535613E-018   6.1149002528182450E-017   2.1684043449710089E-018   8.5008635276970675E-003   3.2851325826310784E-017  -6.5052130349130266E-019   4.7139742606118421E-003  -2.5279744456978530E-020   4.6391904186293113E-019   3.5999819813144602E-018  -6.7392571783212745E-019  -1.7944269185272964E-018   1.3024977226401417E-018   2.8900764160316728E-018  -3.8150363944333687E-018   1.3571132306105789E-004   2.5586221108557931E-018  -3.4055888146789621E-018   1.0050538117655494E-018  -1.7826461973726402E-018   3.6029831213405374E-018  -7.3021363362432257E-017   4.7627703746795150E-016   4.3878551712702838E-016  -9.4578023103364949E-016   7.1509884477742244E-016   1.6027032153793535E-016  -5.2446244440486420E-016   3.9654295555868519E-016   8.8874520571733229E-017   2.7835192096680473E-032  -3.4540324371948927E-032   2.1768268017373345E-032   2.6741233409636223E-032  -8.0434189704538182E-032  -3.3595707942397951E-018  -1.5098829202510919E-017   1.1416135552345207E-017   2.5586221108557931E-018   3.4084919680569828E-030  -1.1617397340044220E-031   5.1372412459241231E-032  -1.6950894027222318E-030  -6.1345484138005116E-031  -4.1617371933322053E-018  -1.0491505529592568E-017  -9.6189877576577274E-018   9.1985710651728777E-017   9.4364079360444036E-017  -2.1332373078414744E-016   5.1008732341549530E-017   5.2327606458113713E-017  -1.1829416774163698E-016  -2.8078150525445876E-034  -2.6755559362161866E-032  -8.5269369338863040E-032   2.0774881305514774E-032   4.9845506327101355E-032   6.5564784111618540E-020   1.4684981654608878E-018   1.5064674333050028E-018  -3.4055888146789621E-018  -1.1617397340044220E-031   1.1843226877683688E-031  -3.0329802684433331E-032   1.1178586243960811E-031  -9.7965601602806618E-032  -3.4208004765092885E-018   1.3999601399392445E-017   1.2907885258104677E-017  -1.5063572510799031E-017  -1.1630191403383608E-017   6.2955876481778434E-017  -8.3531858684012934E-018  -6.4492769167406561E-018   3.4910851153230936E-017  -1.2275628959678965E-034   5.5489329516350408E-033   2.5584219634656184E-032  -6.1419092429119478E-033  -1.5067064719844476E-032  -1.0061476342691712E-019  -2.4048114039306476E-019  -1.8566921556432073E-019   1.0050538117655494E-018   5.1372412459241231E-032  -3.0329802684433331E-032   8.7543028939637251E-033  -4.1414604607954936E-032   2.1960596575031787E-032  -5.8097050183855261E-017  -4.2353215912471781E-016  -3.8919797596180181E-016   4.6493004794605887E-016  -1.5421508983891183E-016  -1.1166372635845257E-016   2.5781713491364506E-016  -8.5516719769704736E-017  -6.1920760188976809E-017  -8.5257802636362934E-033  -9.8269655577932113E-033  -1.9599182116506401E-032   1.2438893856559827E-032   6.7731101583407393E-032   2.8075552063238804E-018   7.4223367699076009E-018  -2.4619538720776275E-018  -1.7826461973726402E-018  -1.6950894027222318E-030   1.1178586243960811E-031  -4.1414604607954936E-032   1.0376603435648410E-030   2.8881867912663691E-031  -3.0876507812993330E-017  -1.2118073242559027E-016  -1.1124182690691574E-016   1.3443886227062085E-016  -1.9666312158785271E-016   2.2568837379421676E-016   7.4550230609493515E-017  -1.0905537892194112E-016   1.2515071927916195E-016  -5.3054058383346140E-033   2.9437263624937334E-032   1.0217525163559743E-031  -2.6141946976658475E-032  -3.8082048011387895E-032   7.8244620987785087E-019   2.1462379451360742E-018  -3.1396119160186809E-018   3.6029831213405374E-018  -6.1345484138005116E-031  -9.7965601602806618E-032   2.1960596575031787E-032   2.8881867912663691E-031   2.4888395623376977E-031
