   1.0036009228056901        1.5157149849330824E-002   5.8317920748296543E-003   1.1152203143798969E-016   2.1815008175132681E-016  -5.0243764315434134E-017   8.2220245607936015E-017   1.8508558517909561E-016  -3.0801669428853973E-017  -3.2801401319234742E-018   6.6934138975212388E-019   1.0709206360756164E-017   5.2231230048366380E-019  -4.5433400670384875E-018   1.3644863084650324E-003  -2.9967995778630335E-017  -7.7061561354770297E-017   6.2640186829376029E-018   6.8275359852475449E-017  -1.5664800477927125E-019  -4.5455337387475720E-018   4.1718912491177751E-017   2.6246903744887736E-016   1.5157149849330824E-002  0.31906681459591674       0.29343254321682655       -6.8706057387939553E-017  -7.7998775689240169E-017   1.4337738322855809E-016  -4.1186802265719830E-017   9.3462725982163760E-017  -3.5429161256639528E-017  -2.8439084335604063E-017   9.2596670730778826E-018   2.0846525457085893E-017   6.2989026973489829E-018  -2.5287714886562155E-017  -2.1569131987528305E-003  -1.1668054448333388E-016  -2.1562291544986022E-016   4.3098135412320656E-017   1.5920298198667002E-016  -2.8825369461996816E-018   1.9854260648772470E-017   7.8039820114229058E-017   1.9698815469611981E-017   5.8317920748296543E-003  0.29343254321682655       0.26992330936561709       -7.1432403172689484E-017  -6.6256471761648402E-017   1.2404550516134857E-016  -4.2616529395553751E-017   8.8524453085451894E-017  -3.6935495015892546E-017  -2.6138652885542030E-017   8.5138774860959136E-018   1.9093115916180395E-017   5.7910366062578654E-018  -2.3229046463949791E-017  -1.9954830866755120E-003  -1.0722563946330753E-016  -1.9764323817715046E-016   3.9469393078425919E-017   1.4592157391951627E-016  -2.6507905456578076E-018   1.8303514189517476E-017   7.1462694021895359E-017   1.6001866419168449E-017   1.1152203143798969E-016  -6.8706057387939553E-017  -7.1432403172689484E-017  0.53248821901189158        4.9960036108132044E-016   5.5511151231257827E-016  0.29528009128986860       -2.2204460492503131E-016   2.9143354396410359E-016  -4.1347712815814949E-017  -1.0695342730336040E-016   4.0486263895393111E-017  -3.8045536587998973E-017  -2.3194554816899123E-017   8.2908699041693412E-017   8.5008635276961793E-003  -3.8163916471489756E-016  -6.5052130349130266E-017   4.2873936681437190E-016   8.5776667131750430E-017  -8.3190715380395171E-017   1.3324511652991343E-016  -1.0530093509028544E-016   2.1815008175132681E-016  -7.7998775689240169E-017  -6.6256471761648402E-017   4.9960036108132044E-016  0.53248821901189314       -5.5511151231257827E-017   2.2204460492503131E-016  0.29528009128986782       -7.6327832942979512E-017  -8.1055565281303499E-017   1.1226287927105255E-017  -1.8382476538130133E-017   3.4943106221300990E-017  -1.1046641184303573E-017   1.9770272348468556E-016  -2.8622937353617317E-016   8.5008635276969374E-003   8.1098322501915732E-017   9.4961157296574345E-016  -3.2190467164986379E-017   2.2560459840045568E-017   2.2604335548481366E-016  -2.3909387501505206E-016  -5.0243764315434134E-017   1.4337738322855809E-016   1.2404550516134857E-016   5.5511151231257827E-016  -5.5511151231257827E-017  0.53248821901189325       -3.0531133177191805E-016  -6.9388939039072284E-018  0.29528009128986799        1.5883027463697326E-017  -2.1365425858870368E-016   9.5949776622763823E-017   6.3756611372917403E-017  -3.7217559216954004E-017  -9.5374412508692684E-017  -1.1058862159352145E-016   2.0231212538579513E-016   8.5008635276964152E-003  -2.1325351118574141E-016   5.9403109222449951E-017   2.7711737654269891E-017  -1.3497316141805969E-016   2.6869261314376553E-016   8.2220245607936015E-017  -4.1186802265719830E-017  -4.2616529395553751E-017  0.29528009128986860        2.2204460492503131E-016  -3.0531133177191805E-016  0.16374133586269257       -1.5959455978986625E-016  -1.8041124150158794E-016  -2.2928500535724447E-017  -5.9308763368519103E-017   2.2450802237843230E-017  -2.1097348477911646E-017  -1.2862050312532567E-017   4.6026159999004168E-017   4.7139742606113616E-003  -2.1272046624165597E-016  -4.5970172113385388E-017   2.3774835733911524E-016   4.7565638443990197E-017  -4.6131653537003422E-017   7.3888264130785275E-017  -5.8392408726086356E-017   1.8508558517909561E-016   9.3462725982163760E-017   8.8524453085451894E-017  -2.2204460492503131E-016  0.29528009128986782       -6.9388939039072284E-018  -1.5959455978986625E-016  0.16374133586269124       -4.1633363423443370E-017  -4.4947651161612942E-017   6.2253007777586004E-018  -1.0193613974005494E-017   1.9376961267094011E-017  -6.1256814721655162E-018   1.0879194704012122E-016  -1.6675029412827058E-016   4.7139742606117554E-003   4.5428071027142636E-017   5.2658703412361634E-016  -1.7850543436958953E-017   1.2510426340458266E-017   1.2534756687552745E-016  -1.3258445674591705E-016  -3.0801669428853973E-017  -3.5429161256639528E-017  -3.6935495015892546E-017   2.9143354396410359E-016  -7.6327832942979512E-017  0.29528009128986799       -1.8041124150158794E-016  -4.1633363423443370E-017  0.16374133586269138        8.8075972988527039E-018  -1.1847745495216749E-016   5.3206921371868581E-017   3.5354881768956473E-017  -2.0638211120540841E-017  -5.2107203827460522E-017  -6.1365842962679551E-017   1.1134756311426131E-016   4.7139742606114683E-003  -1.1825522894696052E-016   3.2940739133451612E-017   1.5366958614667343E-017  -7.4846514912880381E-017   1.4899781160460232E-016  -3.2801401319234742E-018  -2.8439084335604063E-017  -2.6138652885542030E-017  -4.1347712815814949E-017  -8.1055565281303499E-017   1.5883027463697326E-017  -2.2928500535724447E-017  -4.4947651161612942E-017   8.8075972988527039E-018   1.8561263290230575E-032  -6.0257718049511990E-034   6.3962425991158663E-034  -1.0249520771303350E-033   4.6328332467479815E-033   1.8942828975491228E-019  -6.6009209458536442E-019  -1.2940047760967868E-018   2.5356326028411887E-019  -1.9850965064609115E-031   2.6832376227949369E-034   2.0930883712780330E-033  -5.5809833644567482E-032   5.0327244803550758E-032   6.6934138975212388E-019   9.2596670730778826E-018   8.5138774860959136E-018  -1.0695342730336040E-016   1.1226287927105255E-017  -2.1365425858870368E-016  -5.9308763368519103E-017   6.2253007777586004E-018  -1.1847745495216749E-016  -6.0257718049511990E-034   1.0771379818908559E-031  -4.6410898080017706E-032  -1.7020325956965885E-032   1.8624311195324159E-032  -6.2260328584372134E-020  -1.7074490230269614E-018   1.7922113238117858E-019  -3.4108654981025110E-018   2.4104968327251183E-032  -4.1825831663055019E-032   6.6409327969544162E-033   3.4432325225747684E-032  -9.1068463958030670E-032   1.0709206360756164E-017   2.0846525457085893E-017   1.9093115916180395E-017   4.0486263895393111E-017  -1.8382476538130133E-017   9.5949776622763823E-017   2.2450802237843230E-017  -1.0193613974005494E-017   5.3206921371868581E-017   6.3962425991158663E-034  -4.6410898080017706E-032   2.2458391232920184E-032   7.8031097592354159E-033  -9.7730498314278257E-033  -1.2670773710970655E-019   6.4633956552066707E-019  -2.9346550547487130E-019   1.5317821643014608E-018  -2.7620739757211212E-032   1.8148467990912946E-032  -8.6658261675798060E-034  -1.6526334842534795E-032   5.2485339397737709E-032   5.2231230048366380E-019   6.2989026973489829E-018   5.7910366062578654E-018  -3.8045536587998973E-017   3.4943106221300990E-017   6.3756611372917403E-017  -2.1097348477911646E-017   1.9376961267094011E-017   3.5354881768956473E-017  -1.0249520771303350E-033  -1.7020325956965885E-032   7.8031097592354159E-033   1.2769542073847397E-032  -4.0238360621079181E-033  -4.2254692511677410E-020  -6.0737477905656260E-019   5.5784628958051841E-019   1.0178370768000951E-018   9.3057479275734652E-033  -1.1854110294928667E-033   1.1133084050737682E-032  -9.2983923629724192E-033   2.4452248976299630E-032  -4.5433400670384875E-018  -2.5287714886562155E-017  -2.3229046463949791E-017  -2.3194554816899123E-017  -1.1046641184303573E-017  -3.7217559216954004E-017  -1.2862050312532567E-017  -6.1256814721655162E-018  -2.0638211120540841E-017   4.6328332467479815E-033   1.8624311195324159E-032  -9.7730498314278257E-033  -4.0238360621079181E-033   5.8560864821020709E-033   1.6605811368365250E-019  -3.7028752570338381E-019  -1.7635317701759916E-019  -5.9415660373552858E-019  -3.6290298008749544E-032  -6.9919079608334200E-033  -3.3647367110798137E-034  -7.3713079132003728E-033  -1.1665832948353108E-032   1.3644863084650324E-003  -2.1569131987528305E-003  -1.9954830866755120E-003   8.2908699041693412E-017   1.9770272348468556E-016  -9.5374412508692684E-017   4.6026159999004168E-017   1.0879194704012122E-016  -5.2107203827460522E-017   1.8942828975491228E-019  -6.2260328584372134E-020  -1.2670773710970655E-019  -4.2254692511677410E-020   1.6605811368365250E-019   1.6726638406272754E-005   2.0665345778456795E-018   4.5024978703137901E-018  -1.7909695677591252E-018  -9.8741658843227359E-019   1.9457307672070827E-020  -1.4224466355600190E-019  -4.7195343888882003E-019   2.4938869982205947E-019  -2.9967995778630335E-017  -1.1668054448333388E-016  -1.0722563946330753E-016   8.5008635276961793E-003  -2.8622937353617317E-016  -1.1058862159352145E-016   4.7139742606113616E-003  -1.6675029412827058E-016  -6.1365842962679551E-017  -6.6009209458536442E-019  -1.7074490230269614E-018   6.4633956552066707E-019  -6.0737477905656260E-019  -3.7028752570338381E-019   2.0665345778456795E-018   1.3571132306102967E-004  -1.0794587879808804E-017  -2.9408983928669308E-018   6.8445736752688043E-018   1.3693744107629766E-018  -1.3280912008390848E-018   2.1271804913441794E-018  -1.6810679496390679E-018  -7.7061561354770297E-017  -2.1562291544986022E-016  -1.9764323817715046E-016  -3.8163916471489756E-016   8.5008635276969374E-003   2.0231212538579513E-016  -2.1272046624165597E-016   4.7139742606117554E-003   1.1134756311426131E-016  -1.2940047760967868E-018   1.7922113238117858E-019  -2.9346550547487130E-019   5.5784628958051841E-019  -1.7635317701759916E-019   4.5024978703137901E-018  -1.0794587879808804E-017   1.3571132306105347E-004   4.5400965972830498E-018   1.5159994339560846E-017  -5.1390201415191668E-019   3.6016456960912125E-019   3.6086501967775168E-018  -3.8169941216402974E-018   6.2640186829376029E-018   4.3098135412320656E-017   3.9469393078425919E-017  -6.5052130349130266E-017   8.1098322501915732E-017   8.5008635276964152E-003  -4.5970172113385388E-017   4.5428071027142636E-017   4.7139742606114683E-003   2.5356326028411887E-019  -3.4108654981025110E-018   1.5317821643014608E-018   1.0178370768000951E-018  -5.9415660373552858E-019  -1.7909695677591252E-018  -2.9408983928669308E-018   4.5400965972830498E-018   1.3571132306103675E-004  -3.4044677997871748E-018   9.4833595672396178E-019   4.4240171238233936E-019  -2.1547677190789146E-018   4.2895206948874351E-018   6.8275359852475449E-017   1.5920298198667002E-016   1.4592157391951627E-016   4.2873936681437190E-016   9.4961157296574345E-016  -2.1325351118574141E-016   2.3774835733911524E-016   5.2658703412361634E-016  -1.1825522894696052E-016  -1.9850965064609115E-031   2.4104968327251183E-032  -2.7620739757211212E-032   9.3057479275734652E-033  -3.6290298008749544E-032  -9.8741658843227359E-019   6.8445736752688043E-018   1.5159994339560846E-017  -3.4044677997871748E-018   2.2072090669018980E-030  -1.3572191816362958E-032  -2.8272714922417793E-032   6.0569275882938822E-031  -5.9311742674246965E-031  -1.5664800477927125E-019  -2.8825369461996816E-018  -2.6507905456578076E-018   8.5776667131750430E-017  -3.2190467164986379E-017   5.9403109222449951E-017   4.7565638443990197E-017  -1.7850543436958953E-017   3.2940739133451612E-017   2.6832376227949369E-034  -4.1825831663055019E-032   1.8148467990912946E-032  -1.1854110294928667E-033  -6.9919079608334200E-033   1.9457307672070827E-020   1.3693744107629766E-018  -5.1390201415191668E-019   9.4833595672396178E-019  -1.3572191816362958E-032   2.2416381857926298E-032  -1.1852553302519162E-032  -7.9640529228445261E-033   2.7282961073726352E-032  -4.5455337387475720E-018   1.9854260648772470E-017   1.8303514189517476E-017  -8.3190715380395171E-017   2.2560459840045568E-017   2.7711737654269891E-017  -4.6131653537003422E-017   1.2510426340458266E-017   1.5366958614667343E-017   2.0930883712780330E-033   6.6409327969544162E-033  -8.6658261675798060E-034   1.1133084050737682E-032  -3.3647367110798137E-034  -1.4224466355600190E-019  -1.3280912008390848E-018   3.6016456960912125E-019   4.4240171238233936E-019  -2.8272714922417793E-032  -1.1852553302519162E-032   1.6660404242094604E-032  -1.3616097337628896E-032   2.0098970323994540E-032   4.1718912491177751E-017   7.8039820114229058E-017   7.1462694021895359E-017   1.3324511652991343E-016   2.2604335548481366E-016  -1.3497316141805969E-016   7.3888264130785275E-017   1.2534756687552745E-016  -7.4846514912880381E-017  -5.5809833644567482E-032   3.4432325225747684E-032  -1.6526334842534795E-032  -9.2983923629724192E-033  -7.3713079132003728E-033  -4.7195343888882003E-019   2.1271804913441794E-018   3.6086501967775168E-018  -2.1547677190789146E-018   6.0569275882938822E-031  -7.9640529228445261E-033  -1.3616097337628896E-032   1.8403918997269459E-031  -1.8122224017749460E-031   2.6246903744887736E-016   1.9698815469611981E-017   1.6001866419168449E-017  -1.0530093509028544E-016  -2.3909387501505206E-016   2.6869261314376553E-016  -5.8392408726086356E-017  -1.3258445674591705E-016   1.4899781160460232E-016   5.0327244803550758E-032  -9.1068463958030670E-032   5.2485339397737709E-032   2.4452248976299630E-032  -1.1665832948353108E-032   2.4938869982205947E-019  -1.6810679496390679E-018  -3.8169941216402974E-018   4.2895206948874351E-018  -5.9311742674246965E-031   2.7282961073726352E-032   2.0098970323994540E-032  -1.8122224017749460E-031   3.3318083291687639E-031
