1.0001947813339200 -0.0049437108129300 -0.0064737692999800 -0.0000000000000000 0.0000000000000000 -0.0000000000000000 0.0000000000000000 -0.0000000000000000 -0.0000000000000000 -0.0004355871259800 -0.0000000386206700 -0.0000009170127800 -0.0007517879065800 0.0000634367313700 0.0006744011242100 -0.0000000000000000 -0.0000000000000000 -0.0000000000000000 0.0000956275260000 0.0000000084786700 0.0000002013183100 0.0001650453222600 -0.0000139267148100
-0.0049437108129300 0.2348800033157500 0.2768685090660400 0.0000000000000000 0.0000000000000000 -0.0000000000000000 -0.0000000000000000 -0.0000000000000000 -0.0000000000000000 -0.0043295577606400 -0.0000003838736900 -0.0000091147317200 -0.0074724641091000 0.0006305351472600 0.0181343009732500 0.0000000000000000 0.0000000000000000 0.0000000000000000 -0.0043400060240700 -0.0000003848000700 -0.0000091367277600 -0.0074904969609000 0.0006320567801100
-0.0064737692999800 0.2768685090660400 0.3263635402302800 0.0000000000000000 0.0000000000000000 -0.0000000000000000 -0.0000000000000000 -0.0000000000000000 -0.0000000000000000 -0.0051031941269300 -0.0000004524669900 -0.0000107434172200 -0.0088076974747800 0.0007432036799600 0.0213754108552200 0.0000000000000000 0.0000000000000000 0.0000000000000000 -0.0051158533288900 -0.0000004535894000 -0.0000107700678000 -0.0088295462264300 0.0007450473028400
-0.0000000000000000 0.0000000000000000 0.0000000000000000 0.0000001558008500 -0.0000107779270300 -0.0002559120761300 0.0000001116990900 -0.0000077270736400 -0.0001834723367300 -0.0000000000000000 -0.0000000000000000 -0.0000000000000000 -0.0000000000000000 -0.0000000000000000 0.0000000000000000 0.0000000184615600 -0.0000012771262600 -0.0000303242017600 -0.0000000000000000 0.0000000000000000 0.0000000000000000 -0.0000000000000000 0.0000000000000000
0.0000000000000000 0.0000000000000000 0.0000000000000000 -0.0000107779270300 0.0007455909857900 0.0177033799300700 -0.0000077270736400 0.0005345403096300 0.0126921735505400 -0.0000000000000000 0.0000000000000000 0.0000000000000000 -0.0000000000000000 0.0000000000000000 0.0000000000000000 -0.0000012771262600 0.0000883485133700 0.0020977551074500 -0.0000000000000000 -0.0000000000000000 -0.0000000000000000 -0.0000000000000000 -0.0000000000000000
-0.0000000000000000 -0.0000000000000000 -0.0000000000000000 -0.0002559120761300 0.0177033799300700 0.4203506572948000 -0.0001834723367300 0.0126921735505400 0.3013641189166000 -0.0000000000000000 0.0000000000000000 0.0000000000000000 0.0000000000000000 0.0000000000000000 0.0000000000000000 -0.0000303242017600 0.0020977551074500 0.0498092873645300 -0.0000000000000000 -0.0000000000000000 -0.0000000000000000 -0.0000000000000000 -0.0000000000000000
0.0000000000000000 -0.0000000000000000 -0.0000000000000000 0.0000001116990900 -0.0000077270736400 -0.0001834723367300 0.0000000800809900 -0.0000055398099200 -0.0001315377486500 0.0000000000000000 -0.0000000000000000 -0.0000000000000000 0.0000000000000000 -0.0000000000000000 -0.0000000000000000 0.0000000132357400 -0.0000009156165800 -0.0000217404830600 0.0000000000000000 0.0000000000000000 0.0000000000000000 0.0000000000000000 0.0000000000000000
-0.0000000000000000 -0.0000000000000000 -0.0000000000000000 -0.0000077270736400 0.0005345403096300 0.0126921735505400 -0.0000055398099200 0.0003832306828600 0.0090994640613000 0.0000000000000000 0.0000000000000000 0.0000000000000000 0.0000000000000000 0.0000000000000000 -0.0000000000000000 -0.0000009156165800 0.0000633401457300 0.0015039541599100 0.0000000000000000 -0.0000000000000000 -0.0000000000000000 0.0000000000000000 -0.0000000000000000
-0.0000000000000000 -0.0000000000000000 -0.0000000000000000 -0.0001834723367300 0.0126921735505400 0.3013641189166000 -0.0001315377486500 0.0090994640613000 0.2160584992417100 -0.0000000000000000 0.0000000000000000 0.0000000000000000 0.0000000000000000 0.0000000000000000 0.0000000000000000 -0.0000217404830600 0.0015039541599100 0.0357100238574100 -0.0000000000000000 -0.0000000000000000 -0.0000000000000000 -0.0000000000000000 -0.0000000000000000
-0.0004355871259800 -0.0043295577606400 -0.0051031941269300 -0.0000000000000000 -0.0000000000000000 -0.0000000000000000 0.0000000000000000 0.0000000000000000 -0.0000000000000000 0.0000800844117900 0.0000000071005600 0.0000001685964200 0.0001382191729300 -0.0000116630933600 -0.0003348269087100 -0.0000000000000000 -0.0000000000000000 -0.0000000000000000 0.0000799973478400 0.0000000070928400 0.0000001684131300 0.0001380689076400 -0.0000116504138000
-0.0000000386206700 -0.0000003838736900 -0.0000004524669900 -0.0000000000000000 0.0000000000000000 0.0000000000000000 -0.0000000000000000 0.0000000000000000 0.0000000000000000 0.0000000071005600 0.0000000000006300 0.0000000000149500 0.0000000122549900 -0.0000000010340900 -0.0000000296869200 -0.0000000000000000 0.0000000000000000 0.0000000000000000 0.0000000070928400 0.0000000000006300 0.0000000000149300 0.0000000122416700 -0.0000000010329700
-0.0000009170127800 -0.0000091147317200 -0.0000107434172200 -0.0000000000000000 0.0000000000000000 0.0000000000000000 -0.0000000000000000 0.0000000000000000 0.0000000000000000 0.0000001685964200 0.0000000000149500 0.0000000003549300 0.0000002909836900 -0.0000000245535400 -0.0000007048889600 -0.0000000000000000 0.0000000000000000 0.0000000000000000 0.0000001684131300 0.0000000000149300 0.0000000003545500 0.0000002906673400 -0.0000000245268500
-0.0007517879065800 -0.0074724641091000 -0.0088076974747800 -0.0000000000000000 -0.0000000000000000 0.0000000000000000 0.0000000000000000 0.0000000000000000 0.0000000000000000 0.0001382191729300 0.0000000122549900 0.0000002909836900 0.0002385550363300 -0.0000201295493400 -0.0005778839771700 -0.0000000000000000 -0.0000000000000000 0.0000000000000000 0.0001380689076400 0.0000000122416700 0.0000002906673400 0.0002382956906800 -0.0000201076654500
0.0000634367313700 0.0006305351472600 0.0007432036799600 -0.0000000000000000 0.0000000000000000 0.0000000000000000 -0.0000000000000000 0.0000000000000000 0.0000000000000000 -0.0000116630933600 -0.0000000010340900 -0.0000000245535400 -0.0000201295493400 0.0000016985546100 0.0000487625170700 0.0000000000000000 0.0000000000000000 0.0000000000000000 -0.0000116504138000 -0.0000000010329700 -0.0000000245268500 -0.0000201076654500 0.0000016967080200
0.0006744011242100 0.0181343009732500 0.0213754108552200 0.0000000000000000 0.0000000000000000 0.0000000000000000 -0.0000000000000000 -0.0000000000000000 0.0000000000000000 -0.0003348269087100 -0.0000000296869200 -0.0000007048889600 -0.0005778839771700 0.0000487625170700 0.0014012040635400 0.0000000000000000 0.0000000000000000 0.0000000000000000 -0.0003350728576700 -0.0000000297087300 -0.0000007054067400 -0.0005783084650400 0.0000487983358400
-0.0000000000000000 0.0000000000000000 0.0000000000000000 0.0000000184615600 -0.0000012771262600 -0.0000303242017600 0.0000000132357400 -0.0000009156165800 -0.0000217404830600 -0.0000000000000000 -0.0000000000000000 -0.0000000000000000 -0.0000000000000000 0.0000000000000000 0.0000000000000000 0.0000000021876000 -0.0000001513325800 -0.0000035932544700 -0.0000000000000000 0.0000000000000000 0.0000000000000000 -0.0000000000000000 0.0000000000000000
-0.0000000000000000 0.0000000000000000 0.0000000000000000 -0.0000012771262600 0.0000883485133700 0.0020977551074500 -0.0000009156165800 0.0000633401457300 0.0015039541599100 -0.0000000000000000 0.0000000000000000 0.0000000000000000 -0.0000000000000000 0.0000000000000000 0.0000000000000000 -0.0000001513325800 0.0000104688226700 0.0002485726741600 -0.0000000000000000 -0.0000000000000000 -0.0000000000000000 -0.0000000000000000 -0.0000000000000000
-0.0000000000000000 0.0000000000000000 0.0000000000000000 -0.0000303242017600 0.0020977551074500 0.0498092873645300 -0.0000217404830600 0.0015039541599100 0.0357100238574100 -0.0000000000000000 0.0000000000000000 0.0000000000000000 0.0000000000000000 0.0000000000000000 0.0000000000000000 -0.0000035932544700 0.0002485726741600 0.0059021321002100 -0.0000000000000000 -0.0000000000000000 -0.0000000000000000 -0.0000000000000000 -0.0000000000000000
0.0000956275260000 -0.0043400060240700 -0.0051158533288900 -0.0000000000000000 -0.0000000000000000 -0.0000000000000000 0.0000000000000000 0.0000000000000000 -0.0000000000000000 0.0000799973478400 0.0000000070928400 0.0000001684131300 0.0001380689076400 -0.0000116504138000 -0.0003350728576700 -0.0000000000000000 -0.0000000000000000 -0.0000000000000000 0.0000801926785000 0.0000000071101600 0.0000001688243400 0.0001384060324400 -0.0000116788607800
0.0000000084786700 -0.0000003848000700 -0.0000004535894000 0.0000000000000000 -0.0000000000000000 -0.0000000000000000 0.0000000000000000 -0.0000000000000000 -0.0000000000000000 0.0000000070928400 0.0000000000006300 0.0000000000149300 0.0000000122416700 -0.0000000010329700 -0.0000000297087300 0.0000000000000000 -0.0000000000000000 -0.0000000000000000 0.0000000071101600 0.0000000000006300 0.0000000000149700 0.0000000122715600 -0.0000000010354900
0.0000002013183100 -0.0000091367277600 -0.0000107700678000 0.0000000000000000 -0.0000000000000000 -0.0000000000000000 0.0000000000000000 -0.0000000000000000 -0.0000000000000000 0.0000001684131300 0.0000000000149300 0.0000000003545500 0.0000002906673400 -0.0000000245268500 -0.0000007054067400 0.0000000000000000 -0.0000000000000000 -0.0000000000000000 0.0000001688243400 0.0000000000149700 0.0000000003554100 0.0000002913770700 -0.0000000245867300
0.0001650453222600 -0.0074904969609000 -0.0088295462264300 -0.0000000000000000 -0.0000000000000000 -0.0000000000000000 0.0000000000000000 0.0000000000000000 -0.0000000000000000 0.0001380689076400 0.0000000122416700 0.0000002906673400 0.0002382956906800 -0.0000201076654500 -0.0005783084650400 -0.0000000000000000 -0.0000000000000000 -0.0000000000000000 0.0001384060324400 0.0000000122715600 0.0000002913770700 0.0002388775406300 -0.0000201567626200
-0.0000139267148100 0.0006320567801100 0.0007450473028400 0.0000000000000000 -0.0000000000000000 -0.0000000000000000 0.0000000000000000 -0.0000000000000000 -0.0000000000000000 -0.0000116504138000 -0.0000000010329700 -0.0000000245268500 -0.0000201076654500 0.0000016967080200 0.0000487983358400 0.0000000000000000 -0.0000000000000000 -0.0000000000000000 -0.0000116788607800 -0.0000000010354900 -0.0000000245867300 -0.0000201567626200 0.0000017008509000
