   1.0000394157784280        3.4682608355970755E-004   3.8219009296690297E-004  -1.9716201911141657E-004   5.3387268448823441E-017   1.4837641094518086E-017   3.4423211209750315E-017   2.4300805619364354E-017  -4.1570233803627006E-018   2.1062452496893961E-017   2.4837619421955615E-017  -2.9666411792526032E-018   2.2442642369619069E-017   4.6243950506153363E-018   2.6862414574620134E-016  -4.7398758744091223E-019   1.4280946858099783E-018   1.5731467238144495E-019   1.6876942544730682E-004   1.4366478120064889E-018  -4.4237550350598692E-019   1.0485928282943255E-018  -4.1699504074548857E-019   5.7599081200904571E-019   2.3328727034337633E-019   3.4462829973330540E-021  -4.4774693089203985E-020   3.4682608355970755E-004   1.0103708962455318        5.5642402776739505E-003  -1.3774829690246650E-002   8.1803595164771829E-017   9.3117243268113744E-018  -4.5541805041707253E-017   1.3183358245738239E-016  -9.9424687850455959E-018   6.6114306474546192E-017   1.3753715250353859E-016  -8.2360868467674984E-018   6.8547444910499112E-017  -8.8965540179702986E-016  -2.0786576445393560E-016  -2.9427485298149444E-017  -2.0413657089785833E-017  -6.1661738175457155E-018   4.5553345949557343E-003   1.2816004823198290E-018   9.2008229405148652E-019   2.1689864826420081E-018  -3.1693939761101119E-017   1.8515534819160288E-018   7.6667466785027960E-018  -6.0474982117601327E-019   3.4694207334408294E-018   3.8219009296690297E-004   5.5642402776739505E-003  0.30130141595282367       0.29916263312427183        1.3954124348258438E-016   2.6449616195693319E-017  -4.5830095886906466E-017   1.2317322865749575E-016  -3.5696408000062391E-017   5.9135368908291319E-017   1.5530231252373819E-016  -3.1241283503369411E-017   6.2414692394003440E-017  -7.4265149618567695E-016  -1.0339729156365754E-016  -2.2899411070233392E-017  -1.9784978526334864E-017  -5.4739761775242267E-017  -8.1061002721322204E-004   1.5612651773835657E-017  -3.2094094364973135E-018   2.5025444233785421E-018  -2.2628377940980860E-016  -1.5276065971189074E-017   7.9563074536705426E-018  -6.5953300797892506E-019  -9.5364479579091778E-018  -1.9716201911141657E-004  -1.3774829690246650E-002  0.29916263312427183       0.29740804521870923       -4.4910595913989100E-016  -7.3295087180902374E-017  -4.5504701117944861E-017  -5.9654660433753297E-016   1.2444937222955678E-016  -1.4701256309520865E-016  -5.6968531725665904E-016   1.3025300053746910E-016  -1.4543754322835210E-016  -7.2064968172074312E-016  -9.8882123013149992E-017  -2.2182525077189472E-017  -1.9262376904316248E-017  -5.4252839433474586E-017  -8.9226028139936635E-004  -2.7657989573754359E-017   6.2774709887467576E-018  -9.7719924202418406E-018  -2.2415180718994850E-016  -1.5208728342673122E-017   7.7560497898337342E-018  -6.4353376895748251E-019  -9.5383764654197213E-018   5.3387268448823441E-017   8.1803595164771829E-017   1.3954124348258438E-016  -4.4910595913989100E-016   1.0002402827250021       -2.4293314298938486E-016   4.4388067100019310E-016   4.9790076046496109E-004   1.0521695040027149E-016  -8.5613855143728407E-017  -8.4613283740403401E-004  -5.3281760514084509E-017   6.2869326444055934E-017  -2.0719490436707259E-017   1.1258091619714497E-016  -2.0420507691776904E-017   4.4764295488754011E-017   2.3618945398019691E-017   4.1048243079750798E-016   6.1918703973736855E-004  -1.0495586572917016E-016  -7.4862042427755945E-017  -8.7566586106902527E-017   6.4167125285613716E-018  -1.8535745464481662E-017   1.1963298704531227E-017  -1.0743157297422031E-018   1.4837641094518086E-017   9.3117243268113744E-018   2.6449616195693319E-017  -7.3295087180902374E-017  -2.4293314298938486E-016   1.0002402827250039       -5.6001371549481253E-017  -5.0274581793094929E-017   4.9790076046446420E-004   4.1037052228576343E-017   1.5276705071852296E-016  -8.4613283740412855E-004  -1.6366031793668689E-016   4.6637702261871309E-017   1.1686539208327011E-016  -4.2239327180483193E-018   1.1945766503282487E-018   1.2111312190916346E-016   5.6545188401856496E-017  -2.7219509639135348E-017   6.1918703973756978E-004   1.1697186188402986E-016  -1.2443195311596141E-016  -5.2056178482626424E-017   2.6797296758759890E-017  -1.3650407560532146E-018  -2.0638663571516490E-017   3.4423211209750315E-017  -4.5541805041707253E-017  -4.5830095886906466E-017  -4.5504701117944861E-017   4.4388067100019310E-016  -5.6001371549481253E-017   1.0002402827250036       -6.0656876385827702E-017  -1.8919327909872052E-017   4.9790076046463409E-004   1.1257067869009652E-017  -1.4636729328554310E-017  -8.4613283740396831E-004   2.3967649505411695E-017  -1.6605067781246880E-016   2.5796858410113769E-017  -2.6341543594761409E-017  -9.1488957565319075E-017   8.2688651351620694E-017  -7.0927362629522907E-018   4.9636130709102000E-017   6.1918703973740433E-004  -2.4264809890337172E-017   6.4066592774970542E-017   1.3076503680450996E-017   2.2393661337119210E-019  -1.1342946552996974E-017   2.4300805619364354E-017   1.3183358245738239E-016   1.2317322865749575E-016  -5.9654660433753297E-016   4.9790076046496109E-004  -5.0274581793094929E-017  -6.0656876385827702E-017  0.29468723205377206        2.3559713208110011E-016  -3.8120548384590336E-016  0.29704441720230684        2.9230090570209200E-016  -1.1254018550399536E-016   1.4345393366471222E-017   7.8237190136573372E-017   1.1192604480505445E-016  -5.6164167190018597E-017  -2.5913549480117641E-016   5.8731736822851761E-016   1.7604696588849205E-002   6.5421436714133141E-017  -2.9530956673073927E-017  -6.6530301154532214E-017   5.4136291715252825E-017   5.6976727685280736E-017   6.4826347619415700E-018  -7.4832844670465849E-017  -4.1570233803627006E-018  -9.9424687850455959E-018  -3.5696408000062391E-017   1.2444937222955678E-016   1.0521695040027149E-016   4.9790076046446420E-004  -1.8919327909872052E-017   2.3559713208110011E-016  0.29468723205376873       -3.1918911957973251E-016  -5.2312754822425589E-017  0.29704441720230729        2.2204460492503131E-016  -1.7426264273979774E-017   4.6554800620194381E-017  -2.6219649267060741E-018  -8.4058150265100249E-017  -1.3058550577007910E-016  -1.1555626985032970E-016  -7.7059669409407228E-017   1.7604696588847762E-002   3.7296554733501353E-017  -1.2310630492336677E-016  -1.9196854278874355E-017   1.8798031658618349E-017  -3.2325150988018342E-017  -3.2085420550042591E-017   2.1062452496893961E-017   6.6114306474546192E-017   5.9135368908291319E-017  -1.4701256309520865E-016  -8.5613855143728407E-017   4.1037052228576343E-017   4.9790076046463409E-004  -3.8120548384590336E-016  -3.1918911957973251E-016  0.29468723205377029       -1.7087026238371550E-016  -6.9388939039072284E-017  0.29704441720230645        5.8883278938583124E-017   2.9950931157069157E-017  -3.3297034735048903E-017  -4.1129569722591830E-018   1.2454140119904180E-016   1.2465428312066036E-016  -4.7447397573396888E-017  -1.4224732503009818E-016   1.7604696588850145E-002   9.2609994488433185E-017   4.1968315607596436E-017   3.8390145644897492E-017  -2.1824273940349237E-017   3.9402043018585288E-017   2.4837619421955615E-017   1.3753715250353859E-016   1.5530231252373819E-016  -5.6968531725665904E-016  -8.4613283740403401E-004   1.5276705071852296E-016   1.1257067869009652E-017  0.29704441720230684       -5.2312754822425589E-017  -1.7087026238371550E-016  0.29942227404358146        6.7220534694101275E-018   1.1210650463500116E-016   1.4488097480226311E-017   7.8711458207949030E-017   1.1284910984135964E-016  -5.6673877371192199E-017  -2.6124072494316868E-016   5.9139809756655477E-016   1.7744721092684771E-002   4.9534486755431484E-017  -1.6493425548935736E-017  -6.6944611531779887E-017   5.4560800110919461E-017   5.7457591289878352E-017   6.5183808613810019E-018  -7.5430150568559354E-017  -2.9666411792526032E-018  -8.2360868467674984E-018  -3.1241283503369411E-017   1.3025300053746910E-016  -5.3281760514084509E-017  -8.4613283740412855E-004  -1.4636729328554310E-017   2.9230090570209200E-016  0.29704441720230729       -6.9388939039072284E-017   6.7220534694101275E-018  0.29942227404358579        4.7184478546569153E-016  -1.7628548908751566E-017   4.6769796892216365E-017  -2.6372512671486575E-018  -8.4732327596685811E-017  -1.3179357197203856E-016  -1.1656197114076774E-016  -7.4928534514115408E-017   1.7744721092683546E-002   5.2909066017292616E-017  -1.2392360890293389E-016  -1.9280296676894561E-017   1.8912324223533057E-017  -3.2581951843359662E-017  -3.2314328332624540E-017   2.2442642369619069E-017   6.8547444910499112E-017   6.2414692394003440E-017  -1.4543754322835210E-016   6.2869326444055934E-017  -1.6366031793668689E-016  -8.4613283740396831E-004  -1.1254018550399536E-016   2.2204460492503131E-016  0.29704441720230645        1.1210650463500116E-016   4.7184478546569153E-016  0.29942227404358246        5.9322115718771880E-017   3.0414360456370148E-017  -3.3598217759255532E-017  -4.1103652997366737E-018   1.2566118291925942E-016   1.2554116466339123E-016  -3.1699361018044936E-017  -1.1188966420050406E-016   1.7744721092685805E-002   9.3383688577248659E-017   4.2217771025774847E-017   3.8679690368494149E-017  -2.1999196465910752E-017   3.9732594087887986E-017   4.6243950506153363E-018  -8.8965540179702986E-016  -7.4265149618567695E-016  -7.2064968172074312E-016  -2.0719490436707259E-017   4.6637702261871309E-017   2.3967649505411695E-017   1.4345393366471222E-017  -1.7426264273979774E-017   5.8883278938583124E-017   1.4488097480226311E-017  -1.7628548908751566E-017   5.9322115718771880E-017   2.6066763010088498E-030   4.4119576650808966E-031   8.1386082612507259E-032   6.6075912556627334E-032   1.6236107178031206E-031  -1.9636384946836840E-018   8.4477345551283931E-019  -1.0135488328911351E-018   3.5317688740591373E-018   5.9958428118507140E-031   4.6931364105814460E-032  -1.4850823432594433E-032  -2.9708786390181700E-034   2.5259215797379804E-032   2.6862414574620134E-016  -2.0786576445393560E-016  -1.0339729156365754E-016  -9.8882123013149992E-017   1.1258091619714497E-016   1.1686539208327011E-016  -1.6605067781246880E-016   7.8237190136573372E-017   4.6554800620194381E-017   2.9950931157069157E-017   7.8711458207949030E-017   4.6769796892216365E-017   3.0414360456370148E-017   4.4119576650808966E-031   2.3476426620583868E-031   3.2468598986702260E-032  -7.7672003681420664E-033  -2.4774090771318238E-032  -6.0830893202120890E-019   4.7401775063351392E-018   2.8500192032309997E-018   1.6913932085762251E-018   3.5250744837596529E-032   4.5823415349038044E-033   1.6664118661465159E-032  -4.1080599380219887E-033  -1.9026717327295548E-032  -4.7398758744091223E-019  -2.9427485298149444E-017  -2.2899411070233392E-017  -2.2182525077189472E-017  -2.0420507691776904E-017  -4.2239327180483193E-018   2.5796858410113769E-017   1.1192604480505445E-016  -2.6219649267060741E-018  -3.3297034735048903E-017   1.1284910984135964E-016  -2.6372512671486575E-018  -3.3598217759255532E-017   8.1386082612507259E-032   3.2468598986702260E-032   4.9980542569233978E-032  -1.9651228710388032E-032  -1.1040267876714007E-031  -6.9678019754001988E-020   6.6743475407896354E-018  -1.5912346651287900E-019  -1.9739387735082825E-018  -1.4955108535929088E-032   1.8833139516942523E-032   1.6922129500445127E-032   5.0488802766803817E-033  -3.2157486551874264E-032   1.4280946858099783E-018  -2.0413657089785833E-017  -1.9784978526334864E-017  -1.9262376904316248E-017   4.4764295488754011E-017   1.1945766503282487E-018  -2.6341543594761409E-017  -5.6164167190018597E-017  -8.4058150265100249E-017  -4.1129569722591830E-018  -5.6673877371192199E-017  -8.4732327596685811E-017  -4.1103652997366737E-018   6.6075912556627334E-032  -7.7672003681420664E-033  -1.9651228710388032E-032   3.9145032157344187E-032   9.2251530747364561E-032  -3.7221068995760331E-020  -3.3288272767769210E-018  -5.0208694400967958E-018  -2.6122819314404788E-019   5.8462459958615363E-032  -5.9368332750814247E-033  -1.8570785713173132E-032   8.8721807002778619E-033   2.3648796907950291E-032   1.5731467238144495E-019  -6.1661738175457155E-018  -5.4739761775242267E-017  -5.4252839433474586E-017   2.3618945398019691E-017   1.2111312190916346E-016  -9.1488957565319075E-017  -2.5913549480117641E-016  -1.3058550577007910E-016   1.2454140119904180E-016  -2.6124072494316868E-016  -1.3179357197203856E-016   1.2566118291925942E-016   1.6236107178031206E-031  -2.4774090771318238E-032  -1.1040267876714007E-031   9.2251530747364561E-032   3.7204853004146992E-031   1.2398653860084661E-019  -1.5466649303124255E-017  -7.7297120316522720E-018   7.3860991299604492E-018   1.7851306890962566E-031  -3.0622655810942757E-032  -4.2086426498866548E-032  -3.7221122313647071E-034   9.6915274211016830E-032   1.6876942544730682E-004   4.5553345949557343E-003  -8.1061002721322204E-004  -8.9226028139936635E-004   4.1048243079750798E-016   5.6545188401856496E-017   8.2688651351620694E-017   5.8731736822851761E-016  -1.1555626985032970E-016   1.2465428312066036E-016   5.9139809756655477E-016  -1.1656197114076774E-016   1.2554116466339123E-016  -1.9636384946836840E-018  -6.0830893202120890E-019  -6.9678019754001988E-020  -3.7221068995760331E-020   1.2398653860084661E-019   2.2884530080954038E-005   3.5275088217980934E-017  -6.8601052211272012E-018   7.4902960440643494E-018   4.8429092303846600E-019   5.0850580241412189E-020   1.2650312208993962E-020  -9.0556244403589801E-022   4.2142655459827610E-020   1.4366478120064889E-018   1.2816004823198290E-018   1.5612651773835657E-017  -2.7657989573754359E-017   6.1918703973736855E-004  -2.7219509639135348E-017  -7.0927362629522907E-018   1.7604696588849205E-002  -7.7059669409407228E-017  -4.7447397573396888E-017   1.7744721092684771E-002  -7.4928534514115408E-017  -3.1699361018044936E-017   8.4477345551283931E-019   4.7401775063351392E-018   6.6743475407896354E-018  -3.3288272767769210E-018  -1.5466649303124255E-017   3.5275088217980934E-017   1.0520567929134404E-003  -1.5509173264226239E-018  -3.2729353081906165E-018  -4.0260754083152654E-018   3.2378444850834373E-018   3.3928255722219585E-018   3.9431792191540445E-019  -4.4710933837561141E-018  -4.4237550350598692E-019   9.2008229405148652E-019  -3.2094094364973135E-018   6.2774709887467576E-018  -1.0495586572917016E-016   6.1918703973756978E-004   4.9636130709102000E-017   6.5421436714133141E-017   1.7604696588847762E-002  -1.4224732503009818E-016   4.9534486755431484E-017   1.7744721092683546E-002  -1.1188966420050406E-016  -1.0135488328911351E-018   2.8500192032309997E-018  -1.5912346651287900E-019  -5.0208694400967958E-018  -7.7297120316522720E-018  -6.8601052211272012E-018  -1.5509173264226239E-018   1.0520567929132802E-003  -4.9873299934333204E-018  -7.4276099646330870E-018  -1.1774830287198659E-018   1.1387725628875112E-018  -1.9318856778454581E-018  -1.9289223232016888E-018   1.0485928282943255E-018   2.1689864826420081E-018   2.5025444233785421E-018  -9.7719924202418406E-018  -7.4862042427755945E-017   1.1697186188402986E-016   6.1918703973740433E-004  -2.9530956673073927E-017   3.7296554733501353E-017   1.7604696588850145E-002  -1.6493425548935736E-017   5.2909066017292616E-017   1.7744721092685805E-002   3.5317688740591373E-018   1.6913932085762251E-018  -1.9739387735082825E-018  -2.6122819314404788E-019   7.3860991299604492E-018   7.4902960440643494E-018  -3.2729353081906165E-018  -4.9873299934333204E-018   1.0520567929135592E-003   5.5181551434731520E-018   2.5449114929805377E-018   2.3011056733042171E-018  -1.3036344535450306E-018   2.3471652826961673E-018  -4.1699504074548857E-019  -3.1693939761101119E-017  -2.2628377940980860E-016  -2.2415180718994850E-016  -8.7566586106902527E-017  -1.2443195311596141E-016  -2.4264809890337172E-017  -6.6530301154532214E-017  -1.2310630492336677E-016   9.2609994488433185E-017  -6.6944611531779887E-017  -1.2392360890293389E-016   9.3383688577248659E-017   5.9958428118507140E-031   3.5250744837596529E-032  -1.4955108535929088E-032   5.8462459958615363E-032   1.7851306890962566E-031   4.8429092303846600E-019  -4.0260754083152654E-018  -7.4276099646330870E-018   5.5181551434731520E-018   2.8991623053112324E-031   2.4746594079051487E-032  -1.6844567197293858E-032   4.8045478171911737E-033   5.2661864180562603E-032   5.7599081200904571E-019   1.8515534819160288E-018  -1.5276065971189074E-017  -1.5208728342673122E-017   6.4167125285613716E-018  -5.2056178482626424E-017   6.4066592774970542E-017   5.4136291715252825E-017  -1.9196854278874355E-017   4.1968315607596436E-017   5.4560800110919461E-017  -1.9280296676894561E-017   4.2217771025774847E-017   4.6931364105814460E-032   4.5823415349038044E-033   1.8833139516942523E-032  -5.9368332750814247E-033  -3.0622655810942757E-032   5.0850580241412189E-020   3.2378444850834373E-018  -1.1774830287198659E-018   2.5449114929805377E-018   2.4746594079051487E-032   2.4792421481504557E-032   1.3645066914983945E-032   3.8115221480149709E-034  -5.2198947189687216E-033   2.3328727034337633E-019   7.6667466785027960E-018   7.9563074536705426E-018   7.7560497898337342E-018  -1.8535745464481662E-017   2.6797296758759890E-017   1.3076503680450996E-017   5.6976727685280736E-017   1.8798031658618349E-017   3.8390145644897492E-017   5.7457591289878352E-017   1.8912324223533057E-017   3.8679690368494149E-017  -1.4850823432594433E-032   1.6664118661465159E-032   1.6922129500445127E-032  -1.8570785713173132E-032  -4.2086426498866548E-032   1.2650312208993962E-020   3.3928255722219585E-018   1.1387725628875112E-018   2.3011056733042171E-018  -1.6844567197293858E-032   1.3645066914983945E-032   1.8715288564058245E-032  -3.9279013573931009E-033  -1.2288598679456267E-032   3.4462829973330540E-021  -6.0474982117601327E-019  -6.5953300797892506E-019  -6.4353376895748251E-019   1.1963298704531227E-017  -1.3650407560532146E-018   2.2393661337119210E-019   6.4826347619415700E-018  -3.2325150988018342E-017  -2.1824273940349237E-017   6.5183808613810019E-018  -3.2581951843359662E-017  -2.1999196465910752E-017  -2.9708786390181700E-034  -4.1080599380219887E-033   5.0488802766803817E-033   8.8721807002778619E-033  -3.7221122313647071E-034  -9.0556244403589801E-022   3.9431792191540445E-019  -1.9318856778454581E-018  -1.3036344535450306E-018   4.8045478171911737E-033   3.8115221480149709E-034  -3.9279013573931009E-033   5.4511395191207029E-033  -1.0133285113021783E-033  -4.4774693089203985E-020   3.4694207334408294E-018  -9.5364479579091778E-018  -9.5383764654197213E-018  -1.0743157297422031E-018  -2.0638663571516490E-017  -1.1342946552996974E-017  -7.4832844670465849E-017  -3.2085420550042591E-017   3.9402043018585288E-017  -7.5430150568559354E-017  -3.2314328332624540E-017   3.9732594087887986E-017   2.5259215797379804E-032  -1.9026717327295548E-032  -3.2157486551874264E-032   2.3648796907950291E-032   9.6915274211016830E-032   4.2142655459827610E-020  -4.4710933837561141E-018  -1.9289223232016888E-018   2.3471652826961673E-018   5.2661864180562603E-032  -5.2198947189687216E-033  -1.2288598679456267E-032  -1.0133285113021783E-033   2.8634515583785207E-032
