   1.0000598957623879        3.9683883412794260E-004   6.6111163779280569E-004  -2.0780404495415576E-004   1.6528623038312749E-017  -3.2734132473309607E-018  -2.0736852442674929E-018   3.2949547656979703E-019  -9.3932357889139000E-020  -1.1142145225072152E-019  -4.1217360735717418E-019   1.3594601686606683E-019   1.5028726815580937E-019  -4.9909434865093744E-017   2.7467512278026658E-017  -3.5012299703724346E-019  -1.3033081375711937E-018   3.0810203388823753E-019   2.3020387129228087E-004   1.5915197943536870E-019  -5.5300947764366483E-020  -6.1231944391835902E-020   6.5404630194143340E-019   1.0903684189549181E-018   2.5272286169723996E-019   1.4062044761770716E-020  -1.0499425467938664E-019   3.9683883412794260E-004   1.0099356639911525        6.1860119504795136E-003  -1.2641311194090527E-002   3.2375049009664295E-016   2.7037996734646839E-017   4.0546750850116836E-017  -8.3647992856486297E-021   3.7686567917552171E-018   3.8014833493413026E-018   5.7658853316298437E-019  -3.0894073272053217E-018  -3.3915531484486852E-018   6.7690702948563353E-016   1.2701758009362063E-015  -2.3390350237190692E-017   2.0129427863025849E-017   3.8682356132983198E-018   4.9725630296602796E-003  -5.1490764605048823E-019   1.1747041540782639E-018   1.3082299095480246E-018   2.8545965995567844E-017   5.6367162845522048E-017   6.4871332479173096E-018   1.7150988538591658E-019  -1.8242068884965506E-019   6.6111163779280569E-004   6.1860119504795136E-003  0.29918976662229979       0.28401218649299292        4.4237623553057191E-016   3.8488157771924683E-017   5.6390646741893340E-017   4.4502377903602702E-018  -3.1337939466820197E-018  -3.2562352265916799E-018  -5.7825161372598521E-018   2.9120940922735604E-018   3.4049688649134187E-018   5.3262564922413068E-016   1.0111073050845934E-015   1.1911969404897217E-017   3.2047637574243143E-017   1.3491599561797221E-017   1.9373458474371223E-002   2.1605687722246450E-018  -1.3630994892412031E-018  -1.5033061002333026E-018   1.9768017795395285E-016   3.9274014860824813E-016   4.1890281993657764E-017   4.1897881195445997E-018  -2.0961690619770989E-017  -2.0780404495415576E-004  -1.2641311194090527E-002  0.28401218649299292       0.26994465627758868       -9.8836949461718337E-016  -6.4538626864801592E-017  -1.0839513542466554E-016   2.8022809885134146E-018  -3.1471482997759941E-018  -3.3255396379261387E-018  -3.8673427492483940E-019   3.1888666796263843E-018   3.8834889380861141E-018   4.9344032733894589E-016   9.3689064647604475E-016   1.1741339285859262E-017   3.0066140402789715E-017   1.2741150742434510E-017   1.8306687977776414E-002   4.9271425845155901E-019  -1.4284527721651087E-018  -1.6318197521254244E-018   1.8720348006543653E-016   3.7193214297988585E-016   3.9662047438061786E-017   3.9756844440392345E-018  -1.9902878970552450E-017   1.6528623038312749E-017   3.2375049009664295E-016   4.4237623553057191E-016  -9.8836949461718337E-016   1.0008761726983337       -3.3306690738754696E-016   5.5511151231257827E-017   1.0160425717990872E-003   2.1358782797964437E-017   3.0411870938218399E-017  -3.6501015605496308E-003   3.3393426912553537E-017  -3.7296554733501353E-017   5.6240336762497179E-018   1.6947654476601119E-016   1.0240460627095083E-017   1.3965883769150917E-016  -1.3641594910858562E-016   7.6468674356332820E-016   1.1192369185782337E-003  -1.7347234759768071E-017   7.2099444470286045E-018  -1.8387002423281482E-017  -1.0570833244650616E-016   7.5903833914554021E-019   5.1931223248637081E-018  -3.8510534257294266E-018  -3.2734132473309607E-018   2.7037996734646839E-017   3.8488157771924683E-017  -6.4538626864801592E-017  -3.3306690738754696E-016   1.0008761726983335        5.5511151231257827E-016   5.4210108624275222E-018   1.0160425717988370E-003   2.1141942363467336E-017   1.3574211199518516E-016  -3.6501015605494174E-003  -1.5406512871019018E-016   1.1977178834072865E-016   4.2623705523366558E-017   5.4330158470649578E-018   5.6818899584946362E-017   1.8062397839096824E-016   3.4526881645451058E-017  -5.2529595256922690E-017   1.1192369185781374E-003   1.2644507836612195E-016  -1.7782519879481555E-018  -1.2829608002217791E-016  -6.7156124163945291E-018   3.3977675679077804E-018   1.7038460568967929E-017  -2.0736852442674929E-018   4.0546750850116836E-017   5.6390646741893340E-017  -1.0839513542466554E-016   5.5511151231257827E-017   5.5511151231257827E-016   1.0008761726983331        6.5377391000875917E-017   1.8968117007633900E-016   1.0160425717989038E-003   8.9338259012805565E-017  -1.9255430583342559E-016  -3.6501015605492348E-003   1.0239055458617198E-016  -6.2690023859113376E-017  -3.4699793848146594E-017  -3.6426219457137120E-017  -1.1633440085031290E-016   7.1035279613664447E-017  -1.7618285302889447E-016   6.1501368234240239E-017   1.1192369185779683E-003  -5.2033519447435926E-017  -1.4019544392579976E-018   5.3025626755310597E-018  -4.3969919640352842E-018  -1.6747545138806898E-017   3.2949547656979703E-019  -8.3647992856486297E-021   4.4502377903602702E-018   2.8022809885134146E-018   1.0160425717990872E-003   5.4210108624275222E-018   6.5377391000875917E-017   1.0314387892010030E-006   2.7475631226561325E-020   9.7144091138227522E-020  -3.7054119960816633E-006   1.3340768919255271E-020  -2.7592098256808829E-019   5.7092553466530908E-021   1.7204464358408736E-019   1.0395635579881997E-020   1.4177510514611822E-019  -1.3848307667574258E-019   1.0335174375428198E-018   1.1361968525425837E-006  -1.1170246991916104E-020   8.0309311311548327E-020  -1.8665622920627290E-020  -1.0731014374133616E-019   7.7054013996679944E-022   5.2718143428236984E-021  -3.9094089094619948E-021  -9.3932357889139000E-020   3.7686567917552171E-018  -3.1337939466820197E-018  -3.1471482997759941E-018   2.1358782797964437E-017   1.0160425717988370E-003   1.8968117007633900E-016   2.7475631226561325E-020   1.0314387892004952E-006   2.1339936314888032E-019   5.8657031597360347E-020  -3.7054119960805351E-006  -8.4608003518863925E-019   1.2158670490335957E-019   4.3269587748090429E-020   5.5153430009098174E-021   5.7679883322054793E-020   1.8336099563455762E-019  -1.5318281929664151E-019  -2.9116757561866592E-020   1.1361968525422062E-006   3.3984550030618631E-019  -1.8051980579000669E-021  -1.3024016621958154E-019  -6.8173749129840425E-021   3.4492543555749746E-021   1.7296646446594986E-020  -1.1142145225072152E-019   3.8014833493413026E-018  -3.2562352265916799E-018  -3.3255396379261387E-018   3.0411870938218399E-017   2.1141942363467336E-017   1.0160425717989038E-003   9.7144091138227522E-020   2.1339936314888032E-019   1.0314387892006307E-006  -2.0117032497289588E-020  -2.7062702664774901E-019  -3.7054119960805944E-006   1.0394209118714364E-019  -6.3639973460679746E-020  -3.5225604069794194E-020  -3.6978190417258360E-020  -1.1809723025973469E-019  -1.2513017950530375E-019  -1.4489557353968878E-019   8.5470918333879256E-020   1.1361968525421096E-006  -5.2821989733847324E-020  -1.4231984264130504E-021   5.3829130565132779E-021  -4.4636201212313879E-021  -1.7001322739331373E-020  -4.1217360735717418E-019   5.7658853316298437E-019  -5.7825161372598521E-018  -3.8673427492483940E-019  -3.6501015605496308E-003   1.3574211199518516E-016   8.9338259012805565E-017  -3.7054119960816633E-006   5.8657031597360347E-020  -2.0117032497289588E-020   1.3311578160970470E-005  -6.1240482086485915E-019  -1.9142944607947192E-019  -2.0510323512747805E-020  -6.1806506878792267E-019  -3.7345999770318677E-020  -5.0932268676953171E-019   4.9749617615804591E-019  -3.0504273631864057E-018  -4.0817521033728284E-006   2.1345230270808371E-019   7.3903624647937729E-020   6.7055673888312635E-020   3.8550837731088973E-019  -2.7681416560889512E-021  -1.8938830216136379E-020   1.4044430772209816E-020   1.3594601686606683E-019  -3.0894073272053217E-018   2.9120940922735604E-018   3.1888666796263843E-018   3.3393426912553537E-017  -3.6501015605494174E-003  -1.9255430583342559E-016   1.3340768919255271E-020  -3.7054119960805351E-006  -2.7062702664774901E-019  -6.1240482086485915E-019   1.3311578160968921E-005   1.2569968937253817E-018  -4.3679648237971493E-019  -1.5544465768205234E-019  -1.9813699399387649E-020  -2.0721319949556925E-019  -6.5871871404437264E-019   5.7934774085124859E-020   2.2785186281140679E-019  -4.0817521033722405E-006  -6.7434410513282986E-019   6.4851182726949456E-021   4.6788377491175444E-019   2.4491208832597831E-020  -1.2391339748420000E-020  -6.2137668183745990E-020   1.5028726815580937E-019  -3.3915531484486852E-018   3.4049688649134187E-018   3.8834889380861141E-018  -3.7296554733501353E-017  -1.5406512871019018E-016  -3.6501015605492348E-003  -2.7592098256808829E-019  -8.4608003518863925E-019  -3.7054119960805944E-006  -1.9142944607947192E-019   1.2569968937253817E-018   1.3311578160967593E-005  -3.7340875252622010E-019   2.2862463925193498E-019   1.2654689474162418E-019   1.3284300706943291E-019   4.2426065248857752E-019  -4.0259054606972569E-020   6.0139339255055324E-019  -3.9450559518369038E-019  -4.0817521033714206E-006   1.8976136680716325E-019   5.1127963939700043E-021  -1.9337948913984374E-020   1.6035417434684332E-020   6.1076726885924117E-020  -4.9909434865093744E-017   6.7690702948563353E-016   5.3262564922413068E-016   4.9344032733894589E-016   5.6240336762497179E-018   1.1977178834072865E-016   1.0239055458617198E-016   5.7092553466530908E-021   1.2158670490335957E-019   1.0394209118714364E-019  -2.0510323512747805E-020  -4.3679648237971493E-019  -3.7340875252622010E-019   1.4147778296794938E-030   2.6221715874302742E-030   2.7961064661890599E-033   7.3817595500617500E-032   3.5317828580433758E-032   3.7494519628729012E-017   6.2891157702294520E-021   1.3393565654947242E-019   1.1449896793683600E-019   3.6239445036724514E-031   7.1488117621614803E-031   7.8015825813397167E-032   7.5004667938579351E-033  -3.6844031821265729E-032   2.7467512278026658E-017   1.2701758009362063E-015   1.0111073050845934E-015   9.3689064647604475E-016   1.6947654476601119E-016   4.2623705523366558E-017  -6.2690023859113376E-017   1.7204464358408736E-019   4.3269587748090429E-020  -6.3639973460679746E-020  -6.1806506878792267E-019  -1.5544465768205234E-019   2.2862463925193498E-019   2.6221715874302742E-030   4.9975919458878421E-030   1.5144264629112365E-032   1.6070286704173234E-031   4.1921630324039675E-032   7.1133096078625521E-017   1.8951835492678977E-019   4.7664262702678443E-020  -7.0103566298803695E-020   6.9839111228956397E-031   1.3636772407859596E-030   1.4803585864668751E-031   1.5563901820549966E-032  -6.9408175355185040E-032  -3.5012299703724346E-019  -2.3390350237190692E-017   1.1911969404897217E-017   1.1741339285859262E-017   1.0240460627095083E-017   5.4330158470649578E-018  -3.4699793848146594E-017   1.0395635579881997E-020   5.5153430009098174E-021  -3.5225604069794194E-020  -3.7345999770318677E-020  -1.9813699399387649E-020   1.2654689474162418E-019   2.7961064661890599E-033   1.5144264629112365E-032   2.3649524854576569E-033   3.8210166010374776E-033   4.0710199411519767E-033   6.6425135362416773E-019   1.1451468133363256E-020   6.0755087203835124E-021  -3.8803291956871607E-020   8.9040654005766405E-033   1.2777825253663704E-032   1.3236693110259910E-033   3.8884254241611208E-034  -2.0670905687004124E-034  -1.3033081375711937E-018   2.0129427863025849E-017   3.2047637574243143E-017   3.0066140402789715E-017   1.3965883769150917E-016   5.6818899584946362E-017  -3.6426219457137120E-017   1.4177510514611822E-019   5.7679883322054793E-020  -3.6978190417258360E-020  -5.0932268676953171E-019  -2.0721319949556925E-019   1.3284300706943291E-019   7.3817595500617500E-032   1.6070286704173234E-031   3.8210166010374776E-033   2.7848745086928442E-032  -3.0332705352671903E-033   2.1630645549737151E-018   1.5617449132459121E-019   6.3538139705138703E-020  -4.0733879707346214E-020   2.0872801360052416E-032   2.1015656367678199E-032   4.1269000461110936E-033   1.5279623833453088E-033  -1.2009747717402736E-033   3.0810203388823753E-019   3.8682356132983198E-018   1.3491599561797221E-017   1.2741150742434510E-017  -1.3641594910858562E-016   1.8062397839096824E-016  -1.1633440085031290E-016  -1.3848307667574258E-019   1.8336099563455762E-019  -1.1809723025973469E-019   4.9749617615804591E-019  -6.5871871404437264E-019   4.2426065248857752E-019   3.5317828580433758E-032   4.1921630324039675E-032   4.0710199411519767E-033  -3.0332705352671903E-033   6.5332549103740345E-032   8.8992484366476425E-019  -1.5254810803776219E-019   2.0198405208369203E-019  -1.3009177347210267E-019   1.7234302252727674E-032   9.2992564243688171E-033  -2.2708819919867517E-035   6.0568656994200371E-034   4.6019895145918986E-033   2.3020387129228087E-004   4.9725630296602796E-003   1.9373458474371223E-002   1.8306687977776414E-002   7.6468674356332820E-016   3.4526881645451058E-017   7.1035279613664447E-017   1.0335174375428198E-018  -1.5318281929664151E-019  -1.2513017950530375E-019  -3.0504273631864057E-018   5.7934774085124859E-020  -4.0259054606972569E-020   3.7494519628729012E-017   7.1133096078625521E-017   6.6425135362416773E-019   2.1630645549737151E-018   8.8992484366476425E-019   1.2752257060899303E-003   9.5888626273637379E-019  -4.7137678470888353E-020  -1.6137180077221945E-020   1.2911178019962075E-017   2.5649614074791547E-017   2.7380037334835808E-018   2.7168687801804862E-019  -1.3562085722047886E-018   1.5915197943536870E-019  -5.1490764605048823E-019   2.1605687722246450E-018   4.9271425845155901E-019   1.1192369185782337E-003  -5.2529595256922690E-017  -1.7618285302889447E-016   1.1361968525425837E-006  -2.9116757561866592E-020  -1.4489557353968878E-019  -4.0817521033728284E-006   2.2785186281140679E-019   6.0139339255055324E-019   6.2891157702294520E-021   1.8951835492678977E-019   1.1451468133363256E-020   1.5617449132459121E-019  -1.5254810803776219E-019   9.5888626273637379E-019   1.2515946668320412E-006  -7.7715272910582068E-020  -1.8904716591531916E-019  -2.0561396599773397E-020  -1.1820909669224553E-019   8.4880003636942689E-022   5.8072460782146718E-021  -4.3064679598389484E-021  -5.5300947764366483E-020   1.1747041540782639E-018  -1.3630994892412031E-018  -1.4284527721651087E-018  -1.7347234759768071E-017   1.1192369185781374E-003   6.1501368234240239E-017  -1.1170246991916104E-020   1.1361968525422062E-006   8.5470918333879256E-020   2.1345230270808371E-019  -4.0817521033722405E-006  -3.9450559518369038E-019   1.3393565654947242E-019   4.7664262702678443E-020   6.0755087203835124E-021   6.3538139705138703E-020   2.0198405208369203E-019  -4.7137678470888353E-020  -7.7715272910582068E-020   1.2515946668318261E-006   2.0945536598822746E-019  -1.9885429683919331E-021  -1.4346800651928008E-019  -7.5097814817855813E-021   3.7995778164015362E-021   1.9053380053112396E-020  -6.1231944391835902E-020   1.3082299095480246E-018  -1.5033061002333026E-018  -1.6318197521254244E-018   7.2099444470286045E-018   1.2644507836612195E-016   1.1192369185779683E-003   8.0309311311548327E-020   3.3984550030618631E-019   1.1361968525421096E-006   7.3903624647937729E-020  -6.7434410513282986E-019  -4.0817521033714206E-006   1.1449896793683600E-019  -7.0103566298803695E-020  -3.8803291956871607E-020  -4.0733879707346214E-020  -1.3009177347210267E-019  -1.6137180077221945E-020  -1.8904716591531916E-019   2.0945536598822746E-019   1.2515946668314483E-006  -5.8186854236032817E-020  -1.5677455507511942E-021   5.9296285308968500E-021  -4.9169676240477188E-021  -1.8728061798460929E-020   6.5404630194143340E-019   2.8545965995567844E-017   1.9768017795395285E-016   1.8720348006543653E-016  -1.8387002423281482E-017  -1.7782519879481555E-018  -5.2033519447435926E-017  -1.8665622920627290E-020  -1.8051980579000669E-021  -5.2821989733847324E-020   6.7055673888312635E-020   6.4851182726949456E-021   1.8976136680716325E-019   3.6239445036724514E-031   6.9839111228956397E-031   8.9040654005766405E-033   2.0872801360052416E-032   1.7234302252727674E-032   1.2911178019962075E-017  -2.0561396599773397E-020  -1.9885429683919331E-021  -5.8186854236032817E-020   1.3424945285154242E-031   2.6290206103592332E-031   2.7536177747586650E-032   2.8974784838251159E-033  -1.2932561391499235E-032   1.0903684189549181E-018   5.6367162845522048E-017   3.9274014860824813E-016   3.7193214297988585E-016  -1.0570833244650616E-016  -1.2829608002217791E-016  -1.4019544392579976E-018  -1.0731014374133616E-019  -1.3024016621958154E-019  -1.4231984264130504E-021   3.8550837731088973E-019   4.6788377491175444E-019   5.1127963939700043E-021   7.1488117621614803E-031   1.3636772407859596E-030   1.2777825253663704E-032   2.1015656367678199E-032   9.2992564243688171E-033   2.5649614074791547E-017  -1.1820909669224553E-019  -1.4346800651928008E-019  -1.5677455507511942E-021   2.6290206103592332E-031   5.4545888468455098E-031   5.6030330491378514E-032   4.5260483290949987E-033  -2.9257856677234976E-032   2.5272286169723996E-019   6.4871332479173096E-018   4.1890281993657764E-017   3.9662047438061786E-017   7.5903833914554021E-019  -6.7156124163945291E-018   5.3025626755310597E-018   7.7054013996679944E-022  -6.8173749129840425E-021   5.3829130565132779E-021  -2.7681416560889512E-021   2.4491208832597831E-020  -1.9337948913984374E-020   7.8015825813397167E-032   1.4803585864668751E-031   1.3236693110259910E-033   4.1269000461110936E-033  -2.2708819919867517E-035   2.7380037334835808E-018   8.4880003636942689E-022  -7.5097814817855813E-021   5.9296285308968500E-021   2.7536177747586650E-032   5.6030330491378514E-032   5.9702016436323539E-033   5.4494089906818667E-034  -3.1394804004079797E-033   1.4062044761770716E-020   1.7150988538591658E-019   4.1897881195445997E-018   3.9756844440392345E-018   5.1931223248637081E-018   3.3977675679077804E-018  -4.3969919640352842E-018   5.2718143428236984E-021   3.4492543555749746E-021  -4.4636201212313879E-021  -1.8938830216136379E-020  -1.2391339748420000E-020   1.6035417434684332E-020   7.5004667938579351E-033   1.5563901820549966E-032   3.8884254241611208E-034   1.5279623833453088E-033   6.0568656994200371E-034   2.7168687801804862E-019   5.8072460782146718E-021   3.7995778164015362E-021  -4.9169676240477188E-021   2.8974784838251159E-033   4.5260483290949987E-033   5.4494089906818667E-034   1.1647627793497186E-034  -1.8208719650727825E-034  -1.0499425467938664E-019  -1.8242068884965506E-019  -2.0961690619770989E-017  -1.9902878970552450E-017  -3.8510534257294266E-018   1.7038460568967929E-017  -1.6747545138806898E-017  -3.9094089094619948E-021   1.7296646446594986E-020  -1.7001322739331373E-020   1.4044430772209816E-020  -6.2137668183745990E-020   6.1076726885924117E-020  -3.6844031821265729E-032  -6.9408175355185040E-032  -2.0670905687004124E-034  -1.2009747717402736E-033   4.6019895145918986E-033  -1.3562085722047886E-018  -4.3064679598389484E-021   1.9053380053112396E-020  -1.8728061798460929E-020  -1.2932561391499235E-032  -2.9257856677234976E-032  -3.1394804004079797E-033  -1.8208719650727825E-034   2.0537811602417260E-033
