   1.0000517759498093        4.0135597504589021E-004   1.7656084022024644E-003   7.7938858008426122E-004  -5.9801376010554835E-017   2.0016134770444508E-017   8.6938715539706952E-017  -2.2982892155101318E-016   6.5360220873498562E-019  -8.1087060275260639E-017   6.8650842628915104E-016  -1.6377408264336310E-017   1.1018141324227173E-016  -2.0110355910359982E-018   2.0562685028310060E-018   2.3532091372972029E-017  -1.2309433332112179E-017   2.7342032492191795E-017   2.3447959430529801E-004  -1.7358297671209525E-016   2.0345309384769592E-019  -2.9115575042381954E-017   2.7976750420189558E-018   9.7605545611941754E-019  -6.7702813105052782E-018   3.0180437549180608E-017  -1.4181040634930065E-017   4.0135597504589021E-004   1.0098538799100210        1.5591779130121082E-002  -5.7427382560045689E-003   8.9991458005765812E-017   1.6078776539579238E-016   1.9097728626384527E-016   9.8215645638262666E-017  -7.3219568818312751E-018   7.4425053611406691E-017   1.1964888521675932E-015  -1.9182283651861255E-016  -4.7369466136889269E-017   2.2770579946534501E-017   4.3617276440651513E-020  -3.7094784883120646E-017  -2.0132217994824433E-017   1.4295201942781832E-017   5.4840282353230459E-003   5.3502212262259371E-017   1.1959718013929769E-018   4.2835566705769103E-017   4.0108732214474133E-018  -1.4895624905434582E-018   1.6027354274113436E-017  -2.9593328881372079E-016  -4.5272537763214823E-018   1.7656084022024644E-003   1.5591779130121082E-002  0.34018356099565505       0.28388566009549632        7.7723249076002306E-016   1.6823889438537702E-016   4.7050432217529594E-016   3.5145424744095160E-015  -1.9949939950831986E-017   9.3001714206421114E-016  -1.5936523925597642E-015  -7.2155619324022167E-017  -1.3061000344242793E-015   2.1250275956990110E-016  -9.2197680565617754E-017  -2.8413723072842620E-016  -5.7495122710224998E-017  -2.9181318457461654E-016   1.0275779008555436E-002   2.2511576376379849E-015  -2.9671338148985972E-017   2.9285928184475342E-016   2.1522929228428552E-017   7.9448204576197678E-018   5.0760644953735501E-017  -9.8588539105593605E-016   7.5198873013196827E-017   7.7938858008426122E-004  -5.7427382560045689E-003  0.28388566009549632       0.23725365940499543        2.7006053399963533E-016  -9.1962652753683601E-016  -5.6655592446195596E-016   2.9341515285397564E-015  -1.6806433717719285E-017   7.7532408549370248E-016  -1.3524286752253502E-015  -5.2340542815261338E-017  -1.0863204347904860E-015   1.7709507664867357E-016  -7.7020722382053607E-017  -2.3668444145958621E-016  -4.7646667908486263E-017  -2.4405430584181345E-016   8.4819245837724939E-003   1.8791835085003636E-015  -2.6137497611805474E-017   2.4266604064484427E-016   1.7902987298078695E-017   6.6638167708731592E-018   4.2110349768024117E-017  -8.1809291784092124E-016   6.2912220579953629E-017  -5.9801376010554835E-017   8.9991458005765812E-017   7.7723249076002306E-016   2.7006053399963533E-016   1.0007511642666562        7.3552275381416621E-016   1.1102230246251600E-016   2.6186036313798983E-004   1.5002647561768149E-017   1.5205935469110053E-017  -4.1268025036757588E-003  -4.3606611377366993E-016  -1.5764299587939355E-016   8.7394254161274087E-017   1.4428259982589618E-017  -4.1474618257055105E-017  -7.6008314644901594E-018  -1.1011931371417270E-017  -9.4319962066120479E-017   1.2578948533950275E-003   1.5937771935536887E-017   1.3563369177793688E-016   3.8598889580356330E-017   1.3615561744292752E-016   3.4275414358541072E-016  -1.9791702260678281E-016   1.5129628945014020E-016   2.0016134770444508E-017   1.6078776539579238E-016   1.6823889438537702E-016  -9.1962652753683601E-016   7.3552275381416621E-016   1.0007511642666576        3.8857805861880484E-016   1.5965215803027979E-016   2.6186036313724222E-004  -3.2726642576474946E-016  -3.1371389860868081E-016  -4.1268025036754405E-003   1.5945903451830547E-016  -3.7702439045684024E-017   1.1159026179636792E-017  -3.3638706888932290E-017   5.2227596539433144E-019   4.1816860419773816E-017   1.0345004700529733E-015   2.3600370789578233E-016   1.2578948533946736E-003  -3.3732240091455238E-017  -2.2818610616995519E-017   6.6728860507785017E-017   6.6388367539584230E-017  -1.6902729204949559E-018   5.7671087054674150E-017   8.6938715539706952E-017   1.9097728626384527E-016   4.7050432217529594E-016  -5.6655592446195596E-016   1.1102230246251600E-016   3.8857805861880484E-016   1.0007511642666562       -3.2582985788620237E-016   1.6232539401181390E-017   2.6186036313687614E-004  -6.7242218737551162E-016  -1.9266272605067421E-016  -4.1268025036751447E-003   1.0459273519136294E-016   1.6792205066777706E-017   1.6781535510825791E-017   1.5238522561944828E-017   1.9221601533342286E-017   2.7514127829009931E-016  -2.0681156440160751E-016   1.5958100726270984E-017   1.2578948533946001E-003   3.6805887373452642E-017   1.0607216063159264E-016   2.1578482328302629E-016   2.8626605564910560E-016   1.0173033223336024E-016  -2.2982892155101318E-016   9.8215645638262666E-017   3.5145424744095160E-015   2.9341515285397564E-015   2.6186036313798983E-004   1.5965215803027979E-016  -3.2582985788620237E-016   6.8519380472575479E-008   4.5651270825982687E-020  -8.1288693147203670E-020  -1.0798348688439350E-006  -7.7168671961880519E-019   1.3025249146268104E-018   2.2867913573472457E-020   3.7753534868991178E-021  -1.0852406660664326E-020  -1.9888625255767704E-021  -2.8814239281034524E-021   1.0577454445916720E-016   3.2914556071569222E-007   2.0461139632080846E-019  -3.7411062999755917E-019   1.0099932534026109E-020   3.5626997699340339E-020   8.9686355321468206E-020  -5.1787722334811712E-020   3.9588763632999522E-020   6.5360220873498562E-019  -7.3219568818312751E-018  -1.9949939950831986E-017  -1.6806433717719285E-017   1.5002647561768149E-017   2.6186036313724222E-004   1.6232539401181390E-017   4.5651270825982687E-020   6.8519380472184150E-008  -8.1412770248748690E-020  -1.4316180297568398E-019  -1.0798348688407675E-006  -2.4795566041812894E-020  -9.8653638708548034E-021   2.9199133131210114E-021  -8.8020322293019003E-021   1.3666071931062938E-022   1.0941959046155797E-020  -3.6515192024093226E-019   8.0368868315520026E-020   3.2914556071465948E-007   1.1448179677716719E-020  -5.9708046073896297E-021   1.7460527919656021E-020   1.7371433232105129E-020  -4.4228325332491228E-022   1.5090436402062487E-020  -8.1087060275260639E-017   7.4425053611406691E-017   9.3001714206421114E-016   7.7532408549370248E-016   1.5205935469110053E-017  -3.2726642576474946E-016   2.6186036313687614E-004  -8.1288693147203670E-020  -8.1412770248748690E-020   6.8519380471992654E-008  -2.3859859333405473E-019   1.2995470644349149E-018  -1.0798348688391817E-006   2.7368133655238194E-020   4.3939123664390836E-021   4.3911205292572632E-021   3.9873698818101097E-021   5.0295975028597950E-021   2.8303220516202546E-017  -3.5019518406892458E-020  -4.0730869670486776E-019   3.2914556071418053E-007   9.6307687439132131E-021   2.7755245752881895E-020   5.6463079137010166E-020   7.4905466973158228E-020   2.6619146389276384E-020   6.8650842628915104E-016   1.1964888521675932E-015  -1.5936523925597642E-015  -1.3524286752253502E-015  -4.1268025036757588E-003  -3.1371389860868081E-016  -6.7242218737551162E-016  -1.0798348688439350E-006  -1.4316180297568398E-019  -2.3859859333405473E-019   1.7017715804332189E-005   3.0793882797433425E-018   3.4211660739662397E-018  -3.6038811620563885E-019  -5.9497886732956481E-020   1.7102908752441987E-019   3.1343586136009483E-020   4.5409955619253082E-020  -4.1220680780565184E-017  -5.1871872006818423E-006  -4.5633900033311439E-019  -1.4039571100753747E-018  -1.5917043101934136E-019  -5.6146559006490932E-019  -1.4134169495874882E-018   8.1615140064950360E-019  -6.2390125377239330E-019  -1.6377408264336310E-017  -1.9182283651861255E-016  -7.2155619324022167E-017  -5.2340542815261338E-017  -4.3606611377366993E-016  -4.1268025036754405E-003  -1.9266272605067421E-016  -7.7168671961880519E-019  -1.0798348688407675E-006   1.2995470644349149E-018   3.0793882797433425E-018   1.7017715804329540E-005   1.3044307387743535E-019   1.5547373353525911E-019  -4.6016531202780759E-020   1.3871610123127369E-019  -2.1537119701102991E-021  -1.7244039321460101E-019  -7.3607854420359909E-018  -1.5174595250065498E-018  -5.1871872006799771E-006  -1.0108808829894161E-019   9.4097216957612742E-020  -2.7517013064162763E-019  -2.7376603811223005E-019   6.9701867652478217E-021  -2.3781854565356928E-019   1.1018141324227173E-016  -4.7369466136889269E-017  -1.3061000344242793E-015  -1.0863204347904860E-015  -1.5764299587939355E-016   1.5945903451830547E-016  -4.1268025036751447E-003   1.3025249146268104E-018  -2.4795566041812894E-020  -1.0798348688391817E-006   3.4211660739662397E-018   1.3044307387743535E-019   1.7017715804327121E-005  -4.3130957711258965E-019  -6.9246098716489911E-020  -6.9202100615335605E-020  -6.2839170521281964E-020  -7.9264212886965834E-020  -4.0442202006481082E-017   6.5517998469256246E-019   1.3658406274487052E-019  -5.1871872006793088E-006  -1.5177661899014241E-019  -4.3741029108419958E-019  -8.8983293827320567E-019  -1.1804767432189986E-018  -4.1950587193998638E-019  -2.0110355910359982E-018   2.2770579946534501E-017   2.1250275956990110E-016   1.7709507664867357E-016   8.7394254161274087E-017  -3.7702439045684024E-017   1.0459273519136294E-016   2.2867913573472457E-020  -9.8653638708548034E-021   2.7368133655238194E-020  -3.6038811620563885E-019   1.5547373353525911E-019  -4.3130957711258965E-019   1.5290612881022176E-031  -5.4951356453203970E-032  -1.7848178343540596E-031  -3.5194835870413317E-032  -1.8254798346981609E-031   6.4831526693017680E-018   1.0985026693193784E-019  -4.7390106281576221E-020   1.3146790930419472E-019   2.1552628274723688E-032   2.5398429401952995E-032   8.1891275237572131E-032  -6.0650330923380405E-031   6.8589064925809918E-032   2.0562685028310060E-018   4.3617276440651513E-020  -9.2197680565617754E-017  -7.7020722382053607E-017   1.4428259982589618E-017   1.1159026179636792E-017   1.6792205066777706E-017   3.7753534868991178E-021   2.9199133131210114E-021   4.3939123664390836E-021  -5.9497886732956481E-020  -4.6016531202780759E-020  -6.9246098716489911E-020  -5.4951356453203970E-032   2.5626417789194016E-032   7.6277883756420513E-032   1.5630016847326064E-032   7.9908376477698047E-032  -2.7633122791203407E-018   1.8135611151881801E-020   1.4026345510730688E-020   2.1106973526278553E-020  -4.8939760381072984E-033   2.3282283898711585E-033  -4.4144941887917618E-033   2.6815785664301327E-031  -1.5919923110629227E-032   2.3532091372972029E-017  -3.7094784883120646E-017  -2.8413723072842620E-016  -2.3668444145958621E-016  -4.1474618257055105E-017  -3.3638706888932290E-017   1.6781535510825791E-017  -1.0852406660664326E-020  -8.8020322293019003E-021   4.3911205292572632E-021   1.7102908752441987E-019   1.3871610123127369E-019  -6.9202100615335605E-020  -1.7848178343540596E-031   7.6277883756420513E-032   2.4165558745451358E-031   4.8692673431566635E-032   2.4317066491043427E-031  -8.6979006245953625E-018  -5.2131549496821327E-020  -4.2282195396117923E-020   2.1093562420529465E-020  -1.8197404636705343E-032  -1.2675304029634157E-032  -5.5718516261851733E-032   8.4338334387521360E-031  -6.9486686743236712E-032  -1.2309433332112179E-017  -2.0132217994824433E-017  -5.7495122710224998E-017  -4.7646667908486263E-017  -7.6008314644901594E-018   5.2227596539433144E-019   1.5238522561944828E-017  -1.9888625255767704E-021   1.3666071931062938E-022   3.9873698818101097E-021   3.1343586136009483E-020  -2.1537119701102991E-021  -6.2839170521281964E-020  -3.5194835870413317E-032   1.5630016847326064E-032   4.8692673431566635E-032   1.0454907180337785E-032   4.8892020904425450E-032  -1.8258052023801049E-018  -9.5538702551417656E-021   6.5647512826809078E-022   1.9154071250073238E-020  -3.4669324418118759E-033  -7.0598411155565382E-034  -8.0150616610885990E-033   1.7641072457883370E-031  -1.1966323120100195E-032   2.7342032492191795E-017   1.4295201942781832E-017  -2.9181318457461654E-016  -2.4405430584181345E-016  -1.1011931371417270E-017   4.1816860419773816E-017   1.9221601533342286E-017  -2.8814239281034524E-021   1.0941959046155797E-020   5.0295975028597950E-021   4.5409955619253082E-020  -1.7244039321460101E-019  -7.9264212886965834E-020  -1.8254798346981609E-031   7.9908376477698047E-032   2.4317066491043427E-031   4.8892020904425450E-032   2.5414910292084719E-031  -8.6720412658642933E-018  -1.3841454593888091E-020   5.2561731013052104E-020   2.4160605059357723E-020  -1.8973502439345092E-032  -3.5115655452994034E-033  -4.0223259726282232E-032   8.4745400853429474E-031  -6.2446363992003644E-032   2.3447959430529801E-004   5.4840282353230459E-003   1.0275779008555436E-002   8.4819245837724939E-003  -9.4319962066120479E-017   1.0345004700529733E-015   2.7514127829009931E-016   1.0577454445916720E-016  -3.6515192024093226E-019   2.8303220516202546E-017  -4.1220680780565184E-017  -7.3607854420359909E-018  -4.0442202006481082E-017   6.4831526693017680E-018  -2.7633122791203407E-018  -8.6979006245953625E-018  -1.8258052023801049E-018  -8.6720412658642933E-018   3.3533140535029897E-004   6.7571328336229145E-017   4.0945972847720788E-019   9.3137832334470587E-018   6.6564017163296372E-019   2.3094519277946837E-019   1.6001022991077178E-018  -3.1019488672894815E-017   2.2292728835801752E-018  -1.7358297671209525E-016   5.3502212262259371E-017   2.2511576376379849E-015   1.8791835085003636E-015   1.2578948533950275E-003   2.3600370789578233E-016  -2.0681156440160751E-016   3.2914556071569222E-007   8.0368868315520026E-020  -3.5019518406892458E-020  -5.1871872006818423E-006  -1.5174595250065498E-018   6.5517998469256246E-019   1.0985026693193784E-019   1.8135611151881801E-020  -5.2131549496821327E-020  -9.5538702551417656E-021  -1.3841454593888091E-020   6.7571328336229145E-017   1.5811117875213226E-006   3.1554624263163102E-019  -8.9573734170205895E-020   4.8516900388121545E-020   1.7114089551705106E-019   4.3082505281136385E-019  -2.4877193555438402E-019   1.9017197344661655E-019   2.0345309384769592E-019   1.1959718013929769E-018  -2.9671338148985972E-017  -2.6137497611805474E-017   1.5937771935536887E-017   1.2578948533946736E-003   1.5958100726270984E-017   2.0461139632080846E-019   3.2914556071465948E-007  -4.0730869670486776E-019  -4.5633900033311439E-019  -5.1871872006799771E-006   1.3658406274487052E-019  -4.7390106281576221E-020   1.4026345510730688E-020  -4.2282195396117923E-020   6.5647512826809078E-022   5.2561731013052104E-020   4.0945972847720788E-019   3.1554624263163102E-019   1.5811117875204311E-006  -2.2949298914696887E-020  -2.8681868062347034E-020   8.3874886388112142E-020   8.3446903521232732E-020  -2.1245896915778206E-021   7.2489711914457578E-020  -2.9115575042381954E-017   4.2835566705769103E-017   2.9285928184475342E-016   2.4266604064484427E-016   1.3563369177793688E-016  -3.3732240091455238E-017   1.2578948533946001E-003  -3.7411062999755917E-019   1.1448179677716719E-020   3.2914556071418053E-007  -1.4039571100753747E-018  -1.0108808829894161E-019  -5.1871872006793088E-006   1.3146790930419472E-019   2.1106973526278553E-020   2.1093562420529465E-020   1.9154071250073238E-020   2.4160605059357723E-020   9.3137832334470587E-018  -8.9573734170205895E-020  -2.2949298914696887E-020   1.5811117875202486E-006   4.6263185050240453E-020   1.3332747411263167E-019   2.7123087970362340E-019   3.5982231243825025E-019   1.2787000996828489E-019   2.7976750420189558E-018   4.0108732214474133E-018   2.1522929228428552E-017   1.7902987298078695E-017   3.8598889580356330E-017  -2.2818610616995519E-017   3.6805887373452642E-017   1.0099932534026109E-020  -5.9708046073896297E-021   9.6307687439132131E-021  -1.5917043101934136E-019   9.4097216957612742E-020  -1.5177661899014241E-019   2.1552628274723688E-032  -4.8939760381072984E-033  -1.8197404636705343E-032  -3.4669324418118759E-033  -1.8973502439345092E-032   6.6564017163296372E-019   4.8516900388121545E-020  -2.8681868062347034E-020   4.6263185050240453E-020   4.7407088663216602E-033   8.1307568926557780E-033   2.2876154948313505E-032  -6.0098806860082520E-032   1.2956675816856420E-032   9.7605545611941754E-019  -1.4895624905434582E-018   7.9448204576197678E-018   6.6638167708731592E-018   1.3615561744292752E-016   6.6728860507785017E-017   1.0607216063159264E-016   3.5626997699340339E-020   1.7460527919656021E-020   2.7755245752881895E-020  -5.6146559006490932E-019  -2.7517013064162763E-019  -4.3741029108419958E-019   2.5398429401952995E-032   2.3282283898711585E-033  -1.2675304029634157E-032  -7.0598411155565382E-034  -3.5115655452994034E-033   2.3094519277946837E-019   1.7114089551705106E-019   8.3874886388112142E-020   1.3332747411263167E-019   8.1307568926557780E-033   3.4406521319893789E-032   7.5084889745286896E-032  -1.9229105711205651E-032   3.6969724374203874E-032  -6.7702813105052782E-018   1.6027354274113436E-017   5.0760644953735501E-017   4.2110349768024117E-017   3.4275414358541072E-016   6.6388367539584230E-017   2.1578482328302629E-016   8.9686355321468206E-020   1.7371433232105129E-020   5.6463079137010166E-020  -1.4134169495874882E-018  -2.7376603811223005E-019  -8.8983293827320567E-019   8.1891275237572131E-032  -4.4144941887917618E-033  -5.5718516261851733E-032  -8.0150616610885990E-033  -4.0223259726282232E-032   1.6001022991077178E-018   4.3082505281136385E-019   8.3446903521232732E-020   2.7123087970362340E-019   2.2876154948313505E-032   7.5084889745286896E-032   1.7613428669629761E-031  -1.5693522381057890E-031   8.8794813107476034E-032   3.0180437549180608E-017  -2.9593328881372079E-016  -9.8588539105593605E-016  -8.1809291784092124E-016  -1.9791702260678281E-016  -1.6902729204949559E-018   2.8626605564910560E-016  -5.1787722334811712E-020  -4.4228325332491228E-022   7.4905466973158228E-020   8.1615140064950360E-019   6.9701867652478217E-021  -1.1804767432189986E-018  -6.0650330923380405E-031   2.6815785664301327E-031   8.4338334387521360E-031   1.7641072457883370E-031   8.4745400853429474E-031  -3.1019488672894815E-017  -2.4877193555438402E-019  -2.1245896915778206E-021   3.5982231243825025E-019  -6.0098806860082520E-032  -1.9229105711205651E-032  -1.5693522381057890E-031   3.0417801028563771E-030  -2.1738674601668496E-031  -1.4181040634930065E-017  -4.5272537763214823E-018   7.5198873013196827E-017   6.2912220579953629E-017   1.5129628945014020E-016   5.7671087054674150E-017   1.0173033223336024E-016   3.9588763632999522E-020   1.5090436402062487E-020   2.6619146389276384E-020  -6.2390125377239330E-019  -2.3781854565356928E-019  -4.1950587193998638E-019   6.8589064925809918E-032  -1.5919923110629227E-032  -6.9486686743236712E-032  -1.1966323120100195E-032  -6.2446363992003644E-032   2.2292728835801752E-018   1.9017197344661655E-019   7.2489711914457578E-020   1.2787000996828489E-019   1.2956675816856420E-032   3.6969724374203874E-032   8.8794813107476034E-032  -2.1738674601668496E-031   5.3436381257614568E-032
