   7.6397665661535451E-003   2.2452256026956562E-002   4.3472944598148142E-002   2.5883667413394446E-002  -4.8447932267812818E-018  -4.1357523095264790E-019  -1.5470367378086848E-018  -1.1777016625121382E-017  -2.3850673229510323E-018   6.7532932014228329E-018   2.9596371238286879E-017  -4.3249633556360152E-018  -9.0694725054481936E-018  -3.2044308056950557E-023  -7.1620609945259065E-020   1.5735285468399403E-017   4.5730083778639562E-018  -1.4021051413279511E-017   1.5850785586314284E-022   1.2274123788282313E-019  -6.0481128177163753E-018  -8.4170470861426380E-018   1.9518325257373387E-017  -2.5282872875123416E-018  -6.5024327946927659E-018   5.9127474227479660E-020  -3.8413505647119901E-019   1.1491820179719328E-030   1.7943280655177035E-018   1.0426554038408648E-019   2.2452256026956562E-002   6.5984188958513226E-002  0.12776119190442070        7.6068649827179119E-002  -1.4238201780571545E-017  -1.2154424996301538E-018  -4.5465348475792898E-018  -3.4611082709308371E-017  -7.0093950793820899E-018   1.9847028920386409E-017   8.6979791693482895E-017  -1.2710491050623203E-017  -2.6653971290681639E-017  -9.4173951844127702E-023  -2.1048343000712427E-019   4.6243907445934912E-017   1.3439462321806665E-017  -4.1206001959896244E-017   4.6583346903425326E-022   3.6072014428030073E-019  -1.7774597729843322E-017  -2.4736579911520953E-017   5.7361757339216651E-017  -7.4302994728158215E-018  -1.9109783609268780E-017   1.7376776869912124E-019  -1.1289217493935975E-018   3.3772928355415752E-030   5.2732911109927595E-018   3.0642253100556823E-019   4.3472944598148142E-002  0.12776119190442070       0.24737626413959651       0.14728712320145174       -2.7568568452136266E-017  -2.3533877569014501E-018  -8.8031802819752676E-018  -6.7015344885484232E-017  -1.3571867503499822E-017   3.8428601012650990E-017   1.6841370688581997E-016  -2.4610554618457241E-017  -5.1608471587409614E-017  -1.8234332381534779E-022  -4.0754632766265706E-019   8.9539279437458201E-017   2.6022017575576211E-017  -7.9784687924591285E-017   9.0196515517083752E-022   6.9844058561001448E-019  -3.4415877916059512E-017  -4.7895942695028272E-017   1.1106609936508040E-016  -1.4386839208565584E-017  -3.7001117532728926E-017   3.3645601459964739E-019  -2.1858628642087902E-018   6.5392477332765989E-030   1.0210354453595185E-017   5.9330740296368756E-019   2.5883667413394446E-002   7.6068649827179119E-002  0.14728712320145174        8.7694333716341527E-002  -1.6414247147843085E-017  -1.4012003685847941E-018  -5.2413884705777685E-018  -3.9900745501460438E-017  -8.0806512622153863E-018   2.2880279607649635E-017   1.0027304147865691E-016  -1.4653054134972519E-017  -3.0727537014804156E-017  -1.0856669573034626E-022  -2.4265192289780734E-019   5.3311431991033833E-017   1.5493435160138916E-017  -4.7503575982970305E-017   5.3702748481194838E-022   4.1584953568376780E-019  -2.0491115703195727E-017  -2.8517107884657085E-017   6.6128439272807432E-017  -8.5658830945709000E-018  -2.2030360008828818E-017   2.0032495294796371E-019  -1.3014565245456187E-018   3.8934494782102964E-030   6.0792159650714438E-018   3.5325353812980645E-019  -4.8447932267812818E-018  -1.4238201780571545E-017  -2.7568568452136266E-017  -1.6414247147843085E-017   3.0723479843289810E-033   2.6227064143043640E-034   9.8106048712571214E-034   7.4684494458062576E-033   1.5125014503510273E-033  -4.2826320513081290E-033  -1.8768675413174237E-032   2.7426954724367008E-033   5.7514478465272209E-033   2.0321045844385124E-038   4.5418540338390937E-035  -9.9786039008720145E-033  -2.8999943680535839E-033   8.8915144633286236E-033  -1.0051848833700923E-037  -7.7836922475610111E-035   3.8354386564502310E-033   5.3377092558175153E-033  -1.2377636042438220E-032   1.6033250518626946E-033   4.1235477666157318E-033  -3.7495960664961102E-035   2.4360101891148623E-034  -7.2875908037232143E-046  -1.1378814238849891E-033  -6.6120473638220306E-035  -4.1357523095264790E-019  -1.2154424996301538E-018  -2.3533877569014501E-018  -1.4012003685847941E-018   2.6227064143043640E-034   2.2388703918692270E-035   8.3748118557186647E-035   6.3754335011312147E-034   1.2911451683578336E-034  -3.6558640519766650E-034  -1.6021858736447673E-033   2.3412989168980250E-034   4.9097170097802183E-034   1.7347038015643953E-039   3.8771486069100281E-036  -8.5182240391091210E-034  -2.4755769428904145E-034   7.5902313588169917E-034  -8.5807494939487123E-039  -6.6445401656245098E-036   3.2741179115294547E-034   4.5565295254085258E-034  -1.0566155138678959E-033   1.3686766340218372E-034   3.5200619306004637E-034  -3.2008384808004043E-036   2.0794973684264217E-035  -6.2210437239663165E-047  -9.7135120252100588E-035  -5.6443668234305756E-036  -1.5470367378086848E-018  -4.5465348475792898E-018  -8.8031802819752676E-018  -5.2413884705777685E-018   9.8106048712571214E-034   8.3748118557186647E-035   3.1327170109265821E-034   2.3848212145072823E-033   4.8297114038786452E-034  -1.3675277370490238E-033  -5.9932032235517247E-033   8.7579602634559984E-034   1.8365491978033481E-033   6.4889053052206829E-039   1.4503023595047755E-035  -3.1863623696786871E-033  -9.2602462412989039E-034   2.8392335618140189E-033  -3.2097509017874000E-038  -2.4854843744845658E-035   1.2247301854577086E-033   1.7044344160746042E-033  -3.9524200081493571E-033   5.1197288341828773E-034   1.3167290297963180E-033  -1.1973189763283769E-035   7.7786544849937867E-035  -2.3270695312969451E-046  -3.6334767731452775E-034  -2.1113553675353874E-035  -1.1777016625121382E-017  -3.4611082709308371E-017  -6.7015344885484232E-017  -3.9900745501460438E-017   7.4684494458062576E-033   6.3754335011312147E-034   2.3848212145072823E-033   1.8154758969057988E-032   3.6766800753927009E-033  -1.0410481212846710E-032  -4.5624032239516400E-032   6.6671101664315439E-033   1.3980967553504950E-032   4.9397628246804331E-038   1.1040613698375367E-034  -2.4256594355038330E-032  -7.0494818430085466E-033   2.1614031550051910E-032  -2.4434642571185841E-037  -1.8921070252828113E-034   9.3234164405520008E-033   1.2975226744112410E-032  -3.0088306895265024E-032   3.8974595833897703E-033   1.0023769504437511E-032  -9.1147450769436084E-035   5.9216010164443652E-034  -1.7715116834728145E-045  -2.7660310397629461E-033  -1.6072964951190786E-034  -2.3850673229510323E-018  -7.0093950793820899E-018  -1.3571867503499822E-017  -8.0806512622153863E-018   1.5125014503510273E-033   1.2911451683578336E-034   4.8297114038786452E-034   3.6766800753927009E-033   7.4459685197853638E-034  -2.1083182054776462E-033  -9.2397244480083632E-033   1.3502151778024343E-033   2.8314088292933534E-033   1.0003948598613921E-038   2.2359318828803325E-035  -4.9124164806623183E-033  -1.4276526324698987E-033   4.3772478216001615E-033  -4.9484745924711542E-038  -3.8318725201609399E-035   1.8881671477979946E-033   2.6277274033264657E-033  -6.0934479302460188E-033   7.8930885391099421E-034   2.0300018127537085E-033  -1.8459072727871717E-035   1.1992355562909387E-034  -3.5876442761100665E-046  -5.6017329831517280E-034  -3.2550776404824230E-035   6.7532932014228329E-018   1.9847028920386409E-017   3.8428601012650990E-017   2.2880279607649635E-017  -4.2826320513081290E-033  -3.6558640519766650E-034  -1.3675277370490238E-033  -1.0410481212846710E-032  -2.1083182054776462E-033   5.9696809672741045E-033   2.6162183221121733E-032  -3.8231201664483633E-033  -8.0171045124448114E-033  -2.8326075917560143E-038  -6.3310177613004516E-035   1.3909455931150430E-032   4.0423835101321891E-033  -1.2394131465429578E-032   1.4011554097936541E-037   1.0849906998475594E-034  -5.3463255479920624E-033  -7.4403826832528520E-033   1.7253534139086162E-032  -2.2349197717172386E-033  -5.7479289196681143E-033   5.2266671535068061E-035  -3.3956229458477227E-034   1.0158377277585589E-045   1.5861248404719058E-033   9.2167183240658349E-035   2.9596371238286879E-017   8.6979791693482895E-017   1.6841370688581997E-016   1.0027304147865691E-016  -1.8768675413174237E-032  -1.6021858736447673E-033  -5.9932032235517247E-033  -4.5624032239516400E-032  -9.2397244480083632E-033   2.6162183221121733E-032   1.1465601506140180E-031  -1.6754860237809239E-032  -3.5135036245201125E-032  -1.2413929524093197E-037  -2.7745745133671750E-034   6.0958321989364527E-032   1.7715783912387349E-032  -5.4317398206507872E-032   6.1405768169594586E-037   4.7549819895294215E-034  -2.3430322208692668E-032  -3.2607547381783655E-032   7.5613776319568751E-032  -9.7945570077713697E-033  -2.5190352778099594E-032   2.2905918164719444E-034  -1.4881349630929815E-033   4.4519184362180179E-045   6.9512070938937862E-033   4.0392355104662441E-034  -4.3249633556360152E-018  -1.2710491050623203E-017  -2.4610554618457241E-017  -1.4653054134972519E-017   2.7426954724367008E-033   2.3412989168980250E-034   8.7579602634559984E-034   6.6671101664315439E-033   1.3502151778024343E-033  -3.8231201664483633E-033  -1.6754860237809239E-032   2.4484135563073952E-033   5.1343370116556831E-033   1.8140666590131210E-038   4.0545285099921760E-035  -8.9079335673423941E-033  -2.5888348142600305E-033   7.9374851371216213E-033  -8.9733195674548300E-038  -6.9485284854179127E-035   3.4239091051895472E-033   4.7649911675976936E-033  -1.1049557701869208E-032   1.4312937151058348E-033   3.6811050856088262E-033  -3.3472771338079496E-035   2.1746345630682932E-034  -6.5056570428523305E-046  -1.0157906088039701E-033  -5.9025971214170463E-035  -9.0694725054481936E-018  -2.6653971290681639E-017  -5.1608471587409614E-017  -3.0727537014804156E-017   5.7514478465272209E-033   4.9097170097802183E-034   1.8365491978033481E-033   1.3980967553504950E-032   2.8314088292933534E-033  -8.0171045124448114E-033  -3.5135036245201125E-032   5.1343370116556831E-033   1.0766733618733391E-032   3.8041079967833149E-038   8.5023691116389214E-035  -1.8679986840602986E-032  -5.4288011801259822E-033   1.6644951018999280E-032  -1.8817101650948877E-037  -1.4571103352748268E-034   7.1799566695065709E-033   9.9922133044004873E-033  -2.3170984707621648E-032   3.0014309784745480E-033   7.7192980884077749E-033  -7.0192589940966755E-035   4.5602209215122613E-034  -1.3642399444410516E-045  -2.1301186253600758E-033  -1.2377779394053871E-034  -3.2044308056950557E-023  -9.4173951844127702E-023  -1.8234332381534779E-022  -1.0856669573034626E-022   2.0321045844385124E-038   1.7347038015643953E-039   6.4889053052206829E-039   4.9397628246804331E-038   1.0003948598613921E-038  -2.8326075917560143E-038  -1.2413929524093197E-037   1.8140666590131210E-038   3.8041079967833149E-038   1.3440694423805367E-043   3.0040615357022310E-040  -6.6000227958184180E-038  -1.9181068942145370E-038   5.8810028667627305E-038  -6.6484682728762592E-043  -5.1482699163004565E-040   2.5368260746698788E-038   3.5304540711118880E-038  -8.1867845291761641E-038   1.0604671752203521E-038   2.7273864690562214E-038  -2.4800482872982623E-040   1.6112196594554698E-039  -4.8201397619326936E-051  -7.5261463539232758E-039  -4.3733235392220426E-040  -7.1620609945259065E-020  -2.1048343000712427E-019  -4.0754632766265706E-019  -2.4265192289780734E-019   4.5418540338390937E-035   3.8771486069100281E-036   1.4503023595047755E-035   1.1040613698375367E-034   2.2359318828803325E-035  -6.3310177613004516E-035  -2.7745745133671750E-034   4.0545285099921760E-035   8.5023691116389214E-035   3.0040615357022310E-040   6.7142257875472472E-037  -1.4751376670359991E-034  -4.2870635702197406E-035   1.3144331644134332E-034  -1.4859654702446224E-039  -1.1506637338305358E-036   5.6699314733208861E-035   7.8907390825033400E-035  -1.8297867453649917E-034   2.3701964723726762E-035   6.0958433592353230E-035  -5.5430303164704940E-037   3.6011554551562021E-036  -1.0773250249544248E-047  -1.6821308528406659E-035  -9.7745939406890372E-037   1.5735285468399403E-017   4.6243907445934912E-017   8.9539279437458201E-017   5.3311431991033833E-017  -9.9786039008720145E-033  -8.5182240391091210E-034  -3.1863623696786871E-033  -2.4256594355038330E-032  -4.9124164806623183E-033   1.3909455931150430E-032   6.0958321989364527E-032  -8.9079335673423941E-033  -1.8679986840602986E-032  -6.6000227958184180E-038  -1.4751376670359991E-034   3.2409263637577635E-032   9.4188208045341496E-033  -2.8878532432194196E-032   3.2647154064109271E-037   2.5280463743322758E-034  -1.2457027437654816E-032  -1.7336215387546421E-032   4.0201021474988849E-032  -5.2074002354187011E-033  -1.3392769972432219E-032   1.2178221388552854E-034  -7.9118579339490234E-034   2.3669187993323600E-045   3.6956972559826869E-033   2.1475106971580645E-034   4.5730083778639562E-018   1.3439462321806665E-017   2.6022017575576211E-017   1.5493435160138916E-017  -2.8999943680535839E-033  -2.4755769428904145E-034  -9.2602462412989039E-034  -7.0494818430085466E-033  -1.4276526324698987E-033   4.0423835101321891E-033   1.7715783912387349E-032  -2.5888348142600305E-033  -5.4288011801259822E-033  -1.9181068942145370E-038  -4.2870635702197406E-035   9.4188208045341496E-033   2.7373095032330113E-033  -8.3927152779054958E-033   9.4879568183502049E-038   7.3470400474571498E-035  -3.6202769215772769E-033  -5.0382726368019339E-033   1.1683271229683831E-032  -1.5133811808679420E-033  -3.8922235894438611E-033   3.5392499582658751E-035  -2.2993540656811886E-034   6.8787690701944352E-046   1.0740481669429018E-033   6.2411224946497554E-035  -1.4021051413279511E-017  -4.1206001959896244E-017  -7.9784687924591285E-017  -4.7503575982970305E-017   8.8915144633286236E-033   7.5902313588169917E-034   2.8392335618140189E-033   2.1614031550051910E-032   4.3772478216001615E-033  -1.2394131465429578E-032  -5.4317398206507872E-032   7.9374851371216213E-033   1.6644951018999280E-032   5.8810028667627305E-038   1.3144331644134332E-034  -2.8878532432194196E-032  -8.3927152779054958E-033   2.5732446277191175E-032  -2.9090506591025035E-037  -2.2526358521332416E-034   1.1099933490927524E-032   1.5447572765592865E-032  -3.5821440297295610E-032   4.6400954451674377E-033   1.1933734327655592E-032  -1.0851501140803176E-034   7.0499240124524264E-034  -2.1090618434056659E-045  -3.2930804679783264E-033  -1.9135565068641733E-034   1.5850785586314284E-022   4.6583346903425326E-022   9.0196515517083752E-022   5.3702748481194838E-022  -1.0051848833700923E-037  -8.5807494939487123E-039  -3.2097509017874000E-038  -2.4434642571185841E-037  -4.9484745924711542E-038   1.4011554097936541E-037   6.1405768169594586E-037  -8.9733195674548300E-038  -1.8817101650948877E-037  -6.6484682728762592E-043  -1.4859654702446224E-039   3.2647154064109271E-037   9.4879568183502049E-038  -2.9090506591025035E-037   3.2886790653579641E-042   2.5466027363961262E-039  -1.2548464491072595E-037  -1.7463466648763169E-037   4.0496104950276582E-037  -5.2456235865252772E-038  -1.3491075561747982E-037   1.2267611950242768E-039  -7.9699325412468765E-039   2.3842924530208710E-050   3.7228244072314477E-038   2.1632738518363412E-039   1.2274123788282313E-019   3.6072014428030073E-019   6.9844058561001448E-019   4.1584953568376780E-019  -7.7836922475610111E-035  -6.6445401656245098E-036  -2.4854843744845658E-035  -1.8921070252828113E-034  -3.8318725201609399E-035   1.0849906998475594E-034   4.7549819895294215E-034  -6.9485284854179127E-035  -1.4571103352748268E-034  -5.1482699163004565E-040  -1.1506637338305358E-036   2.5280463743322758E-034   7.3470400474571498E-035  -2.2526358521332416E-034   2.5466027363961262E-039   1.9719727489779676E-036  -9.7169572875475373E-035  -1.3522910284303481E-034   3.1358332518996919E-034  -4.0619711179069680E-035  -1.0446872212121650E-034   9.4994779182363226E-037  -6.1715514390646786E-036   1.8462870850460070E-047   2.8827850435280946E-035   1.6751403834721629E-036  -6.0481128177163753E-018  -1.7774597729843322E-017  -3.4415877916059512E-017  -2.0491115703195727E-017   3.8354386564502310E-033   3.2741179115294547E-034   1.2247301854577086E-033   9.3234164405520008E-033   1.8881671477979946E-033  -5.3463255479920624E-033  -2.3430322208692668E-032   3.4239091051895472E-033   7.1799566695065709E-033   2.5368260746698788E-038   5.6699314733208861E-035  -1.2457027437654816E-032  -3.6202769215772769E-033   1.1099933490927524E-032  -1.2548464491072595E-037  -9.7169572875475373E-035   4.7880610407501190E-033   6.6634562624669608E-033  -1.5451916252581566E-032   2.0015489502281516E-033   5.1477288987013030E-033  -4.6808974025297076E-035   3.0410512397990568E-034  -9.0976372544908539E-046  -1.4205013305412738E-033  -8.2543065391147929E-035  -8.4170470861426380E-018  -2.4736579911520953E-017  -4.7895942695028272E-017  -2.8517107884657085E-017   5.3377092558175153E-033   4.5565295254085258E-034   1.7044344160746042E-033   1.2975226744112410E-032   2.6277274033264657E-033  -7.4403826832528520E-033  -3.2607547381783655E-032   4.7649911675976936E-033   9.9922133044004873E-033   3.5304540711118880E-038   7.8907390825033400E-035  -1.7336215387546421E-032  -5.0382726368019339E-033   1.5447572765592865E-032  -1.7463466648763169E-037  -1.3522910284303481E-034   6.6634562624669608E-033   9.2734092117701979E-033  -2.1504146927970029E-032   2.7855187671004454E-033   7.1639993883953273E-033  -6.5143186031658018E-035   4.2321749359208892E-034  -1.2661014014055372E-045  -1.9768855088269722E-033  -1.1487366207797876E-034   1.9518325257373387E-017   5.7361757339216651E-017   1.1106609936508040E-016   6.6128439272807432E-017  -1.2377636042438220E-032  -1.0566155138678959E-033  -3.9524200081493571E-033  -3.0088306895265024E-032  -6.0934479302460188E-033   1.7253534139086162E-032   7.5613776319568751E-032  -1.1049557701869208E-032  -2.3170984707621648E-032  -8.1867845291761641E-038  -1.8297867453649917E-034   4.0201021474988849E-032   1.1683271229683831E-032  -3.5821440297295610E-032   4.0496104950276582E-037   3.1358332518996919E-034  -1.5451916252581566E-032  -2.1504146927970029E-032   4.9866055141057455E-032  -6.4593509755094239E-033  -1.6612627774951054E-032   1.5106080318367091E-034  -9.8140079412652369E-034   2.9359677697579129E-045   4.5842079725795950E-033   2.6638100951519286E-034  -2.5282872875123416E-018  -7.4302994728158215E-018  -1.4386839208565584E-017  -8.5658830945709000E-018   1.6033250518626946E-033   1.3686766340218372E-034   5.1197288341828773E-034   3.8974595833897703E-033   7.8930885391099421E-034  -2.2349197717172386E-033  -9.7945570077713697E-033   1.4312937151058348E-033   3.0014309784745480E-033   1.0604671752203521E-038   2.3701964723726762E-035  -5.2074002354187011E-033  -1.5133811808679420E-033   4.6400954451674377E-033  -5.2456235865252772E-038  -4.0619711179069680E-035   2.0015489502281516E-033   2.7855187671004454E-033  -6.4593509755094239E-033   8.3670574916726342E-034   2.1519005888948589E-033  -1.9567514286934031E-035   1.2712479780032700E-034  -3.8030773086029686E-046  -5.9381092319933131E-034  -3.4505405105775897E-035  -6.5024327946927659E-018  -1.9109783609268780E-017  -3.7001117532728926E-017  -2.2030360008828818E-017   4.1235477666157318E-033   3.5200619306004637E-034   1.3167290297963180E-033   1.0023769504437511E-032   2.0300018127537085E-033  -5.7479289196681143E-033  -2.5190352778099594E-032   3.6811050856088262E-033   7.7192980884077749E-033   2.7273864690562214E-038   6.0958433592353230E-035  -1.3392769972432219E-032  -3.8922235894438611E-033   1.1933734327655592E-032  -1.3491075561747982E-037  -1.0446872212121650E-034   5.1477288987013030E-033   7.1639993883953273E-033  -1.6612627774951054E-032   2.1519005888948589E-033   5.5344141582566501E-033  -5.0325153806065629E-035   3.2694878399237212E-034  -9.7810303181738914E-046  -1.5272060417854199E-033  -8.8743505875362720E-035   5.9127474227479660E-020   1.7376776869912124E-019   3.3645601459964739E-019   2.0032495294796371E-019  -3.7495960664961102E-035  -3.2008384808004043E-036  -1.1973189763283769E-035  -9.1147450769436084E-035  -1.8459072727871717E-035   5.2266671535068061E-035   2.2905918164719444E-034  -3.3472771338079496E-035  -7.0192589940966755E-035  -2.4800482872982623E-040  -5.5430303164704940E-037   1.2178221388552854E-034   3.5392499582658751E-035  -1.0851501140803176E-034   1.2267611950242768E-039   9.4994779182363226E-037  -4.6808974025297076E-035  -6.5143186031658018E-035   1.5106080318367091E-034  -1.9567514286934031E-035  -5.0325153806065629E-035   4.5761322394454520E-037  -2.9729881737483147E-036   8.8940191512329111E-048   1.3887084838373209E-035   8.0695633806233342E-037  -3.8413505647119901E-019  -1.1289217493935975E-018  -2.1858628642087902E-018  -1.3014565245456187E-018   2.4360101891148623E-034   2.0794973684264217E-035   7.7786544849937867E-035   5.9216010164443652E-034   1.1992355562909387E-034  -3.3956229458477227E-034  -1.4881349630929815E-033   2.1746345630682932E-034   4.5602209215122613E-034   1.6112196594554698E-039   3.6011554551562021E-036  -7.9118579339490234E-034  -2.2993540656811886E-034   7.0499240124524264E-034  -7.9699325412468765E-039  -6.1715514390646786E-036   3.0410512397990568E-034   4.2321749359208892E-034  -9.8140079412652369E-034   1.2712479780032700E-034   3.2694878399237212E-034  -2.9729881737483147E-036   1.9314692449356384E-035  -5.7782014089939751E-047  -9.0220598601683417E-035  -5.2425750049594073E-036   1.1491820179719328E-030   3.3772928355415752E-030   6.5392477332765989E-030   3.8934494782102964E-030  -7.2875908037232143E-046  -6.2210437239663165E-047  -2.3270695312969451E-046  -1.7715116834728145E-045  -3.5876442761100665E-046   1.0158377277585589E-045   4.4519184362180179E-045  -6.5056570428523305E-046  -1.3642399444410516E-045  -4.8201397619326936E-051  -1.0773250249544248E-047   2.3669187993323600E-045   6.8787690701944352E-046  -2.1090618434056659E-045   2.3842924530208710E-050   1.8462870850460070E-047  -9.0976372544908539E-046  -1.2661014014055372E-045   2.9359677697579129E-045  -3.8030773086029686E-046  -9.7810303181738914E-046   8.8940191512329111E-048  -5.7782014089939751E-047   1.7286121231514883E-058   2.6990478431247217E-046   1.5683736285131723E-047   1.7943280655177035E-018   5.2732911109927595E-018   1.0210354453595185E-017   6.0792159650714438E-018  -1.1378814238849891E-033  -9.7135120252100588E-035  -3.6334767731452775E-034  -2.7660310397629461E-033  -5.6017329831517280E-034   1.5861248404719058E-033   6.9512070938937862E-033  -1.0157906088039701E-033  -2.1301186253600758E-033  -7.5261463539232758E-039  -1.6821308528406659E-035   3.6956972559826869E-033   1.0740481669429018E-033  -3.2930804679783264E-033   3.7228244072314477E-038   2.8827850435280946E-035  -1.4205013305412738E-033  -1.9768855088269722E-033   4.5842079725795950E-033  -5.9381092319933131E-034  -1.5272060417854199E-033   1.3887084838373209E-035  -9.0220598601683417E-035   2.6990478431247217E-046   4.2142821758041079E-034   2.4488521181574513E-035   1.0426554038408648E-019   3.0642253100556823E-019   5.9330740296368756E-019   3.5325353812980645E-019  -6.6120473638220306E-035  -5.6443668234305756E-036  -2.1113553675353874E-035  -1.6072964951190786E-034  -3.2550776404824230E-035   9.2167183240658349E-035   4.0392355104662441E-034  -5.9025971214170463E-035  -1.2377779394053871E-034  -4.3733235392220426E-040  -9.7745939406890372E-037   2.1475106971580645E-034   6.2411224946497554E-035  -1.9135565068641733E-034   2.1632738518363412E-039   1.6751403834721629E-036  -8.2543065391147929E-035  -1.1487366207797876E-034   2.6638100951519286E-034  -3.4505405105775897E-035  -8.8743505875362720E-035   8.0695633806233342E-037  -5.2425750049594073E-036   1.5683736285131723E-047   2.4488521181574513E-035   1.4229888855176147E-036
