   7.6397665661536449E-003   2.2452256026956604E-002   4.3472944598148398E-002   2.5883667413394703E-002   7.6689959457069951E-019  -8.4565213787869424E-019  -1.7354480699978096E-020  -2.7217551350421976E-018   9.1608210539571973E-018  -2.3139845982368578E-018   8.2161448084338160E-018  -4.2445626195153780E-018   9.7538638900914652E-018   0.0000000000000000       -1.1167164767210080E-050   1.1187729202119067E-017   3.3364799188562297E-018  -2.2647581866925750E-018   0.0000000000000000        1.7071847559386568E-049  -4.6209115932587799E-018   1.8226956657121483E-018   2.5986166721637852E-018   1.2580454425281948E-020  -4.6759043557259575E-020   3.4603372819468041E-022  -3.9327038036588281E-022   1.8226740375601040E-034   6.0424964090409724E-021  -2.9731545936884592E-021   2.2452256026956604E-002   6.5984188958512602E-002  0.12776119190442004        7.6068649827179008E-002   2.2538157278985475E-018  -2.4852589598107102E-018  -5.1002506492414857E-020  -7.9988756993419216E-018   2.6922432503606541E-017  -6.8004924224020299E-018   2.4146154885250774E-017  -1.2474203999637265E-017   2.8665306382872563E-017   0.0000000000000000       -3.2818809354647960E-050   3.2879245488871189E-017   9.8054699339687784E-018  -6.6558225577261758E-018   0.0000000000000000        5.0171885349829519E-049  -1.3580243489299767E-017   5.3566597083079294E-018   7.6369881637252459E-018   3.6972279355139774E-020  -1.3741859891038114E-019   1.0169470221523817E-021  -1.1557692491432898E-021   5.3565961460507745E-034   1.7758091853067930E-020  -8.7377052122187725E-021   4.3472944598148398E-002  0.12776119190442004       0.24737626413959624       0.14728712320145215        4.3639269993951797E-018  -4.8120565230588068E-018  -9.8753066794241437E-020  -1.5487738947367696E-017   5.2128276787485218E-017  -1.3167381930985625E-017   4.6752738447509340E-017  -2.4153046301055357E-017   5.5502898006124601E-017   0.0000000000000000       -6.3545074452155094E-050   6.3662093281428123E-017   1.8985738033917108E-017  -1.2887266427023614E-017   0.0000000000000000        9.7144785342688895E-049  -2.6294603630516287E-017   1.0371776023345562E-017   1.4787038012560271E-017   7.1587187057884522E-020  -2.6607531688636052E-019   1.9690529762445032E-021  -2.2378460532395980E-021   1.0371652951593640E-033   3.4383918585748309E-020  -1.6918289821284757E-020   2.5883667413394703E-002   7.6068649827179008E-002  0.14728712320145215        8.7694333716342124E-002   2.5982697080401884E-018  -2.8650847502659305E-018  -5.8797294744643700E-020  -9.2213556639597751E-018   3.1037027550650867E-017  -7.8398217042167196E-018   2.7836447331251286E-017  -1.4380654985663594E-017   3.3046267414130619E-017   0.0000000000000000       -3.7834556367940195E-050   3.7904229045648279E-017   1.1304054358643082E-017  -7.6730417308583718E-018   0.0000000000000000        5.7839728548382618E-049  -1.5655732120991697E-017   6.1753259080115833E-018   8.8041603228007893E-018   4.2622807311416322E-020  -1.5842048595653421E-019   1.1723685346733668E-021  -1.3324071672591238E-021   6.1752526314409678E-034   2.0472087208940893E-020  -1.0073101580430024E-020   7.6689959457069951E-019   2.2538157278985475E-018   4.3639269993951797E-018   2.5982697080401884E-018   7.6983371554611343E-035  -8.4888756229829182E-035  -1.7420878108712843E-036  -2.7321684393237554E-034   9.1958699148468366E-034  -2.3228377920506740E-034   8.2475793834292020E-034  -4.2608021120141966E-034   9.7911817043579743E-034   0.0000000000000000       -1.1209889802679315E-066   1.1230532916127501E-033   3.3492451306039860E-034  -2.2734230426226852E-034   0.0000000000000000        1.7137163627314737E-065  -4.6385909788358497E-034   1.8296692116918612E-034   2.6085588546070088E-034   1.2628586639030376E-036  -4.6937941409681114E-036   3.4735763660105405E-038  -3.9477501393227096E-038   1.8296475007915473E-050   6.0656147097717940E-037  -2.9845297402112228E-037  -8.4565213787869424E-019  -2.4852589598107102E-018  -4.8120565230588068E-018  -2.8650847502659305E-018  -8.4888756229829182E-035   9.3605940980844356E-035   1.9209819539158764E-036   3.0127334766061484E-034  -1.0140189287096679E-033   2.5613688658848163E-034  -9.0945192660134732E-034   4.6983417915612032E-034  -1.0796633352354394E-033   0.0000000000000000        1.2361027889611717E-066  -1.2383790834257299E-033  -3.6931774707229441E-034   2.5068797400691865E-034   0.0000000000000000       -1.8896970556788708E-065   5.1149256118634422E-034  -2.0175570458401218E-034  -2.8764304842482902E-034  -1.3925410008412557E-036   5.1757975596455291E-036  -3.8302762197260759E-038   4.3531426653028400E-038  -2.0175331054581007E-050  -6.6884897099708919E-037   3.2910096357333408E-037  -1.7354480699978096E-020  -5.1002506492414857E-020  -9.8753066794241437E-020  -5.8797294744643700E-020  -1.7420878108712843E-036   1.9209819539158764E-036   3.9422408755290644E-038   6.1827343220693561E-036  -2.0809705479901159E-035   5.2564434662257309E-036  -1.8663780531972119E-035   9.6419412062369366E-036  -2.2156860574868161E-035   0.0000000000000000        2.5367312436562364E-068  -2.5414026571823392E-035  -7.5791420924012592E-036   5.1446208337307507E-036   0.0000000000000000       -3.8780379795230505E-067   1.0496854893027072E-035  -4.1404323651292887E-036  -5.9030131998408428E-036  -2.8577738813089118E-038   1.0621776358442422E-037  -7.8604962671254406E-040   8.9335232520970953E-040  -4.1403832346559981E-052  -1.3726124535658954E-038   6.7538129035001581E-039  -2.7217551350421976E-018  -7.9988756993419216E-018  -1.5487738947367696E-017  -9.2213556639597751E-018  -2.7321684393237554E-034   3.0127334766061484E-034   6.1827343220693561E-036   9.6965672327580226E-034  -3.2636483757597100E-033   8.2438375677106546E-034  -2.9270965452893001E-033   1.5121744893169559E-033  -3.4749267401667369E-033   0.0000000000000000        3.9784315117259931E-066  -3.9857578293337513E-033  -1.1886595321307212E-033   8.0684627872900953E-034   0.0000000000000000       -6.0820429992289279E-065   1.6462531608292557E-033  -6.4935639653566683E-034  -9.2578722271470593E-034  -4.4819322863701824E-036   1.6658449680316258E-035  -1.2327851492010186E-037   1.4010711818904978E-037  -6.4934869125653591E-050  -2.1527091812782168E-036   1.0592206859430264E-036   9.1608210539571973E-018   2.6922432503606541E-017   5.2128276787485218E-017   3.1037027550650867E-017   9.1958699148468366E-034  -1.0140189287096679E-033  -2.0809705479901159E-035  -3.2636483757597100E-033   1.0984712903980332E-032  -2.7746919545911390E-033   9.8519544663726213E-033  -5.0896422388037384E-033   1.1695828780638916E-032   0.0000000000000000       -1.3390513600989747E-065   1.3415172352882977E-032   4.0007630105054250E-033  -2.7156647129364684E-033   0.0000000000000000        2.0470800933216763E-064  -5.5409211584474202E-033   2.1855888769411613E-033   3.1159934162108056E-033   1.5085184968615454E-035  -5.6068628141069625E-035   4.1492800011310957E-037  -4.7156932730306672E-037   2.1855629426892588E-049   7.2455392246719154E-036  -3.5651007085997178E-036  -2.3139845982368578E-018  -6.8004924224020299E-018  -1.3167381930985625E-017  -7.8398217042167196E-018  -2.3228377920506740E-034   2.5613688658848163E-034   5.2564434662257309E-036   8.2438375677106546E-034  -2.7746919545911390E-033   7.0087543572332047E-034  -2.4885619709675844E-033   1.2856220727115011E-033  -2.9543168131554111E-033   0.0000000000000000        3.3823870210614658E-066  -3.3886157173493417E-033  -1.0105757915122936E-033   6.8596540448694879E-034   0.0000000000000000       -5.1708376131388637E-065   1.3996132164543824E-033  -5.5207049341226748E-034  -7.8708673937087742E-034  -3.8104538308661318E-036   1.4162697993828860E-035  -1.0480905543114026E-037   1.1911641477909285E-037  -5.5206394253007955E-050  -1.8301925201965823E-036   9.0052933926697354E-037   8.2161448084338160E-018   2.4146154885250774E-017   4.6752738447509340E-017   2.7836447331251286E-017   8.2475793834292020E-034  -9.0945192660134732E-034  -1.8663780531972119E-035  -2.9270965452893001E-033   9.8519544663726213E-033  -2.4885619709675844E-033   8.8360076094760018E-033  -4.5647914538259673E-033   1.0489739112944170E-032   0.0000000000000000       -1.2009665744699785E-065   1.2031781652777968E-032   3.5881989228835537E-033  -2.4356216982321294E-033   0.0000000000000000        1.8359824280082142E-064  -4.9695338814912704E-033   1.9602079987026805E-033   2.7946679646859066E-033   1.3529580310993467E-035  -5.0286755445164037E-035   3.7214006407542688E-037  -4.2294046106970507E-037   1.9601847388258775E-049   6.4983694293838874E-036  -3.1974627062333354E-036  -4.2445626195153780E-018  -1.2474203999637265E-017  -2.4153046301055357E-017  -1.4380654985663594E-017  -4.2608021120141966E-034   4.6983417915612032E-034   9.6419412062369366E-036   1.5121744893169559E-033  -5.0896422388037384E-033   1.2856220727115011E-033  -4.5647914538259673E-033   2.3582280525172945E-033  -5.4191297214683073E-033   0.0000000000000000        6.2043427278083917E-066  -6.2157680810505765E-033  -1.8537082019079118E-033   1.2582724692223805E-033   0.0000000000000000       -9.4849136251972428E-065   2.5673230257748961E-033  -1.0126678377464563E-033  -1.4437602371231959E-033  -6.9895495009807434E-036   2.5978763446349502E-035  -1.9225218664320460E-037   2.1849630370369222E-037  -1.0126558214047397E-049  -3.3571384890211324E-036   1.6518490115024634E-036   9.7538638900914652E-018   2.8665306382872563E-017   5.5502898006124601E-017   3.3046267414130619E-017   9.7911817043579743E-034  -1.0796633352354394E-033  -2.2156860574868161E-035  -3.4749267401667369E-033   1.1695828780638916E-032  -2.9543168131554111E-033   1.0489739112944170E-032  -5.4191297214683073E-033   1.2452980069825458E-032   0.0000000000000000       -1.4257373472659779E-065   1.4283628554846129E-032   4.2597598655336443E-033  -2.8914683329246467E-033   0.0000000000000000        2.1796016410286994E-064  -5.8996230236238589E-033   2.3270770490788321E-033   3.3177130614305012E-033   1.6061752551881725E-035  -5.9698335353456894E-035   4.4178913805361154E-037  -5.0209724719698658E-037   2.3270494359247645E-049   7.7145927195292771E-036  -3.7958941519907960E-036   0.0000000000000000        0.0000000000000000        0.0000000000000000        0.0000000000000000        0.0000000000000000        0.0000000000000000        0.0000000000000000        0.0000000000000000        0.0000000000000000        0.0000000000000000        0.0000000000000000        0.0000000000000000        0.0000000000000000        0.0000000000000000        0.0000000000000000        0.0000000000000000        0.0000000000000000        0.0000000000000000        0.0000000000000000        0.0000000000000000        0.0000000000000000        0.0000000000000000        0.0000000000000000        0.0000000000000000        0.0000000000000000        0.0000000000000000        0.0000000000000000        0.0000000000000000        0.0000000000000000        0.0000000000000000       -1.1167164767210080E-050  -3.2818809354647960E-050  -6.3545074452155094E-050  -3.7834556367940195E-050  -1.1209889802679315E-066   1.2361027889611717E-066   2.5367312436562364E-068   3.9784315117259931E-066  -1.3390513600989747E-065   3.3823870210614658E-066  -1.2009665744699785E-065   6.2043427278083917E-066  -1.4257373472659779E-065   0.0000000000000000        1.6323217189710950E-098  -1.6353276541784691E-065  -4.8769842211440560E-066   3.3104320151259557E-066   0.0000000000000000       -2.4954183210383837E-097   6.7544578345162815E-066  -2.6642624016370857E-066  -3.7984381189649712E-066  -1.8389044507708239E-068   6.8348416046429396E-068  -5.0580284414468459E-070   5.7484938807760828E-070  -2.6642307874332495E-082  -8.8324103126371255E-069   4.3459059826774869E-069   1.1187729202119067E-017   3.2879245488871189E-017   6.3662093281428123E-017   3.7904229045648279E-017   1.1230532916127501E-033  -1.2383790834257299E-033  -2.5414026571823392E-035  -3.9857578293337513E-033   1.3415172352882977E-032  -3.3886157173493417E-033   1.2031781652777968E-032  -6.2157680810505765E-033   1.4283628554846129E-032   0.0000000000000000       -1.6353276541784691E-065   1.6383391248427119E-032   4.8859652316922624E-033  -3.3165282056196767E-033   0.0000000000000000        2.5000136564438726E-064  -6.7668962297024319E-033   2.6691686649439372E-033   3.8054329771121913E-033   1.8422908099470368E-035  -6.8474280272687272E-035   5.0673428465640119E-037  -5.7590797842439917E-037   2.6691369925222582E-049   8.8486752761036827E-036  -4.3539090078467546E-036   3.3364799188562297E-018   9.8054699339687784E-018   1.8985738033917108E-017   1.1304054358643082E-017   3.3492451306039860E-034  -3.6931774707229441E-034  -7.5791420924012592E-036  -1.1886595321307212E-033   4.0007630105054250E-033  -1.0105757915122936E-033   3.5881989228835537E-033  -1.8537082019079118E-033   4.2597598655336443E-033   0.0000000000000000       -4.8769842211440560E-066   4.8859652316922624E-033   1.4571254438910816E-033  -9.8907736846851949E-034   0.0000000000000000        7.4557090280764069E-065  -2.0180693486136287E-033   7.9601744820020530E-034   1.1348818407477378E-033   5.4942036771120707E-036  -2.0420860834268423E-035   1.5112170972388409E-037  -1.7175115435920122E-037   7.9600800263739243E-050   2.6389115104437380E-036  -1.2984520549940056E-036  -2.2647581866925750E-018  -6.6558225577261758E-018  -1.2887266427023614E-017  -7.6730417308583718E-018  -2.2734230426226852E-034   2.5068797400691865E-034   5.1446208337307507E-036   8.0684627872900953E-034  -2.7156647129364684E-033   6.8596540448694879E-034  -2.4356216982321294E-033   1.2582724692223805E-033  -2.8914683329246467E-033   0.0000000000000000        3.3104320151259557E-066  -3.3165282056196767E-033  -9.8907736846851949E-034   6.7137256089924977E-034   0.0000000000000000       -5.0608361115873935E-065   1.3698386292559639E-033  -5.4032605512565372E-034  -7.7034269717507344E-034  -3.7293923715151806E-036   1.3861408693738954E-035  -1.0257940632277886E-037   1.1658239892606474E-037  -5.4031964360326222E-050  -1.7912580301947425E-036   8.8137198277625450E-037   0.0000000000000000        0.0000000000000000        0.0000000000000000        0.0000000000000000        0.0000000000000000        0.0000000000000000        0.0000000000000000        0.0000000000000000        0.0000000000000000        0.0000000000000000        0.0000000000000000        0.0000000000000000        0.0000000000000000        0.0000000000000000        0.0000000000000000        0.0000000000000000        0.0000000000000000        0.0000000000000000        0.0000000000000000        0.0000000000000000        0.0000000000000000        0.0000000000000000        0.0000000000000000        0.0000000000000000        0.0000000000000000        0.0000000000000000        0.0000000000000000        0.0000000000000000        0.0000000000000000        0.0000000000000000        1.7071847559386568E-049   5.0171885349829519E-049   9.7144785342688895E-049   5.7839728548382618E-049   1.7137163627314737E-065  -1.8896970556788708E-065  -3.8780379795230505E-067  -6.0820429992289279E-065   2.0470800933216763E-064  -5.1708376131388637E-065   1.8359824280082142E-064  -9.4849136251972428E-065   2.1796016410286994E-064   0.0000000000000000       -2.4954183210383837E-097   2.5000136564438726E-064   7.4557090280764069E-065  -5.0608361115873935E-065   0.0000000000000000        3.8148806847336297E-096  -1.0325904282862543E-064   4.0730017445884637E-065   5.8068773840554497E-065   2.8112324940361833E-067  -1.0448791291199748E-066   7.7324811000344161E-069  -8.7880328869897823E-069   4.0729534142485912E-081   1.3502582399611713E-067  -6.6438210584611853E-068  -4.6209115932587799E-018  -1.3580243489299767E-017  -2.6294603630516287E-017  -1.5655732120991697E-017  -4.6385909788358497E-034   5.1149256118634422E-034   1.0496854893027072E-035   1.6462531608292557E-033  -5.5409211584474202E-033   1.3996132164543824E-033  -4.9695338814912704E-033   2.5673230257748961E-033  -5.8996230236238589E-033   0.0000000000000000        6.7544578345162815E-066  -6.7668962297024319E-033  -2.0180693486136287E-033   1.3698386292559639E-033   0.0000000000000000       -1.0325904282862543E-064   2.7949576427259598E-033  -1.1024571837032236E-033  -1.5717728811291128E-033  -7.6092858595700637E-036   2.8282200063635764E-035  -2.0929844549928340E-037   2.3786952705715045E-037  -1.1024441019188973E-049  -3.6548029926023830E-036   1.7983120834335316E-036   1.8226956657121483E-018   5.3566597083079294E-018   1.0371776023345562E-017   6.1753259080115833E-018   1.8296692116918612E-034  -2.0175570458401218E-034  -4.1404323651292887E-036  -6.4935639653566683E-034   2.1855888769411613E-033  -5.5207049341226748E-034   1.9602079987026805E-033  -1.0126678377464563E-033   2.3270770490788321E-033   0.0000000000000000       -2.6642624016370857E-066   2.6691686649439372E-033   7.9601744820020530E-034  -5.4032605512565372E-034   0.0000000000000000        4.0730017445884637E-065  -1.1024571837032236E-033   4.3485876970694831E-034   6.1997801950968681E-034   3.0014450775549343E-036  -1.1155773581125481E-035   8.2556734045370450E-038  -9.3826455499510419E-038   4.3485360966198527E-050   1.4416189185195456E-036  -7.0933528459057002E-037   2.5986166721637852E-018   7.6369881637252459E-018   1.4787038012560271E-017   8.8041603228007893E-018   2.6085588546070088E-034  -2.8764304842482902E-034  -5.9030131998408428E-036  -9.2578722271470593E-034   3.1159934162108056E-033  -7.8708673937087742E-034   2.7946679646859066E-033  -1.4437602371231959E-033   3.3177130614305012E-033   0.0000000000000000       -3.7984381189649712E-066   3.8054329771121913E-033   1.1348818407477378E-033  -7.7034269717507344E-034   0.0000000000000000        5.8068773840554497E-065  -1.5717728811291128E-033   6.1997801950968681E-034   8.8390247926742458E-034   4.2791593604140064E-036  -1.5904783099086599E-035   1.1770111134042259E-037  -1.3376834988840464E-037   6.1997066283510742E-050   2.0553156662650686E-036  -1.0112991056962348E-036   1.2580454425281948E-020   3.6972279355139774E-020   7.1587187057884522E-020   4.2622807311416322E-020   1.2628586639030376E-036  -1.3925410008412557E-036  -2.8577738813089118E-038  -4.4819322863701824E-036   1.5085184968615454E-035  -3.8104538308661318E-036   1.3529580310993467E-035  -6.9895495009807434E-036   1.6061752551881725E-035   0.0000000000000000       -1.8389044507708239E-068   1.8422908099470368E-035   5.4942036771120707E-036  -3.7293923715151806E-036   0.0000000000000000        2.8112324940361833E-067  -7.6092858595700637E-036   3.0014450775549343E-036   4.2791593604140064E-036   2.0716317989055847E-038  -7.6998428073443199E-038   5.6981604208298382E-040  -6.4760095143812600E-040   3.0014094623330899E-052   9.9502190322998135E-039  -4.8959134472673755E-039  -4.6759043557259575E-020  -1.3741859891038114E-019  -2.6607531688636052E-019  -1.5842048595653421E-019  -4.6937941409681114E-036   5.1757975596455291E-036   1.0621776358442422E-037   1.6658449680316258E-035  -5.6068628141069625E-035   1.4162697993828860E-035  -5.0286755445164037E-035   2.5978763446349502E-035  -5.9698335353456894E-035   0.0000000000000000        6.8348416046429396E-068  -6.8474280272687272E-035  -2.0420860834268423E-035   1.3861408693738954E-035   0.0000000000000000       -1.0448791291199748E-066   2.8282200063635764E-035  -1.1155773581125481E-035  -1.5904783099086599E-035  -7.6998428073443199E-038   2.8618782203059876E-037  -2.1178927430347062E-039   2.4070037593526297E-039  -1.1155641206439065E-051  -3.6982982443033083E-038   1.8197135206283889E-038   3.4603372819468041E-022   1.0169470221523817E-021   1.9690529762445032E-021   1.1723685346733668E-021   3.4735763660105405E-038  -3.8302762197260759E-038  -7.8604962671254406E-040  -1.2327851492010186E-037   4.1492800011310957E-037  -1.0480905543114026E-037   3.7214006407542688E-037  -1.9225218664320460E-037   4.4178913805361154E-037   0.0000000000000000       -5.0580284414468459E-070   5.0673428465640119E-037   1.5112170972388409E-037  -1.0257940632277886E-037   0.0000000000000000        7.7324811000344161E-069  -2.0929844549928340E-037   8.2556734045370450E-038   1.1770111134042259E-037   5.6981604208298382E-040  -2.1178927430347062E-039   1.5673167499487423E-041  -1.7812692930886291E-041   8.2555754425113602E-054   2.7368736229281349E-040  -1.3466534083791102E-040  -3.9327038036588281E-022  -1.1557692491432898E-021  -2.2378460532395980E-021  -1.3324071672591238E-021  -3.9477501393227096E-038   4.3531426653028400E-038   8.9335232520970953E-040   1.4010711818904978E-037  -4.7156932730306672E-037   1.1911641477909285E-037  -4.2294046106970507E-037   2.1849630370369222E-037  -5.0209724719698658E-037   0.0000000000000000        5.7484938807760828E-070  -5.7590797842439917E-037  -1.7175115435920122E-037   1.1658239892606474E-037   0.0000000000000000       -8.7880328869897823E-069   2.3786952705715045E-037  -9.3826455499510419E-038  -1.3376834988840464E-037  -6.4760095143812600E-040   2.4070037593526297E-039  -1.7812692930886291E-041   2.0244282431130985E-041  -9.3825342152458867E-054  -3.1104809820641230E-040   1.5304834615321373E-040   1.8226740375601040E-034   5.3565961460507745E-034   1.0371652951593640E-033   6.1752526314409678E-034   1.8296475007915473E-050  -2.0175331054581007E-050  -4.1403832346559981E-052  -6.4934869125653591E-050   2.1855629426892588E-049  -5.5206394253007955E-050   1.9601847388258775E-049  -1.0126558214047397E-049   2.3270494359247645E-049   0.0000000000000000       -2.6642307874332495E-082   2.6691369925222582E-049   7.9600800263739243E-050  -5.4031964360326222E-050   0.0000000000000000        4.0729534142485912E-081  -1.1024441019188973E-049   4.3485360966198527E-050   6.1997066283510742E-050   3.0014094623330899E-052  -1.1155641206439065E-051   8.2555754425113602E-054  -9.3825342152458867E-054   4.3484844967825154E-066   1.4416018122336495E-052  -7.0932686760046363E-053   6.0424964090409724E-021   1.7758091853067930E-020   3.4383918585748309E-020   2.0472087208940893E-020   6.0656147097717940E-037  -6.6884897099708919E-037  -1.3726124535658954E-038  -2.1527091812782168E-036   7.2455392246719154E-036  -1.8301925201965823E-036   6.4983694293838874E-036  -3.3571384890211324E-036   7.7145927195292771E-036   0.0000000000000000       -8.8324103126371255E-069   8.8486752761036827E-036   2.6389115104437380E-036  -1.7912580301947425E-036   0.0000000000000000        1.3502582399611713E-067  -3.6548029926023830E-036   1.4416189185195456E-036   2.0553156662650686E-036   9.9502190322998135E-039  -3.6982982443033083E-038   2.7368736229281349E-040  -3.1104809820641230E-040   1.4416018122336495E-052   4.7791725751190648E-039  -2.3515477600425003E-039  -2.9731545936884592E-021  -8.7377052122187725E-021  -1.6918289821284757E-020  -1.0073101580430024E-020  -2.9845297402112228E-037   3.2910096357333408E-037   6.7538129035001581E-039   1.0592206859430264E-036  -3.5651007085997178E-036   9.0052933926697354E-037  -3.1974627062333354E-036   1.6518490115024634E-036  -3.7958941519907960E-036   0.0000000000000000        4.3459059826774869E-069  -4.3539090078467546E-036  -1.2984520549940056E-036   8.8137198277625450E-037   0.0000000000000000       -6.6438210584611853E-068   1.7983120834335316E-036  -7.0933528459057002E-037  -1.0112991056962348E-036  -4.8959134472673755E-039   1.8197135206283889E-038  -1.3466534083791102E-040   1.5304834615321373E-040  -7.0932686760046363E-053  -2.3515477600425003E-039   1.1570573736026127E-039
