   7.6397714156817139E-003   2.2452272426130029E-002   4.3472984890967029E-002   2.5883633871219024E-002   2.6235078612912021E-020  -4.0068921404623865E-020  -9.1012238931361080E-025  -3.5186582775618320E-018   6.7746564550631520E-018   2.3849071232309650E-022  -3.9158886685038721E-018   1.1089176534507711E-017   3.7828432430793654E-022   3.0961794034110611E-028   1.9790444918265335E-021   4.5799289440308102E-020  -3.1272713620301450E-022  -5.0322808973449825E-018  -5.2958948745741593E-028  -5.6500041189523458E-021   8.9335392772921086E-019   8.7382670644434219E-022  -8.8080591063870961E-019  -5.5834475143654584E-034  -2.1633699720631560E-024  -1.5480575920078678E-034  -2.4375030594164447E-038  -1.6228124985619686E-034   2.9502696565837109E-035   2.2079232795524012E-034   2.2452272426130029E-002   6.5984243463412112E-002  0.12776132253715208        7.6068558525446292E-002   7.7101407894083851E-020  -1.1775723254640479E-019  -2.6747286946367575E-024  -1.0340868845907243E-017   1.9909814580354880E-017   7.0089249439960645E-022  -1.1508276150144366E-017   3.2589615446236339E-017   1.1117273334202804E-021   9.0992596064937113E-028   5.8161486327606895E-021   1.3459802230813478E-019  -9.1906347389675331E-022  -1.4789204478039693E-017  -1.5563930907672924E-027  -1.6604610895436753E-020   2.6254484155321698E-018   2.5680605084655718E-021  -2.5885714616555952E-018  -1.6409009883752601E-033  -6.3578567117295162E-024  -4.5495354371146484E-034  -7.1634974074234099E-038  -4.7692301682550820E-034   8.6704502603566175E-035   6.4887929587460647E-034   4.3472984890967029E-002  0.12776132253715208       0.24737656567197272       0.14728697535336133        1.4928681947360143E-019  -2.2800624783681743E-019  -5.1789163218086770E-024  -2.0022402479599849E-017   3.8550176659463896E-017   1.3570959874763201E-021  -2.2282783038658144E-017   6.3101312553459787E-017   2.1525707799807459E-021   1.7618349175726181E-027   1.1261458833065009E-020   2.6061405630130045E-019  -1.7795273349727450E-021  -2.8635447255441116E-017  -3.0135503451573933E-027  -3.2150509528719893E-020   5.0834978809366036E-018   4.9723811276084658E-021  -5.0120952528072803E-018  -3.1771779052614195E-033  -1.2310335609783583E-023  -8.8089918723961760E-034  -1.3870249240204717E-037  -9.2343735685659525E-034   1.6788071426021517E-034   1.2563859590795222E-033   2.5883633871219024E-002   7.6068558525446292E-002  0.14728697535336133        8.7694050767556167E-002   8.8884749615073310E-020  -1.3575396891104363E-019  -3.0835051759059070E-024  -1.1921254919669313E-017   2.2952614384012702E-017   8.0800929027618316E-022  -1.3267076076119123E-017   3.7570258288532680E-017   1.2816316636790895E-021   1.0489891610238727E-027   6.7050256158377209E-021   1.5516852205834513E-019  -1.0595231525459690E-021  -1.7049425852800103E-017  -1.7942553055000173E-027  -1.9142279268416092E-020   3.0266934342164492E-018   2.9605349827708553E-021  -2.9841806072601795E-018  -1.8916784722688932E-033  -7.3295224736610032E-024  -5.2448370170924974E-034  -8.2582885425612825E-038  -5.4981075046560153E-034   9.9955477012875711E-035   7.4804695944657362E-034   2.6235078612912021E-020   7.7101407894083851E-020   1.4928681947360143E-019   8.8884749615073310E-020   9.0091615622541112E-038  -1.3759721931302028E-037  -3.1253726233225644E-042  -1.2083120227173845E-035   2.3264262109888545E-035   8.1898033930737870E-040  -1.3447214774873380E-035   3.8080382554130274E-035   1.2990334980284815E-039   1.0632322045844878E-045   6.7960656146001524E-039   1.5727538083346930E-037  -1.0739092253252752E-039  -1.7280920823508751E-035  -1.8186174795096688E-045  -1.9402190740907758E-038   3.0677894989137201E-036   3.0007327562932940E-039  -3.0246994381129827E-036  -1.9173634458456514E-051  -7.4290418126110522E-042  -5.3160507577853589E-052  -8.3704185509714961E-056  -5.5727601203354057E-052   1.0131265997158891E-052   7.5820384745329423E-052  -4.0068921404623865E-020  -1.1775723254640479E-019  -2.2800624783681743E-019  -1.3575396891104363E-019  -1.3759721931302028E-037   2.1015268326410530E-037   4.7733918335750971E-042   1.8454589057986034E-035  -3.5531583639277091E-035  -1.2508313518637135E-039   2.0537975123898105E-035  -5.8160292870953657E-035  -1.9840181118748067E-039  -1.6238780248744238E-045  -1.0379653249373455E-038  -2.4020720373969102E-037   1.6401850735862041E-039   2.6393206915564966E-035   2.7775804268291346E-045   2.9633029401037569E-038  -4.6854449392579949E-036  -4.5830289568494061E-039   4.6196333484097225E-036   2.9283954643031521E-051   1.1346399867644067E-041   8.1192217160674757E-052   1.2784167640252964E-055   8.5112947654230988E-052  -1.5473515706169964E-052  -1.1580072169990471E-051  -9.1012238931361080E-025  -2.6747286946367575E-024  -5.1789163218086770E-024  -3.0835051759059070E-024  -3.1253726233225644E-042   4.7733918335750971E-042   1.0842245382233111E-046   4.1917611202074572E-040  -8.0706164938454083E-040  -2.8411286819794629E-044   4.6649798238064430E-040  -1.3210484049811073E-039  -4.5064834318515099E-044  -3.6884640168577837E-050  -2.3576264307619767E-043  -5.4560478928359888E-042   3.7255037214865842E-044   5.9949326554296837E-040   6.3089747514010505E-050   6.7308234351325835E-043  -1.0642483485025276E-040  -1.0409856612761004E-043   1.0492999545334183E-040   6.6515348639236587E-056   2.5772125117538571E-046   1.8441937562965088E-056   2.9037859743312437E-060   1.9332489262277452E-056  -3.5146424190884183E-057  -2.6302886582216728E-056  -3.5186582775618320E-018  -1.0340868845907243E-017  -2.0022402479599849E-017  -1.1921254919669313E-017  -1.2083120227173845E-035   1.8454589057986034E-035   4.1917611202074572E-040   1.6205924759529758E-033  -3.1202112885622987E-033  -1.0984194073068356E-037   1.8035453324112617E-033  -5.1073547468184604E-033  -1.7422684483279566E-037  -1.4260108966436471E-043  -9.1149078996458513E-037  -2.1093831232280443E-035   1.4403309556621782E-037   2.3177233808479313E-033   2.4391363724924821E-043   2.6022288730527606E-036  -4.1145304244894988E-034  -4.0245936775984232E-037   4.0567378783514680E-034   2.5715748213915613E-049   9.9638578766947106E-040   7.1299065952156715E-050   1.1226435779207987E-053   7.4742061251663016E-050  -1.3588090773068580E-050  -1.0169057555664164E-049   6.7746564550631520E-018   1.9909814580354880E-017   3.8550176659463896E-017   2.2952614384012702E-017   2.3264262109888545E-035  -3.5531583639277091E-035  -8.0706164938454083E-040  -3.1202112885622987E-033   6.0075056682875155E-033   2.1148442221659103E-037  -3.4724599732047333E-033   9.8334566969676658E-033   3.3544803896377905E-037   2.7455732167976954E-043   1.7549407975596392E-036   4.0613054365371019E-035  -2.7731443739303508E-037  -4.4624338098533376E-033  -4.6961965804009900E-043  -5.0102070851263004E-036   7.9219202039524236E-034   7.7487602904824511E-037  -7.8106491981132765E-034  -4.9511872393274964E-049  -1.9183935681431190E-039  -1.3727581347497414E-049  -2.1614842823459380E-053  -1.4390479204879435E-049   2.6161860461067594E-050   1.9579017334734158E-049   2.3849071232309650E-022   7.0089249439960645E-022   1.3570959874763201E-021   8.0800929027618316E-022   8.1898033930737870E-040  -1.2508313518637135E-039  -2.8411286819794629E-044  -1.0984194073068356E-037   2.1148442221659103E-037   7.4449635688874403E-042  -1.2224228018294657E-037   3.4617077748723734E-037   1.1808900169405232E-041   9.6653419483718159E-048   6.1779823622209046E-041   1.4297162268612319E-039  -9.7624017025859918E-042  -1.5709269172036139E-037  -1.6532192814472119E-047  -1.7637615494509350E-040   2.7887825824663635E-038   2.7278244639504119E-041  -2.7496114427642869E-038  -1.7429845769813773E-053  -6.7533911367647992E-044  -4.8325707373561469E-054  -7.6091522808746536E-058  -5.0659330978730960E-054   9.2098555527407964E-055   6.8924731781155338E-054  -3.9158886685038721E-018  -1.1508276150144366E-017  -2.2282783038658144E-017  -1.3267076076119123E-017  -1.3447214774873380E-035   2.0537975123898105E-035   4.6649798238064430E-040   1.8035453324112617E-033  -3.4724599732047333E-033  -1.2224228018294657E-037   2.0071522078057782E-033  -5.6839371719137962E-033  -1.9389576185348618E-037  -1.5869969377075368E-043  -1.0143913316700984E-036  -2.3475168141379293E-035   1.6029336250524155E-037   2.5793771397652896E-033   2.7144967565868169E-043   2.8960011893800164E-036  -4.5790303560359666E-034  -4.4789404182665895E-037   4.5147134605906043E-034   2.8618865229148772E-049   1.1088703442088155E-039   7.9348201050778070E-050   1.2493817014236749E-053   8.3179884952856539E-050  -1.5122085319899678E-050  -1.1317068641056526E-049   1.1089176534507711E-017   3.2589615446236339E-017   6.3101312553459787E-017   3.7570258288532680E-017   3.8080382554130274E-035  -5.8160292870953657E-035  -1.3210484049811073E-039  -5.1073547468184604E-033   9.8334566969676658E-033   3.4617077748723734E-037  -5.6839371719137962E-033   1.6096009883366853E-032   5.4908208953439714E-037   4.4941239886387772E-043   2.8725955981434615E-036   6.6477958321645992E-035  -4.5392541632435969E-037  -7.3043875537092736E-033  -7.6870249091225037E-043  -8.2010167172217054E-036   1.2967088769240457E-033   1.2683649917114824E-036  -1.2784953507458974E-033  -8.1044093846663818E-049  -3.1401451986401704E-039  -2.2470153868901243E-049  -3.5380511089361771E-053  -2.3555226066084358E-049   4.2823350681806857E-050   3.2048146062785082E-049   3.7828432430793654E-022   1.1117273334202804E-021   2.1525707799807459E-021   1.2816316636790895E-021   1.2990334980284815E-039  -1.9840181118748067E-039  -4.5064834318515099E-044  -1.7422684483279566E-037   3.3544803896377905E-037   1.1808900169405232E-041  -1.9389576185348618E-037   5.4908208953439714E-037   1.8730799945582281E-041   1.5330774572016320E-047   9.7992658108755858E-041   2.2677580672306805E-039  -1.5484726829455435E-041  -2.4917407542749339E-037  -2.6222695748749526E-047  -2.7976072505099023E-040   4.4234541654638021E-038   4.3267648627682330E-041  -4.3613224875874013E-038  -2.7646516569136059E-053  -1.0711955941903866E-043  -7.6652282944019554E-054  -1.2069329665246269E-057  -8.0353782344443374E-054   1.4608300469254160E-054   1.0932562251991337E-053   3.0961794034110611E-028   9.0992596064937113E-028   1.7618349175726181E-027   1.0489891610238727E-027   1.0632322045844878E-045  -1.6238780248744238E-045  -3.6884640168577837E-050  -1.4260108966436471E-043   2.7455732167976954E-043   9.6653419483718159E-048  -1.5869969377075368E-043   4.4941239886387772E-043   1.5330774572016320E-047   1.2547923722468423E-053   8.0204975523873774E-047   1.8561133434551887E-045  -1.2673930479281220E-047  -2.0394385667817989E-043  -2.1462737222254410E-053  -2.2897840040580499E-046   3.6205062697477853E-044   3.5413680638271764E-047  -3.5696527690926311E-044  -2.2628105284040662E-059  -8.7675156559147042E-050  -6.2738317298740657E-060  -9.8784981352000483E-064  -6.5767918439707142E-060   1.1956593526441278E-060   8.9480773841345929E-060   1.9790444918265335E-021   5.8161486327606895E-021   1.1261458833065009E-020   6.7050256158377209E-021   6.7960656146001524E-039  -1.0379653249373455E-038  -2.3576264307619767E-043  -9.1149078996458513E-037   1.7549407975596392E-036   6.1779823622209046E-041  -1.0143913316700984E-036   2.8725955981434615E-036   9.7992658108755858E-041   8.0204975523873774E-047   5.1266155589282821E-040   1.1864076366259050E-038  -8.1010397127442853E-041  -1.3035871427739307E-036  -1.3718750222428134E-046  -1.4636052470703545E-039   2.3141885715259090E-037   2.2636042835651827E-040  -2.2816835622067452E-037  -1.4463640922588395E-052  -5.6041014763953793E-043  -4.0101655976313521E-053  -6.3142294986033804E-057  -4.2038144360628600E-053   7.6425256667760522E-054   5.7195145862670389E-053   4.5799289440308102E-020   1.3459802230813478E-019   2.6061405630130045E-019   1.5516852205834513E-019   1.5727538083346930E-037  -2.4020720373969102E-037  -5.4560478928359888E-042  -2.1093831232280443E-035   4.0613054365371019E-035   1.4297162268612319E-039  -2.3475168141379293E-035   6.6477958321645992E-035   2.2677580672306805E-039   1.8561133434551887E-045   1.1864076366259050E-038   2.7455990488557649E-037  -1.8747525086157922E-039  -3.0167772937466935E-035  -3.1748099387921673E-045  -3.3870931458980200E-038   5.3555234682444061E-036   5.2384606909792522E-039  -5.2802999785140504E-036  -3.3471934547713715E-051  -1.2969080110644978E-041  -9.2803742244306631E-052  -1.4612467056370527E-055  -9.7285187324360688E-052   1.7686426278603347E-052   1.3236170539690346E-051  -3.1272713620301450E-022  -9.1906347389675331E-022  -1.7795273349727450E-021  -1.0595231525459690E-021  -1.0739092253252752E-039   1.6401850735862041E-039   3.7255037214865842E-044   1.4403309556621782E-037  -2.7731443739303508E-037  -9.7624017025859918E-042   1.6029336250524155E-037  -4.5392541632435969E-037  -1.5484726829455435E-041  -1.2673930479281220E-047  -8.1010397127442853E-041  -1.8747525086157922E-039   1.2801202601035154E-041   2.0599186912392782E-037   2.1678266896287968E-047   2.3127781075077333E-040  -3.6568635399353962E-038  -3.5769306249546592E-041   3.6054993663727663E-038   2.2855337631218141E-053   8.8555594022381713E-044   6.3368338014960889E-054   9.9776984124514106E-058   6.6428362532945997E-054  -1.2076662121542632E-054  -9.0379343386254608E-054  -5.0322808973449825E-018  -1.4789204478039693E-017  -2.8635447255441116E-017  -1.7049425852800103E-017  -1.7280920823508751E-035   2.6393206915564966E-035   5.9949326554296837E-040   2.3177233808479313E-033  -4.4624338098533376E-033  -1.5709269172036139E-037   2.5793771397652896E-033  -7.3043875537092736E-033  -2.4917407542749339E-037  -2.0394385667817989E-043  -1.3035871427739307E-036  -3.0167772937466935E-035   2.0599186912392782E-037   3.3147393622016532E-033   3.4883806283736395E-043   3.7216306942590997E-036  -5.8844796008581419E-034  -5.7558547280663114E-037   5.8018264123419606E-034   3.6777901770981750E-049   1.4250014551425850E-039   1.0196981328866009E-049   1.6055716088498686E-053   1.0689388323482145E-049  -1.9433285143018846E-050  -1.4543485057272991E-049  -5.2958948745741593E-028  -1.5563930907672924E-027  -3.0135503451573933E-027  -1.7942553055000173E-027  -1.8186174795096688E-045   2.7775804268291346E-045   6.3089747514010505E-050   2.4391363724924821E-043  -4.6961965804009900E-043  -1.6532192814472119E-047   2.7144967565868169E-043  -7.6870249091225037E-043  -2.6222695748749526E-047  -2.1462737222254410E-053  -1.3718750222428134E-046  -3.1748099387921673E-045   2.1678266896287968E-047   3.4883806283736395E-043   3.6711180212763214E-053   3.9165867964928668E-046  -6.1927356587273684E-044  -6.0573728245659445E-047   6.1057527167256610E-044   3.8704497117657971E-059   1.4996495737215167E-049   1.0731146026479021E-059   1.6896788210999774E-063   1.1249347560174786E-059  -2.0451289839434478E-060  -1.5305339575518102E-059  -5.6500041189523458E-021  -1.6604610895436753E-020  -3.2150509528719893E-020  -1.9142279268416092E-020  -1.9402190740907758E-038   2.9633029401037569E-038   6.7308234351325835E-043   2.6022288730527606E-036  -5.0102070851263004E-036  -1.7637615494509350E-040   2.8960011893800164E-036  -8.2010167172217054E-036  -2.7976072505099023E-040  -2.2897840040580499E-046  -1.4636052470703545E-039  -3.3870931458980200E-038   2.3127781075077333E-040   3.7216306942590997E-036   3.9165867964928668E-046   4.1784688058405674E-039  -6.6068120323491402E-037  -6.4623981818709234E-040   6.5140129885184681E-037   4.1292467716200794E-052   1.5999234254424303E-042   1.1448682552551778E-052   1.8026589509462384E-056   1.2001533556805127E-052  -2.1818762374882746E-053  -1.6328728891280165E-052   8.9335392772921086E-019   2.6254484155321698E-018   5.0834978809366036E-018   3.0266934342164492E-018   3.0677894989137201E-036  -4.6854449392579949E-036  -1.0642483485025276E-040  -4.1145304244894988E-034   7.9219202039524236E-034   2.7887825824663635E-038  -4.5790303560359666E-034   1.2967088769240457E-033   4.4234541654638021E-038   3.6205062697477853E-044   2.3141885715259090E-037   5.3555234682444061E-036  -3.6568635399353962E-038  -5.8844796008581419E-034  -6.1927356587273684E-044  -6.6068120323491402E-037   1.0446402081494651E-034   1.0218061220449161E-037  -1.0299672294134746E-034  -6.5289843057211311E-050  -2.5297289100914787E-040  -1.8102155875142084E-050  -2.8502854516195504E-054  -1.8976299691147562E-050   3.4498872311275611E-051   2.5818271602526617E-050   8.7382670644434219E-022   2.5680605084655718E-021   4.9723811276084658E-021   2.9605349827708553E-021   3.0007327562932940E-039  -4.5830289568494061E-039  -1.0409856612761004E-043  -4.0245936775984232E-037   7.7487602904824511E-037   2.7278244639504119E-041  -4.4789404182665895E-037   1.2683649917114824E-036   4.3267648627682330E-041   3.5413680638271764E-047   2.2636042835651827E-040   5.2384606909792522E-039  -3.5769306249546592E-041  -5.7558547280663114E-037  -6.0573728245659445E-047  -6.4623981818709234E-040   1.0218061220449161E-037   9.9947115083577564E-041  -1.0074538700598722E-037  -6.3862716390546049E-053  -2.4744332711685597E-043  -1.7706473052763280E-053  -2.7879829833466541E-057  -1.8561509548366275E-053   3.3744784717556648E-054   2.5253927407995696E-053  -8.8080591063870961E-019  -2.5885714616555952E-018  -5.0120952528072803E-018  -2.9841806072601795E-018  -3.0246994381129827E-036   4.6196333484097225E-036   1.0492999545334183E-040   4.0567378783514680E-034  -7.8106491981132765E-034  -2.7496114427642869E-038   4.5147134605906043E-034  -1.2784953507458974E-033  -4.3613224875874013E-038  -3.5696527690926311E-044  -2.2816835622067452E-037  -5.2802999785140504E-036   3.6054993663727663E-038   5.8018264123419606E-034   6.1057527167256610E-044   6.5140129885184681E-037  -1.0299672294134746E-034  -1.0074538700598722E-037   1.0155003468082930E-034   6.4372784273353406E-050   2.4941964289405314E-040   1.7847893645754928E-050   2.8102504448326658E-054   1.8709759269207233E-050  -3.4014302393432120E-051  -2.5455629089565165E-050  -5.5834475143654584E-034  -1.6409009883752601E-033  -3.1771779052614195E-033  -1.8916784722688932E-033  -1.9173634458456514E-051   2.9283954643031521E-051   6.6515348639236587E-056   2.5715748213915613E-049  -4.9511872393274964E-049  -1.7429845769813773E-053   2.8618865229148772E-049  -8.1044093846663818E-049  -2.7646516569136059E-053  -2.2628105284040662E-059  -1.4463640922588395E-052  -3.3471934547713715E-051   2.2855337631218141E-053   3.6777901770981750E-049   3.8704497117657971E-059   4.1292467716200794E-052  -6.5289843057211311E-050  -6.3862716390546049E-053   6.4372784273353406E-050   4.0806045690952150E-065   1.5810764532005384E-055   1.1313817971633158E-065   1.7814237701433281E-069   1.1860156434495232E-065  -2.1561739068459106E-066  -1.6136377747928268E-065  -2.1633699720631560E-024  -6.3578567117295162E-024  -1.2310335609783583E-023  -7.3295224736610032E-024  -7.4290418126110522E-042   1.1346399867644067E-041   2.5772125117538571E-046   9.9638578766947106E-040  -1.9183935681431190E-039  -6.7533911367647992E-044   1.1088703442088155E-039  -3.1401451986401704E-039  -1.0711955941903866E-043  -8.7675156559147042E-050  -5.6041014763953793E-043  -1.2969080110644978E-041   8.8555594022381713E-044   1.4250014551425850E-039   1.4996495737215167E-049   1.5999234254424303E-042  -2.5297289100914787E-040  -2.4744332711685597E-043   2.4941964289405314E-040   1.5810764532005384E-055   6.1260597750579674E-046   4.3836669022581970E-056   6.9023281439148529E-060   4.5953519269849446E-056  -8.3543399890751216E-057  -6.2522223031415750E-056  -1.5480575920078678E-034  -4.5495354371146484E-034  -8.8089918723961760E-034  -5.2448370170924974E-034  -5.3160507577853589E-052   8.1192217160674757E-052   1.8441937562965088E-056   7.1299065952156715E-050  -1.3727581347497414E-049  -4.8325707373561469E-054   7.9348201050778070E-050  -2.2470153868901243E-049  -7.6652282944019554E-054  -6.2738317298740657E-060  -4.0101655976313521E-053  -9.2803742244306631E-052   6.3368338014960889E-054   1.0196981328866009E-049   1.0731146026479021E-059   1.1448682552551778E-052  -1.8102155875142084E-050  -1.7706473052763280E-053   1.7847893645754928E-050   1.1313817971633158E-065   4.3836669022581970E-056   3.1368508006065191E-066   4.9391466201810749E-070   3.2883277157317182E-066  -5.9781727643971897E-067  -4.4739458938078834E-066  -2.4375030594164447E-038  -7.1634974074234099E-038  -1.3870249240204717E-037  -8.2582885425612825E-038  -8.3704185509714961E-056   1.2784167640252964E-055   2.9037859743312437E-060   1.1226435779207987E-053  -2.1614842823459380E-053  -7.6091522808746536E-058   1.2493817014236749E-053  -3.5380511089361771E-053  -1.2069329665246269E-057  -9.8784981352000483E-064  -6.3142294986033804E-057  -1.4612467056370527E-055   9.9776984124514106E-058   1.6055716088498686E-053   1.6896788210999774E-063   1.8026589509462384E-056  -2.8502854516195504E-054  -2.7879829833466541E-057   2.8102504448326658E-054   1.7814237701433281E-069   6.9023281439148529E-060   4.9391466201810749E-070   7.7769619552607548E-074   5.1776554753779569E-070  -9.4129665964418168E-071  -7.0444774536301175E-070  -1.6228124985619686E-034  -4.7692301682550820E-034  -9.2343735685659525E-034  -5.4981075046560153E-034  -5.5727601203354057E-052   8.5112947654230988E-052   1.9332489262277452E-056   7.4742061251663016E-050  -1.4390479204879435E-049  -5.0659330978730960E-054   8.3179884952856539E-050  -2.3555226066084358E-049  -8.0353782344443374E-054  -6.5767918439707142E-060  -4.2038144360628600E-053  -9.7285187324360688E-052   6.6428362532945997E-054   1.0689388323482145E-049   1.1249347560174786E-059   1.2001533556805127E-052  -1.8976299691147562E-050  -1.8561509548366275E-053   1.8709759269207233E-050   1.1860156434495232E-065   4.5953519269849446E-056   3.2883277157317182E-066   5.1776554753779569E-070   3.4471193733404968E-066  -6.2668556588023933E-067  -4.6899904446995088E-066   2.9502696565837109E-035   8.6704502603566175E-035   1.6788071426021517E-034   9.9955477012875711E-035   1.0131265997158891E-052  -1.5473515706169964E-052  -3.5146424190884183E-057  -1.3588090773068580E-050   2.6161860461067594E-050   9.2098555527407964E-055  -1.5122085319899678E-050   4.2823350681806857E-050   1.4608300469254160E-054   1.1956593526441278E-060   7.6425256667760522E-054   1.7686426278603347E-052  -1.2076662121542632E-054  -1.9433285143018846E-050  -2.0451289839434478E-060  -2.1818762374882746E-053   3.4498872311275611E-051   3.3744784717556648E-054  -3.4014302393432120E-051  -2.1561739068459106E-066  -8.3543399890751216E-057  -5.9781727643971897E-067  -9.4129665964418168E-071  -6.2668556588023933E-067   1.1393130203728590E-067   8.5263926121629735E-067   2.2079232795524012E-034   6.4887929587460647E-034   1.2563859590795222E-033   7.4804695944657362E-034   7.5820384745329423E-052  -1.1580072169990471E-051  -2.6302886582216728E-056  -1.0169057555664164E-049   1.9579017334734158E-049   6.8924731781155338E-054  -1.1317068641056526E-049   3.2048146062785082E-049   1.0932562251991337E-053   8.9480773841345929E-060   5.7195145862670389E-053   1.3236170539690346E-051  -9.0379343386254608E-054  -1.4543485057272991E-049  -1.5305339575518102E-059  -1.6328728891280165E-052   2.5818271602526617E-050   2.5253927407995696E-053  -2.5455629089565165E-050  -1.6136377747928268E-065  -6.2522223031415750E-056  -4.4739458938078834E-066  -7.0444774536301175E-070  -4.6899904446995088E-066   8.5263926121629735E-067   6.3809830728481681E-066
