   2.5608016540215450E-002   4.9363171415038903E-002   7.2499380552802001E-002   3.8227619902011227E-002   8.8968964776723642E-019   7.3733953689387381E-020  -1.7946781091788849E-032   3.7862106592322110E-018   1.7362117370010103E-018   5.3463365377235168E-032   1.7149850820345909E-019  -3.1729446498392025E-019  -4.8999518506594059E-032  -2.7435241964744787E-036  -1.7811564926715019E-034   1.5031439842879321E-018   2.8459913795928744E-034   1.6275817954863938E-018  -3.8390414743702335E-036  -1.8354901092283025E-034   9.4322574549804175E-019   4.0780678407444519E-034  -1.3577731551386998E-017   2.3181404030644001E-034   8.4928297144050266E-048   3.9918676464854290E-034  -1.1485291267454314E-047   2.4447780099121227E-034   5.2814629588585632E-048  -1.5443535050249275E-034   4.9363171415038903E-002   9.5154682844093966E-002  0.13975308646383722        7.3689289877194711E-002   1.7150060224285600E-018   1.4213290550487698E-019  -3.4595027302911079E-032   7.2984709882397884E-018   3.3468003057476254E-018   1.0305840225449621E-031   3.3058828451536067E-019  -6.1163116789804052E-019  -9.4453689042916535E-032  -5.2885413823126635E-036  -3.4334378504745025E-034   2.8975283595808493E-018   5.4860617610091616E-034   3.1374003151091254E-018  -7.4003100580310365E-036  -3.5381737882805536E-034   1.8182046268588497E-018   7.8610680975111659E-034  -2.6173049714566432E-017   4.4685523340275306E-034   1.6371162847873734E-047   7.6949047026017844E-034  -2.2139567142837634E-047   4.7126647151874439E-034   1.0180786979377684E-047  -2.9769656964350057E-034   7.2499380552802001E-002  0.13975308646383722       0.20525448241122479       0.10822699831325798        2.5188185990925857E-018   2.0874970772510288E-019  -5.0809499830965220E-032   1.0719218608972438E-017   4.9154246383511047E-018   1.5136122963801637E-031   4.8553294203611953E-019  -8.9829886387496875E-019  -1.3872354126040172E-031  -7.7672475907558178E-036  -5.0426686574296820E-034   4.2555817461069537E-018   8.0573445333053439E-034   4.6078801841787649E-018  -1.0868789012661892E-035  -5.1964936730210049E-034   2.6703857427876983E-018   1.1545501458184708E-033  -3.8440194118193535E-017   6.5629348135049973E-034   2.4044224294679187E-047   1.1301458321243739E-033  -3.2516243538475093E-047   6.9214611381319314E-034   1.4952458044866335E-047  -4.3722508649986151E-034   3.8227619902011227E-002   7.3689289877194711E-002  0.10822699831325798        5.7066150401680046E-002   1.3281277615620448E-018   1.1006996778074891E-019  -2.6790935758890064E-032   5.6520512521058616E-018   2.5918150375783421E-018   7.9810055070594642E-032   2.5601279095817985E-019  -4.7365684044170279E-019  -7.3146429201575460E-032  -4.0955300075698391E-036  -2.6589085211233140E-034   2.2438917437871336E-018   4.2484929097348054E-034   2.4296523762227847E-018  -5.7309170368509677E-036  -2.7400176862307777E-034   1.4080463914128257E-018   6.0877353427889878E-034  -2.0268823243801315E-017   3.4605175324170354E-034   1.2678087180431449E-047   5.9590557843218745E-034  -1.7145230609587788E-047   3.6495620174622775E-034   7.8841622974091572E-048  -2.3054092725892553E-034   8.8968964776723642E-019   1.7150060224285600E-018   2.5188185990925857E-018   1.3281277615620448E-018   3.0910151440316491E-035   2.5617109073393648E-036  -6.2351823785470671E-049   1.3154288706799316E-034   6.0320548696770499E-035   1.8574575128153692E-048   5.9583079039536695E-036  -1.1023641770408771E-035  -1.7023717667642943E-048  -9.5317225063840607E-053  -6.1882047369604762E-051   5.2223163782497272E-035   9.8877203710103219E-051   5.6546459662919017E-035  -1.3337836812673070E-052  -6.3769739690500665E-051   3.2770135865824513E-035   1.4168277090515734E-050  -4.7172599964784139E-034   8.0538276575949657E-051   2.9506317544312848E-064   1.3868795010959361E-050  -3.9902913707504085E-064   8.4937999125858956E-051   1.8349187303059466E-064  -5.3654890598651750E-051   7.3733953689387381E-020   1.4213290550487698E-019   2.0874970772510288E-019   1.1006996778074891E-019   2.5617109073393648E-036   2.1230445232377934E-037  -5.1674721617639156E-050   1.0901753400841250E-035   4.9991281288795307E-036   1.5393872073665449E-049   4.9380095650182229E-037  -9.1359576210374041E-037  -1.4108582844335704E-049  -7.8995140342431614E-054  -5.1285389533369635E-052   4.3280489432640434E-036   8.1945509623421695E-052   4.6863465800102166E-036  -1.1053870800119014E-053  -5.2849834151985280E-052   2.7158590485901555E-036   1.1742106806258006E-051  -3.9094782207934321E-035   6.6746933272486168E-052   2.4453667150299522E-065   1.1493907922071502E-051  -3.3069954211161905E-065   7.0393249036138161E-052   1.5207079572489835E-065  -4.4467047903036480E-052  -1.7946781091788849E-032  -3.4595027302911079E-032  -5.0809499830965220E-032  -2.6790935758890064E-032  -6.2351823785470671E-049  -5.1674721617639156E-050   1.2577582924111935E-062  -2.6534774281298694E-048  -1.2167834991834730E-048  -3.7468552605343260E-062  -1.2019072931565435E-049   2.2236842497192366E-049   3.4340169644138380E-062   1.9227349411005622E-066   1.2482819828702328E-064  -1.0534434009400968E-048  -1.9945466763683112E-064  -1.1406527384384925E-048   2.6905026726541329E-066   1.2863604307163886E-064  -6.6103776323358607E-049  -2.8580187262987823E-064   9.5156364606818127E-048  -1.6246146314570419E-064  -5.9520016122648238E-078  -2.7976073307497795E-064   8.0491984933208136E-078  -1.7133656444265525E-064  -3.7013901259464194E-078   1.0823241323471130E-064   3.7862106592322110E-018   7.2984709882397884E-018   1.0719218608972438E-017   5.6520512521058616E-018   1.3154288706799316E-034   1.0901753400841250E-035  -2.6534774281298694E-048   5.5980091755919369E-034   2.5670334033851696E-034   7.9046951391890628E-048   2.5356492517983071E-035  -4.6912797152832254E-035  -7.2447039768020851E-048  -4.0563706057594431E-052  -2.6334853727241318E-050   2.2224367774576036E-034   4.2078709534474821E-050   2.4064212599852685E-034  -5.6761208852971293E-052  -2.7138190127149242E-050   1.3945833587144694E-034   6.0295274737310156E-050  -2.0075022931714511E-033   3.4274298010920617E-050   1.2556865675725555E-063   5.9020782845996128E-050  -1.6981296522099284E-063   3.6146667376792916E-050   7.8087778956902167E-064  -2.2833661065336113E-050   1.7362117370010103E-018   3.3468003057476254E-018   4.9154246383511047E-018   2.5918150375783421E-018   6.0320548696770499E-035   4.9991281288795307E-036  -1.2167834991834730E-048   2.5670334033851696E-034   1.1771435679003603E-034   3.6247915695366932E-048   1.1627519935150143E-035  -2.1512418711750160E-035  -3.3221448059026858E-048  -1.8600967799223312E-052  -1.2076159054159209E-050   1.0191247041037771E-034   1.9295690585379770E-050   1.1034929674521682E-034  -2.6028524529292518E-052  -1.2444538474062675E-050   6.3950271486408909E-035   2.7649112293674404E-050  -9.2056395091537636E-034   1.5716885255427917E-050   5.7580994636365104E-064   2.7064678943402037E-050  -7.7869746257441373E-064   1.6575482402182516E-050   3.5808075816047461E-064  -1.0470645695234189E-050   5.3463365377235168E-032   1.0305840225449621E-031   1.5136122963801637E-031   7.9810055070594642E-032   1.8574575128153692E-048   1.5393872073665449E-049  -3.7468552605343260E-062   7.9046951391890628E-048   3.6247915695366932E-048   1.1161861884035244E-061   3.5804754309390791E-049  -6.6243435476424289E-049  -1.0229918264511534E-061  -5.7278171586250683E-066  -3.7186253848354486E-064   3.1382022860058117E-048   5.9417439358759219E-064   3.3979984383707929E-048  -8.0149931456147286E-066  -3.8320608783529168E-064   1.9692279792768584E-048   8.5140225780656569E-064  -2.8347030383467173E-047   4.8397183425015281E-064   1.7730981132209770E-077   8.3340573521754981E-064  -2.3978519481646362E-077   5.1041071378916730E-064   1.1026421490018817E-077  -3.2242378311923268E-064   1.7149850820345909E-019   3.3058828451536067E-019   4.8553294203611953E-019   2.5601279095817985E-019   5.9583079039536695E-036   4.9380095650182229E-037  -1.2019072931565435E-049   2.5356492517983071E-035   1.1627519935150143E-035   3.5804754309390791E-049   1.1485363682822925E-036  -2.1249411222654264E-036  -3.2815287796194022E-049  -1.8373555256673867E-053  -1.1928517809661569E-051   1.0066650437980982E-035   1.9059784469975824E-051   1.0900018338658711E-035  -2.5710303832073517E-053  -1.2292393480007088E-051   6.3168425402246622E-036   2.7311078542215395E-051  -9.0930927906621753E-035   1.5524733058000642E-051   5.6877018341468850E-065   2.6733790383288486E-051  -7.6917722837196311E-065   1.6372833129426864E-051   3.5370291844104309E-065  -1.0342633207637331E-051  -3.1729446498392025E-019  -6.1163116789804052E-019  -8.9829886387496875E-019  -4.7365684044170279E-019  -1.1023641770408771E-035  -9.1359576210374041E-037   2.2236842497192366E-049  -4.6912797152832254E-035  -2.1512418711750160E-035  -6.6243435476424289E-049  -2.1249411222654264E-036   3.9314164512245035E-036   6.0712535016539226E-049   3.3993458287710306E-053   2.2069303786465193E-051  -1.8624607866034477E-035  -3.5263071262026484E-051  -2.0166446479969308E-035   4.7567393934959382E-053   2.2742520931922661E-051  -1.1686977310673922E-035  -5.0529034596064630E-051   1.6823400053366199E-034  -2.8722768036049534E-051  -1.0522985472927266E-064  -4.9460976690214166E-051   1.4230775515817235E-064  -3.0291863075038219E-051  -6.5439623612853285E-065   1.9135211755014107E-051  -4.8999518506594059E-032  -9.4453689042916535E-032  -1.3872354126040172E-031  -7.3146429201575460E-032  -1.7023717667642943E-048  -1.4108582844335704E-049   3.4340169644138380E-062  -7.2447039768020851E-048  -3.3221448059026858E-048  -1.0229918264511534E-061  -3.2815287796194022E-049   6.0712535016539226E-049   9.3757859383897975E-062   5.2495812952684381E-066   3.4081441016229186E-064  -2.8761825954198787E-048  -5.4456465636442042E-064  -3.1142874413443414E-048   7.3457928096684902E-066   3.5121084616046518E-064  -1.8048101187316096E-048  -7.8031564967125196E-064   2.5980235813458896E-047  -4.4356330136875889E-064  -1.6250558340229809E-077  -7.6382172087659539E-064   2.1976467452270552E-077  -4.6779470465069993E-064  -1.0105786271579153E-077   2.9550347263855552E-064  -2.7435241964744787E-036  -5.2885413823126635E-036  -7.7672475907558178E-036  -4.0955300075698391E-036  -9.5317225063840607E-053  -7.8995140342431614E-054   1.9227349411005622E-066  -4.0563706057594431E-052  -1.8600967799223312E-052  -5.7278171586250683E-066  -1.8373555256673867E-053   3.3993458287710306E-053   5.2495812952684381E-066   2.9392846590912142E-070   1.9082485079146117E-068  -1.6103987925822774E-052  -3.0490632496307902E-068  -1.7437156956868826E-052   4.1129710923387197E-070   1.9664590262776610E-068  -1.0105283442970566E-052  -4.3690528621677869E-068   1.4546552243109331E-051  -2.4835481797836947E-068  -9.0988241051064215E-082  -4.2767019695014082E-068   1.2304808709543592E-081  -2.6192218419842526E-068  -5.6583146131825543E-082   1.6545487629985777E-068  -1.7811564926715019E-034  -3.4334378504745025E-034  -5.0426686574296820E-034  -2.6589085211233140E-034  -6.1882047369604762E-051  -5.1285389533369635E-052   1.2482819828702328E-064  -2.6334853727241318E-050  -1.2076159054159209E-050  -3.7186253848354486E-064  -1.1928517809661569E-051   2.2069303786465193E-051   3.4081441016229186E-064   1.9082485079146117E-068   1.2388770705468918E-066  -1.0455064580382510E-050  -1.9795191930965245E-066  -1.1320587355260045E-050   2.6702316585008686E-068   1.2766686245114436E-066  -6.5605731627453097E-051  -2.8364855984413234E-066   9.4439429428376131E-050  -1.6123743216730796E-066  -5.9071575353015226E-080  -2.7765293595686692E-066   7.9885535371797444E-080  -1.7004566592094426E-066  -3.6735027975328799E-080   1.0741695937814315E-066   1.5031439842879321E-018   2.8975283595808493E-018   4.2555817461069537E-018   2.2438917437871336E-018   5.2223163782497272E-035   4.3280489432640434E-036  -1.0534434009400968E-048   2.2224367774576036E-034   1.0191247041037771E-034   3.1382022860058117E-048   1.0066650437980982E-035  -1.8624607866034477E-035  -2.8761825954198787E-048  -1.6103987925822774E-052  -1.0455064580382510E-050   8.8231817327699577E-035   1.6705451649690125E-050   9.5536090465261035E-035  -2.2534475048347261E-052  -1.0773993025089282E-050   5.5365635325341479E-035   2.3937516334802890E-050  -7.9698814118198422E-034   1.3607062445187482E-050   4.9851365390762545E-064   2.3431536876216477E-050  -6.7416570312490984E-064   1.4350402159213505E-050   3.1001226754053786E-064  -9.0650741225765844E-051   2.8459913795928744E-034   5.4860617610091616E-034   8.0573445333053439E-034   4.2484929097348054E-034   9.8877203710103219E-051   8.1945509623421695E-052  -1.9945466763683112E-064   4.2078709534474821E-050   1.9295690585379770E-050   5.9417439358759219E-064   1.9059784469975824E-051  -3.5263071262026484E-051  -5.4456465636442042E-064  -3.0490632496307902E-068  -1.9795191930965245E-066   1.6705451649690125E-050   3.1629419326549712E-066   1.8088412869705207E-050  -4.2665853971153678E-068  -2.0399038012132518E-066   1.0482703088237322E-050   4.5322314994318534E-066  -1.5089847700226638E-049   2.5763055851852114E-066   9.4386537581264638E-080   4.4364314169088099E-066  -1.2764377861110709E-079   2.7170464882750290E-066   5.8696455576500835E-080  -1.7163440813319649E-066   1.6275817954863938E-018   3.1374003151091254E-018   4.6078801841787649E-018   2.4296523762227847E-018   5.6546459662919017E-035   4.6863465800102166E-036  -1.1406527384384925E-048   2.4064212599852685E-034   1.1034929674521682E-034   3.3979984383707929E-048   1.0900018338658711E-035  -2.0166446479969308E-035  -3.1142874413443414E-048  -1.7437156956868826E-052  -1.1320587355260045E-050   9.5536090465261035E-035   1.8088412869705207E-050   1.0344504803168276E-034  -2.4399992111804799E-052  -1.1665918298997567E-050   5.9949080788659127E-035   2.5919184205190823E-050  -8.6296682378090898E-034   1.4733523439755501E-050   5.3978311883795883E-064   2.5371317224852658E-050  -7.2997652721018654E-064   1.5538400550037086E-050   3.3567664062831714E-064  -9.8155265036900414E-051  -3.8390414743702335E-036  -7.4003100580310365E-036  -1.0868789012661892E-035  -5.7309170368509677E-036  -1.3337836812673070E-052  -1.1053870800119014E-053   2.6905026726541329E-066  -5.6761208852971293E-052  -2.6028524529292518E-052  -8.0149931456147286E-066  -2.5710303832073517E-053   4.7567393934959382E-053   7.3457928096684902E-066   4.1129710923387197E-070   2.6702316585008686E-068  -2.2534475048347261E-052  -4.2665853971153678E-068  -2.4399992111804799E-052   5.7553225251903015E-070   2.7516862323396947E-068  -1.4140426498765059E-052  -6.1136603654277775E-068   2.0355139364964434E-051  -3.4752543746610249E-068  -1.2732077651216048E-081  -5.9844328165703859E-068   1.7218244705416927E-081  -3.6651039181193833E-068  -7.9177375227662083E-082   2.3152270100923069E-068  -1.8354901092283025E-034  -3.5381737882805536E-034  -5.1964936730210049E-034  -2.7400176862307777E-034  -6.3769739690500665E-051  -5.2849834151985280E-052   1.2863604307163886E-064  -2.7138190127149242E-050  -1.2444538474062675E-050  -3.8320608783529168E-064  -1.2292393480007088E-051   2.2742520931922661E-051   3.5121084616046518E-064   1.9664590262776610E-068   1.2766686245114436E-066  -1.0773993025089282E-050  -2.0399038012132518E-066  -1.1665918298997567E-050   2.7516862323396947E-068   1.3156129979001413E-066  -6.7607013761190800E-051  -2.9230116962371676E-066   9.7320274411687076E-050  -1.6615592913825175E-066  -6.0873535112218044E-080  -2.8612265112239034E-066   8.2322418411095035E-080  -1.7523285528207488E-066  -3.7855618407683900E-080   1.1069367981599511E-066   9.4322574549804175E-019   1.8182046268588497E-018   2.6703857427876983E-018   1.4080463914128257E-018   3.2770135865824513E-035   2.7158590485901555E-036  -6.6103776323358607E-049   1.3945833587144694E-034   6.3950271486408909E-035   1.9692279792768584E-048   6.3168425402246622E-036  -1.1686977310673922E-035  -1.8048101187316096E-048  -1.0105283442970566E-052  -6.5605731627453097E-051   5.5365635325341479E-035   1.0482703088237322E-050   5.9949080788659127E-035  -1.4140426498765059E-052  -6.7607013761190800E-051   3.4742042811990908E-035   1.5020837608555418E-050  -5.0011159375100643E-034   8.5384578942916975E-051   3.1281827806450665E-064   1.4703334523674333E-050  -4.2304027728949597E-064   9.0049049966646870E-051   1.9453329502761050E-064  -5.6883514730711560E-051   4.0780678407444519E-034   7.8610680975111659E-034   1.1545501458184708E-033   6.0877353427889878E-034   1.4168277090515734E-050   1.1742106806258006E-051  -2.8580187262987823E-064   6.0295274737310156E-050   2.7649112293674404E-050   8.5140225780656569E-064   2.7311078542215395E-051  -5.0529034596064630E-051  -7.8031564967125196E-064  -4.3690528621677869E-068  -2.8364855984413234E-066   2.3937516334802890E-050   4.5322314994318534E-066   2.5919184205190823E-050  -6.1136603654277775E-068  -2.9230116962371676E-066   1.5020837608555418E-050   6.4943090331095963E-066  -2.1622490872347247E-049   3.6916306318457944E-066   1.3524802157497606E-079   6.3570355197464687E-066  -1.8290286905209277E-079   3.8933005859023734E-066   8.4107116264862181E-080  -2.4593776537486351E-066  -1.3577731551386998E-017  -2.6173049714566432E-017  -3.8440194118193535E-017  -2.0268823243801315E-017  -4.7172599964784139E-034  -3.9094782207934321E-035   9.5156364606818127E-048  -2.0075022931714511E-033  -9.2056395091537636E-034  -2.8347030383467173E-047  -9.0930927906621753E-035   1.6823400053366199E-034   2.5980235813458896E-047   1.4546552243109331E-051   9.4439429428376131E-050  -7.9698814118198422E-034  -1.5089847700226638E-049  -8.6296682378090898E-034   2.0355139364964434E-051   9.7320274411687076E-050  -5.0011159375100643E-034  -2.1622490872347247E-049   7.1991047722112618E-033  -1.2291107373272442E-049  -4.5030180995370439E-063  -2.1165445284498458E-049   6.0896634213776545E-063  -1.2962557826058662E-049  -2.8003061518396034E-063   8.1883801030595701E-050   2.3181404030644001E-034   4.4685523340275306E-034   6.5629348135049973E-034   3.4605175324170354E-034   8.0538276575949657E-051   6.6746933272486168E-052  -1.6246146314570419E-064   3.4274298010920617E-050   1.5716885255427917E-050   4.8397183425015281E-064   1.5524733058000642E-051  -2.8722768036049534E-051  -4.4356330136875889E-064  -2.4835481797836947E-068  -1.6123743216730796E-066   1.3607062445187482E-050   2.5763055851852114E-066   1.4733523439755501E-050  -3.4752543746610249E-068  -1.6615592913825175E-066   8.5384578942916975E-051   3.6916306318457944E-066  -1.2291107373272442E-049   2.0984737025143954E-066   7.6880502113040829E-080   3.6135987574325483E-066  -1.0396946474256133E-079   2.2131111452542778E-066   4.7809921760207838E-080  -1.3980107561201553E-066   8.4928297144050266E-048   1.6371162847873734E-047   2.4044224294679187E-047   1.2678087180431449E-047   2.9506317544312848E-064   2.4453667150299522E-065  -5.9520016122648238E-078   1.2556865675725555E-063   5.7580994636365104E-064   1.7730981132209770E-077   5.6877018341468850E-065  -1.0522985472927266E-064  -1.6250558340229809E-077  -9.0988241051064215E-082  -5.9071575353015226E-080   4.9851365390762545E-064   9.4386537581264638E-080   5.3978311883795883E-064  -1.2732077651216048E-081  -6.0873535112218044E-080   3.1281827806450665E-064   1.3524802157497606E-079  -4.5030180995370439E-063   7.6880502113040829E-080   2.8166241006838294E-093   1.3238921534903960E-079  -3.8090659150289621E-093   8.1080404236301608E-080   1.7515829655171772E-093  -5.1218068046869933E-080   3.9918676464854290E-034   7.6949047026017844E-034   1.1301458321243739E-033   5.9590557843218745E-034   1.3868795010959361E-050   1.1493907922071502E-051  -2.7976073307497795E-064   5.9020782845996128E-050   2.7064678943402037E-050   8.3340573521754981E-064   2.6733790383288486E-051  -4.9460976690214166E-051  -7.6382172087659539E-064  -4.2767019695014082E-068  -2.7765293595686692E-066   2.3431536876216477E-050   4.4364314169088099E-066   2.5371317224852658E-050  -5.9844328165703859E-068  -2.8612265112239034E-066   1.4703334523674333E-050   6.3570355197464687E-066  -2.1165445284498458E-049   3.6135987574325483E-066   1.3238921534903960E-079   6.2226636264594706E-066  -1.7903675807539433E-079   3.8110059110908119E-066   8.2329301367287089E-080  -2.4073925373189068E-066  -1.1485291267454314E-047  -2.2139567142837634E-047  -3.2516243538475093E-047  -1.7145230609587788E-047  -3.9902913707504085E-064  -3.3069954211161905E-065   8.0491984933208136E-078  -1.6981296522099284E-063  -7.7869746257441373E-064  -2.3978519481646362E-077  -7.6917722837196311E-065   1.4230775515817235E-064   2.1976467452270552E-077   1.2304808709543592E-081   7.9885535371797444E-080  -6.7416570312490984E-064  -1.2764377861110709E-079  -7.2997652721018654E-064   1.7218244705416927E-081   8.2322418411095035E-080  -4.2304027728949597E-064  -1.8290286905209277E-079   6.0896634213776545E-063  -1.0396946474256133E-079  -3.8090659150289621E-093  -1.7903675807539433E-079   5.1511961221637229E-093  -1.0964920880932780E-079  -2.3687559052260488E-093   6.9264832742005210E-080   2.4447780099121227E-034   4.7126647151874439E-034   6.9214611381319314E-034   3.6495620174622775E-034   8.4937999125858956E-051   7.0393249036138161E-052  -1.7133656444265525E-064   3.6146667376792916E-050   1.6575482402182516E-050   5.1041071378916730E-064   1.6372833129426864E-051  -3.0291863075038219E-051  -4.6779470465069993E-064  -2.6192218419842526E-068  -1.7004566592094426E-066   1.4350402159213505E-050   2.7170464882750290E-066   1.5538400550037086E-050  -3.6651039181193833E-068  -1.7523285528207488E-066   9.0049049966646870E-051   3.8933005859023734E-066  -1.2962557826058662E-049   2.2131111452542778E-066   8.1080404236301608E-080   3.8110059110908119E-066  -1.0964920880932780E-079   2.3340111126387118E-066   5.0421728218214423E-080  -1.4743826343154526E-066   5.2814629588585632E-048   1.0180786979377684E-047   1.4952458044866335E-047   7.8841622974091572E-048   1.8349187303059466E-064   1.5207079572489835E-065  -3.7013901259464194E-078   7.8087778956902167E-064   3.5808075816047461E-064   1.1026421490018817E-077   3.5370291844104309E-065  -6.5439623612853285E-065  -1.0105786271579153E-077  -5.6583146131825543E-082  -3.6735027975328799E-080   3.1001226754053786E-064   5.8696455576500835E-080   3.3567664062831714E-064  -7.9177375227662083E-082  -3.7855618407683900E-080   1.9453329502761050E-064   8.4107116264862181E-080  -2.8003061518396034E-063   4.7809921760207838E-080   1.7515829655171772E-093   8.2329301367287089E-080  -2.3687559052260488E-093   5.0421728218214423E-080   1.0892624558403370E-093  -3.1851142470809741E-080  -1.5443535050249275E-034  -2.9769656964350057E-034  -4.3722508649986151E-034  -2.3054092725892553E-034  -5.3654890598651750E-051  -4.4467047903036480E-052   1.0823241323471130E-064  -2.2833661065336113E-050  -1.0470645695234189E-050  -3.2242378311923268E-064  -1.0342633207637331E-051   1.9135211755014107E-051   2.9550347263855552E-064   1.6545487629985777E-068   1.0741695937814315E-066  -9.0650741225765844E-051  -1.7163440813319649E-066  -9.8155265036900414E-051   2.3152270100923069E-068   1.1069367981599511E-066  -5.6883514730711560E-051  -2.4593776537486351E-066   8.1883801030595701E-050  -1.3980107561201553E-066  -5.1218068046869933E-080  -2.4073925373189068E-066   6.9264832742005210E-080  -1.4743826343154526E-066  -3.1851142470809741E-080   9.3135981255606933E-067
