   2.5608016540215432E-002   4.9363171415038883E-002   7.2499380552801751E-002   3.8227619902011484E-002   3.0247183568003359E-019  -1.1490948902913384E-018   3.8036256305351592E-032  -4.6132731583407849E-019  -6.7010528055347268E-019   1.0476280080439850E-031  -1.8407579853146435E-018  -1.0324600955464390E-018   4.7316104917778414E-033   2.2134556873226799E-035  -9.1635648221541641E-034   1.5031439840216759E-018  -2.1929489154820995E-034   5.4530194147473620E-018   2.9433928468255044E-035  -1.2496602032271657E-033   9.4322574326639045E-019  -2.5818714889457394E-034  -4.3418180640631907E-018  -6.8683030481026802E-035   3.9931078378785756E-049   3.1554432730687934E-035  -2.4241778292982321E-047  -2.2664919088585679E-036   6.8833528884920466E-048  -7.4602813220701955E-035   4.9363171415038883E-002   9.5154682844093966E-002  0.13975308646383677        7.3689289877195224E-002   5.8305839694562159E-019  -2.2150473056949787E-018   7.3320408749299747E-032  -8.8927540851103412E-019  -1.2917252602573302E-018   2.0194551522199195E-031  -3.5483283845896779E-018  -1.9902167977597507E-018   9.1208664836664118E-033   4.2667573391056141E-035  -1.7664102191532357E-033   2.8975283590676032E-018  -4.2272275577988135E-034   1.0511486966473373E-017   5.6738172365466748E-035  -2.4089015533702070E-033   1.8182046225570187E-018  -4.9769323086885985E-034  -8.3694849623625137E-018  -1.3239651738020723E-034   7.6972953516483940E-049   6.0825752332014004E-035  -4.6729548749025766E-047  -4.3689923595637817E-036   1.3268662491342542E-047  -1.4380775845229358E-034   7.2499380552801751E-002  0.13975308646383677       0.20525448241122354       0.10822699831325841        8.5633421421114080E-019  -3.2532260986196196E-018   1.0768522491208887E-031  -1.3060732203735157E-018  -1.8971487959246490E-018   2.9659611283707635E-031  -5.2114076649925618E-018  -2.9230189403795827E-018   1.3395759454166041E-032   6.2665597688894775E-035  -2.5943156207287925E-033   4.2555817453531393E-018  -6.2085026267736518E-034   1.5438155043782218E-017   8.3330998237711058E-035  -3.5379386175098002E-033   2.6703857364696173E-018  -7.3095892968339731E-034  -1.2292210121904980E-017  -1.9444993549358877E-034   1.1304969452518903E-048   8.9334401322230739E-035  -6.8631395445232283E-047  -6.4167117028424504E-036   1.9487601460984289E-047  -2.1120955375451973E-034   3.8227619902011484E-002   7.3689289877195224E-002  0.10822699831325841        5.7066150401680851E-002   4.5152963515473925E-019  -1.7153676321794244E-018   5.6780483027766590E-032  -6.8866892726444626E-019  -1.0003324513282832E-018   1.5638979780926829E-031  -2.7478815660593389E-018  -1.5412553344208241E-018   7.0633431183550506E-033   3.3042442999064521E-035  -1.3679359837128795E-033   2.2438917433896837E-018  -3.2736318126758276E-034   8.1402615926105470E-018   4.3938937166040397E-035  -1.8654914245551577E-033   1.4080463880814295E-018  -3.8542150174051654E-034  -6.4814613961233684E-018  -1.0252995497810913E-034   5.9609071407168393E-049   4.7104423677562224E-035  -3.6188100897140589E-047  -3.3834167151042032E-036   1.0275461883565043E-047  -1.1136700036658755E-034   3.0247183568003359E-019   5.8305839694562159E-019   8.5633421421114080E-019   4.5152963515473925E-019   3.5726785491555914E-036  -1.3572657620364222E-035   4.4926932349517931E-049  -5.4490171017556860E-036  -7.9150204386031563E-036   1.2374170651024400E-048  -2.1742310498215438E-035  -1.2195013224701982E-035   5.5887925131702149E-050   2.6144469404316823E-052  -1.0823642935317445E-050   1.7754546488379084E-035  -2.5902251467884648E-051   6.4408924048735469E-035   3.4766200502434563E-052  -1.4760495607022316E-050   1.1141012095896166E-035  -3.0496052184476978E-051  -5.1283850038269102E-035  -8.1125698575830066E-052   4.7165021777250930E-066   3.7270856869780132E-052  -2.8633436599479285E-064  -2.6770912426965623E-053   8.1303461380774939E-065  -8.8117913491360808E-052  -1.1490948902913384E-018  -2.2150473056949787E-018  -3.2532260986196196E-018  -1.7153676321794244E-018  -1.3572657620364222E-035   5.1562723134767044E-035  -1.7067806754049966E-048   2.0700894992951238E-035   3.0069277432400527E-035  -4.7009653757405343E-048   8.2599352896631685E-035   4.6329032096608423E-035  -2.1231903807982566E-049  -9.9323218422421279E-052   4.1119176479187886E-050  -6.7449779591439699E-035   9.8403028969193791E-051  -2.4469043653987524E-034  -1.3207729989926075E-051   5.6075336872485924E-050  -4.2324866522815089E-035   1.1585494451228907E-050   1.9482809003011025E-034   3.0819770540029573E-051  -1.7918060173394299E-065  -1.4159252576213088E-051   1.0877884089263842E-063   1.0170308455034029E-052  -3.0887302887425404E-064   3.3476123126772453E-051   3.8036256305351592E-032   7.3320408749299747E-032   1.0768522491208887E-031   5.6780483027766590E-032   4.4926932349517931E-049  -1.7067806754049966E-048   5.6496245675817092E-062  -6.8522152030667482E-049  -9.9532488830886227E-049   1.5560692630781442E-061  -2.7341259490205476E-048  -1.5335399661891099E-048   7.0279847375027745E-063   3.2877035873249770E-065  -1.3610882346111883E-063   2.2326590484002707E-048  -3.2572443431074975E-064   8.0995122668584513E-048   4.3718983293132276E-065  -1.8561529632683671E-063   1.4009978503545737E-048  -3.8349212070679847E-064  -6.4490158562871517E-048  -1.0201670039934430E-064   5.9310674428039903E-079   4.6868623699519234E-065  -3.6006946926223251E-077  -3.3664796734243606E-066   1.0224023961235035E-077  -1.1080950843290184E-064  -4.6132731583407849E-019  -8.8927540851103412E-019  -1.3060732203735157E-018  -6.8866892726444626E-019  -5.4490171017556860E-036   2.0700894992951238E-035  -6.8522152030667482E-049   8.3107917397840452E-036   1.2071917788654124E-035  -1.8872973476276433E-048   3.3161175881457262E-035   1.8599724185441654E-035  -8.5239759366614048E-050  -3.9875308942675995E-052   1.6508122588241664E-050  -2.7079074178660656E-035   3.9505880330554476E-051  -9.8235910065346873E-035  -5.3025095455511352E-052   2.2512574777281346E-050  -1.6992171169654628E-035   4.6512303752747163E-051   7.8217665557526865E-035   1.2373218380815577E-051  -7.1935665840875260E-066  -5.6845174757891633E-052   4.3671459261140740E-064   4.0830754191030519E-053  -1.2400330603504338E-064   1.3439664693565528E-051  -6.7010528055347268E-019  -1.2917252602573302E-018  -1.8971487959246490E-018  -1.0003324513282832E-018  -7.9150204386031563E-036   3.0069277432400527E-035  -9.9532488830886227E-049   1.2071917788654124E-035   1.7535176389802141E-035  -2.7414113043215201E-048   4.8168574252644457E-035   2.7017202246019453E-035  -1.2381580475329823E-049  -5.7921250637147781E-052   2.3979026905017338E-050  -3.9333960892413418E-035   5.7384633672850774E-051  -1.4269348424718231E-034  -7.7022095260818515E-052   3.2700849742305140E-050  -2.4682136171076726E-035   6.7561879137963181E-051   1.1361579712204933E-034   1.7972833365470791E-051  -1.0449082004378397E-065  -8.2570986958310659E-052   6.3435384066638623E-064   5.9309091513304270E-053  -1.8012215476539659E-064   1.9521909869445999E-051   1.0476280080439850E-031   2.0194551522199195E-031   2.9659611283707635E-031   1.5638979780926829E-031   1.2374170651024400E-048  -4.7009653757405343E-048   1.5560692630781442E-061  -1.8872973476276433E-048  -2.7414113043215201E-048   4.2858627551830495E-061  -7.5305700401192261E-048  -4.2238105851876292E-048   1.9357093379554416E-062   9.0552822353963585E-065  -3.7488288662025910E-063   6.1493858195183765E-048  -8.9713887073637535E-064   2.2308388696662792E-047   1.2041466703085692E-064  -5.1123796619810509E-063   3.8587514382543547E-048  -1.0562477108455617E-063  -1.7762446390959907E-047  -2.8098336431587254E-064   1.6335867338776579E-078   1.2908968351646663E-064  -9.9173498520035466E-077  -9.2722542567732019E-066   2.8159905566720120E-077  -3.0520128915936713E-064  -1.8407579853146435E-018  -3.5483283845896779E-018  -5.2114076649925618E-018  -2.7478815660593389E-018  -2.1742310498215438E-035   8.2599352896631685E-035  -2.7341259490205476E-048   3.3161175881457262E-035   4.8168574252644457E-035  -7.5305700401192261E-048   1.3231754810757865E-034   7.4215399010353763E-035  -3.4011809475601570E-049  -1.5910784129574210E-051   6.5869627559162511E-050  -1.0804914497459512E-034   1.5763377148798118E-050  -3.9197448252224332E-034  -2.1157725660647624E-051   8.9828198697382362E-050  -6.7801046447517701E-035   1.8559034249565884E-050   3.1209899679877546E-034   4.9370804105430163E-051  -2.8703297372736088E-065  -2.2681988638155936E-051   1.7425499120932306E-063   1.6292019623349321E-052  -4.9478985517414693E-064   5.3626068206916553E-051  -1.0324600955464390E-018  -1.9902167977597507E-018  -2.9230189403795827E-018  -1.5412553344208241E-018  -1.2195013224701982E-035   4.6329032096608423E-035  -1.5335399661891099E-048   1.8599724185441654E-035   2.7017202246019453E-035  -4.2238105851876292E-048   7.4215399010353763E-035   4.1626568274888897E-035  -1.9076834837081785E-049  -8.9241767976527438E-052   3.6945520544199406E-050  -6.0603529325509344E-035   8.8414979084829214E-051  -2.1985400302772863E-034  -1.1867126277006847E-051   5.0383609007683321E-050  -3.8028831303093408E-035   1.0409549993765816E-050   1.7505275686729247E-034   2.7691519216842614E-051  -1.6099351128381710E-065  -1.2722067943402567E-051   9.7737631078465241E-064   9.1380074247470859E-053  -2.7752196933220848E-064   3.0078248170809365E-051   4.7316104917778414E-033   9.1208664836664118E-033   1.3395759454166041E-032   7.0633431183550506E-033   5.5887925131702149E-050  -2.1231903807982566E-049   7.0279847375027745E-063  -8.5239759366614048E-050  -1.2381580475329823E-049   1.9357093379554416E-062  -3.4011809475601570E-049  -1.9076834837081785E-049   8.7426286259786224E-064   4.0898170058481297E-066  -1.6931580540999694E-064   2.7773692797645594E-049  -4.0519265051758085E-065   1.0075580759707611E-048   5.4385268197527660E-066  -2.3090055879420110E-064   1.7428045690088656E-049  -4.7705413679082877E-065  -8.0224065276783518E-049  -1.2690609876823743E-065   7.3780922902932704E-080   5.8303338228539404E-066  -4.4791697291469546E-078  -4.1878123901721635E-067   1.2718417568440184E-078  -1.3784412127228595E-065   2.2134556873226799E-035   4.2667573391056141E-035   6.2665597688894775E-035   3.3042442999064521E-035   2.6144469404316823E-052  -9.9323218422421279E-052   3.2877035873249770E-065  -3.9875308942675995E-052  -5.7921250637147781E-052   9.0552822353963585E-065  -1.5910784129574210E-051  -8.9241767976527438E-052   4.0898170058481297E-066   1.9132235688957034E-068  -7.9206230751585336E-067   1.2992582205937842E-051  -1.8954983262210594E-067   4.7133743520114109E-051   2.5441523854842045E-068  -1.0801568640468849E-066   8.1528703427047612E-052  -2.2316676194614583E-067  -3.7528958449900189E-051  -5.9366895597727853E-068   3.4514845146108088E-082   2.7274403887664216E-068  -2.0953634557815620E-080  -1.9590659815668917E-069   5.9496980466857904E-081  -6.4483721710469173E-068  -9.1635648221541641E-034  -1.7664102191532357E-033  -2.5943156207287925E-033  -1.3679359837128795E-033  -1.0823642935317445E-050   4.1119176479187886E-050  -1.3610882346111883E-063   1.6508122588241664E-050   2.3979026905017338E-050  -3.7488288662025910E-063   6.5869627559162511E-050   3.6945520544199406E-050  -1.6931580540999694E-064  -7.9206230751585336E-067   3.2790872388711308E-065  -5.3788458442232061E-050   7.8472417053991160E-066  -1.9513068028923664E-049  -1.0532627978661671E-066   4.4717802567625732E-065  -3.3752361206001457E-050   9.2389610551332982E-066   1.5536748507468840E-049   2.4577514662507502E-066  -1.4288924898493664E-080  -1.1291428576667475E-066   8.6746705447951261E-079   8.1104077284146773E-068  -2.4631368965418643E-079   2.6695847911117091E-066   1.5031439840216759E-018   2.8975283590676032E-018   4.2555817453531393E-018   2.2438917433896837E-018   1.7754546488379084E-035  -6.7449779591439699E-035   2.2326590484002707E-048  -2.7079074178660656E-035  -3.9333960892413418E-035   6.1493858195183765E-048  -1.0804914497459512E-034  -6.0603529325509344E-035   2.7773692797645594E-049   1.2992582205937842E-051  -5.3788458442232061E-050   8.8231817296442139E-035  -1.2872211185888454E-050   3.2008231934553186E-034   1.7277180539812984E-051  -7.3352780509271595E-050   5.5365635184540577E-035  -1.5155115938132811E-050  -2.5485682159194359E-034  -4.0315689389610301E-051   2.3438816569924348E-065   1.8521877964997288E-051  -1.4229482844116078E-063  -1.3303895177841447E-052   4.0404029214782763E-064  -4.3790494163296688E-051  -2.1929489154820995E-034  -4.2272275577988135E-034  -6.2085026267736518E-034  -3.2736318126758276E-034  -2.5902251467884648E-051   9.8403028969193791E-051  -3.2572443431074975E-064   3.9505880330554476E-051   5.7384633672850774E-051  -8.9713887073637535E-064   1.5763377148798118E-050   8.8414979084829214E-051  -4.0519265051758085E-065  -1.8954983262210594E-067   7.8472417053991160E-066  -1.2872211185888454E-050   1.8779373007518603E-066  -4.6697068446881212E-050  -2.5205818424660616E-067   1.0701496475076466E-065  -8.0773372959303271E-051   2.2109921214343613E-066   3.7181267826250249E-050   5.8816885317477463E-067  -3.4195079063336261E-081  -2.7021717565179624E-067   2.0759507607107261E-079   1.9409160274771273E-068  -5.8945765002900229E-080   6.3886306105484767E-067   5.4530194147473620E-018   1.0511486966473373E-017   1.5438155043782218E-017   8.1402615926105470E-018   6.4408924048735469E-035  -2.4469043653987524E-034   8.0995122668584513E-048  -9.8235910065346873E-035  -1.4269348424718231E-034   2.2308388696662792E-047  -3.9197448252224332E-034  -2.1985400302772863E-034   1.0075580759707611E-048   4.7133743520114109E-051  -1.9513068028923664E-049   3.2008231934553186E-034  -4.6697068446881212E-050   1.1611762547448555E-033   6.2677163277218654E-051  -2.6610500424089237E-049   2.0085227149255300E-034  -5.4978859192369745E-050  -9.2455494010854028E-034  -1.4625494250542733E-050   8.5029992584300925E-065   6.7192605109248891E-051  -5.1620900616038765E-063  -4.8263106839861511E-052   1.4657541664954227E-063  -1.5886063969397789E-050   2.9433928468255044E-035   5.6738172365466748E-035   8.3330998237711058E-035   4.3938937166040397E-035   3.4766200502434563E-052  -1.3207729989926075E-051   4.3718983293132276E-065  -5.3025095455511352E-052  -7.7022095260818515E-052   1.2041466703085692E-064  -2.1157725660647624E-051  -1.1867126277006847E-051   5.4385268197527660E-066   2.5441523854842045E-068  -1.0532627978661671E-066   1.7277180539812984E-051  -2.5205818424660616E-067   6.2677163277218654E-051   3.3831442732544652E-068  -1.4363630612956491E-066   1.0841464044323861E-051  -2.9676105761846995E-067  -4.9904982730356530E-051  -7.8944474398739057E-068   4.5896897278854140E-082   3.6268756480724333E-068  -2.7863570265131388E-080  -2.6051123723095147E-069   7.9117457700582689E-081  -8.5748689845631438E-068  -1.2496602032271657E-033  -2.4089015533702070E-033  -3.5379386175098002E-033  -1.8654914245551577E-033  -1.4760495607022316E-050   5.6075336872485924E-050  -1.8561529632683671E-063   2.2512574777281346E-050   3.2700849742305140E-050  -5.1123796619810509E-063   8.9828198697382362E-050   5.0383609007683321E-050  -2.3090055879420110E-064  -1.0801568640468849E-066   4.4717802567625732E-065  -7.3352780509271595E-050   1.0701496475076466E-065  -2.6610500424089237E-049  -1.4363630612956491E-066   6.0982880930169202E-065  -4.6029010961012755E-050   1.2599421921316890E-065   2.1187885581812972E-049   3.3517023739182381E-066  -1.9486194662342833E-080  -1.5398427581075626E-066   1.1829883638438687E-078   1.1060383122562202E-067  -3.3590466313580820E-079   3.6405852278442957E-066   9.4322574326639045E-019   1.8182046225570187E-018   2.6703857364696173E-018   1.4080463880814295E-018   1.1141012095896166E-035  -4.2324866522815089E-035   1.4009978503545737E-048  -1.6992171169654628E-035  -2.4682136171076726E-035   3.8587514382543547E-048  -6.7801046447517701E-035  -3.8028831303093408E-035   1.7428045690088656E-049   8.1528703427047612E-052  -3.3752361206001457E-050   5.5365635184540577E-035  -8.0773372959303271E-051   2.0085227149255300E-034   1.0841464044323861E-051  -4.6029010961012755E-050   3.4742042647593123E-035  -9.5098644221613736E-051  -1.5992314610434843E-034  -2.5298172692725719E-051   1.4707902513304856E-065   1.1622514074454772E-051  -8.9290278739818952E-064  -8.3482198317980236E-053   2.5353606103060360E-064  -2.7478619376613507E-051  -2.5818714889457394E-034  -4.9769323086885985E-034  -7.3095892968339731E-034  -3.8542150174051654E-034  -3.0496052184476978E-051   1.1585494451228907E-050  -3.8349212070679847E-064   4.6512303752747163E-051   6.7561879137963181E-051  -1.0562477108455617E-063   1.8559034249565884E-050   1.0409549993765816E-050  -4.7705413679082877E-065  -2.2316676194614583E-067   9.2389610551332982E-066  -1.5155115938132811E-050   2.2109921214343613E-066  -5.4978859192369745E-050  -2.9676105761846995E-067   1.2599421921316890E-065  -9.5098644221613736E-051   2.6031146828425201E-066   4.3775417952381690E-050   6.9248142625521148E-067  -4.0259624413760740E-081  -3.1814057168105083E-067   2.4441235469253658E-079   2.2851402138929239E-068  -6.9399879304359463E-080   7.5216632317925807E-067  -4.3418180640631907E-018  -8.3694849623625137E-018  -1.2292210121904980E-017  -6.4814613961233684E-018  -5.1283850038269102E-035   1.9482809003011025E-034  -6.4490158562871517E-048   7.8217665557526865E-035   1.1361579712204933E-034  -1.7762446390959907E-047   3.1209899679877546E-034   1.7505275686729247E-034  -8.0224065276783518E-049  -3.7528958449900189E-051   1.5536748507468840E-049  -2.5485682159194359E-034   3.7181267826250249E-050  -9.2455494010854028E-034  -4.9904982730356530E-051   2.1187885581812972E-049  -1.5992314610434843E-034   4.3775417952381690E-050   7.3615166843635762E-034   1.1645151117768535E-050  -6.7702813745947609E-065  -5.3500280201793048E-051   4.1101734971231833E-063   3.8428183207712062E-052  -1.1670667997906911E-063   1.2648845394288823E-050  -6.8683030481026802E-035  -1.3239651738020723E-034  -1.9444993549358877E-034  -1.0252995497810913E-034  -8.1125698575830066E-052   3.0819770540029573E-051  -1.0201670039934430E-064   1.2373218380815577E-051   1.7972833365470791E-051  -2.8098336431587254E-064   4.9370804105430163E-051   2.7691519216842614E-051  -1.2690609876823743E-065  -5.9366895597727853E-068   2.4577514662507502E-066  -4.0315689389610301E-051   5.8816885317477463E-067  -1.4625494250542733E-050  -7.8944474398739057E-068   3.3517023739182381E-066  -2.5298172692725719E-051   6.9248142625521148E-067   1.1645151117768535E-050   1.8421413734442908E-067  -1.0709878561361394E-081  -8.4631859779137618E-068   6.5018655185435596E-080   6.0789375317946446E-069  -1.8461778775779636E-080   2.0009153330407508E-067   3.9931078378785756E-049   7.6972953516483940E-049   1.1304969452518903E-048   5.9609071407168393E-049   4.7165021777250930E-066  -1.7918060173394299E-065   5.9310674428039903E-079  -7.1935665840875260E-066  -1.0449082004378397E-065   1.6335867338776579E-078  -2.8703297372736088E-065  -1.6099351128381710E-065   7.3780922902932704E-080   3.4514845146108088E-082  -1.4288924898493664E-080   2.3438816569924348E-065  -3.4195079063336261E-081   8.5029992584300925E-065   4.5896897278854140E-082  -1.9486194662342833E-080   1.4707902513304856E-065  -4.0259624413760740E-081  -6.7702813745947609E-065  -1.0709878561361394E-081   6.2265307349700631E-096   4.9203440828323622E-082  -3.7800676500581518E-094  -3.5341849266375802E-083   1.0733346070265579E-094  -1.1632961800518671E-081   3.1554432730687934E-035   6.0825752332014004E-035   8.9334401322230739E-035   4.7104423677562224E-035   3.7270856869780132E-052  -1.4159252576213088E-051   4.6868623699519234E-065  -5.6845174757891633E-052  -8.2570986958310659E-052   1.2908968351646663E-064  -2.2681988638155936E-051  -1.2722067943402567E-051   5.8303338228539404E-066   2.7274403887664216E-068  -1.1291428576667475E-066   1.8521877964997288E-051  -2.7021717565179624E-067   6.7192605109248891E-051   3.6268756480724333E-068  -1.5398427581075626E-066   1.1622514074454772E-051  -3.1814057168105083E-067  -5.3500280201793048E-051  -8.4631859779137618E-068   4.9203440828323622E-082   3.8881661271651679E-068  -2.9870941438080096E-080  -2.7927921071283606E-069   8.4817305292040992E-081  -9.1926270337878840E-068  -2.4241778292982321E-047  -4.6729548749025766E-047  -6.8631395445232283E-047  -3.6188100897140589E-047  -2.8633436599479285E-064   1.0877884089263842E-063  -3.6006946926223251E-077   4.3671459261140740E-064   6.3435384066638623E-064  -9.9173498520035466E-077   1.7425499120932306E-063   9.7737631078465241E-064  -4.4791697291469546E-078  -2.0953634557815620E-080   8.6746705447951261E-079  -1.4229482844116078E-063   2.0759507607107261E-079  -5.1620900616038765E-063  -2.7863570265131388E-080   1.1829883638438687E-078  -8.9290278739818952E-064   2.4441235469253658E-079   4.1101734971231833E-063   6.5018655185435596E-080  -3.7800676500581518E-094  -2.9870941438080096E-080   2.2948431553971695E-092   2.1455700901747963E-081  -6.5161124202311950E-093   7.0622605826925672E-080  -2.2664919088585679E-036  -4.3689923595637817E-036  -6.4167117028424504E-036  -3.3834167151042032E-036  -2.6770912426965623E-053   1.0170308455034029E-052  -3.3664796734243606E-066   4.0830754191030519E-053   5.9309091513304270E-053  -9.2722542567732019E-066   1.6292019623349321E-052   9.1380074247470859E-053  -4.1878123901721635E-067  -1.9590659815668917E-069   8.1104077284146773E-068  -1.3303895177841447E-052   1.9409160274771273E-068  -4.8263106839861511E-052  -2.6051123723095147E-069   1.1060383122562202E-067  -8.3482198317980236E-053   2.2851402138929239E-068   3.8428183207712062E-052   6.0789375317946446E-069  -3.5341849266375802E-083  -2.7927921071283606E-069   2.1455700901747963E-081   2.0060068162069920E-070  -6.0922577127694368E-082   6.6028804799180868E-069   6.8833528884920466E-048   1.3268662491342542E-047   1.9487601460984289E-047   1.0275461883565043E-047   8.1303461380774939E-065  -3.0887302887425404E-064   1.0224023961235035E-077  -1.2400330603504338E-064  -1.8012215476539659E-064   2.8159905566720120E-077  -4.9478985517414693E-064  -2.7752196933220848E-064   1.2718417568440184E-078   5.9496980466857904E-081  -2.4631368965418643E-079   4.0404029214782763E-064  -5.8945765002900229E-080   1.4657541664954227E-063   7.9117457700582689E-081  -3.3590466313580820E-079   2.5353606103060360E-064  -6.9399879304359463E-080  -1.1670667997906911E-063  -1.8461778775779636E-080   1.0733346070265579E-094   8.4817305292040992E-081  -6.5161124202311950E-093  -6.0922577127694368E-082   1.8502232265081631E-093  -2.0052997430156743E-080  -7.4602813220701955E-035  -1.4380775845229358E-034  -2.1120955375451973E-034  -1.1136700036658755E-034  -8.8117913491360808E-052   3.3476123126772453E-051  -1.1080950843290184E-064   1.3439664693565528E-051   1.9521909869445999E-051  -3.0520128915936713E-064   5.3626068206916553E-051   3.0078248170809365E-051  -1.3784412127228595E-065  -6.4483721710469173E-068   2.6695847911117091E-066  -4.3790494163296688E-051   6.3886306105484767E-067  -1.5886063969397789E-050  -8.5748689845631438E-068   3.6405852278442957E-066  -2.7478619376613507E-051   7.5216632317925807E-067   1.2648845394288823E-050   2.0009153330407508E-067  -1.1632961800518671E-081  -9.1926270337878840E-068   7.0622605826925672E-080   6.6028804799180868E-069  -2.0052997430156743E-080   2.1733740025130899E-067
