   2.5608016558478296E-002   4.9363171191229314E-002   7.2499381659105827E-002   3.8227618863119796E-002  -2.8245036804324183E-018   2.1277181193532474E-018   7.6382868544889211E-032  -8.1601958585809713E-018   6.1417828080018211E-018   1.3847373225683000E-031  -1.9275870169081206E-018   8.0936494517392938E-019   4.7943664654338429E-032  -4.3969898278463987E-035   1.0705442012175016E-033   1.5031439812180729E-018   1.4877785483239578E-033  -1.3979348991322398E-018  -5.8452317851746478E-035   1.4567397377220564E-033   9.4322574163852975E-019   2.0509755272065468E-033  -1.1440015639452242E-017   7.8550738494430750E-034  -3.9373520895677094E-047   9.8769548550648659E-034  -3.3321913750176185E-047  -4.8134448970085413E-034   8.4551315611311447E-048  -1.1015748196592802E-034   4.9363171191229314E-002   9.5154681913381611E-002  0.13975308786309901        7.3689287487924929E-002  -5.4446410712461617E-018   4.1014857020443950E-018   1.4723907286799198E-031  -1.5729962693566350E-017   1.1839178386908959E-017   2.6692823066842539E-031  -3.7157039353023900E-018   1.5601684829266104E-018   9.2418376896255457E-032  -8.4758365062137162E-035   2.0636294322834351E-033   2.8975283384596070E-018   2.8679092349008648E-033  -2.6947225523099712E-018  -1.1267533219727694E-034   2.8080774194295281E-033   1.8182046098787647E-018   3.9535532096881269E-033  -2.2052291677922081E-017   1.5141795705432349E-033  -7.5898180084988489E-047   1.9039264999115674E-033  -6.4232828384545074E-047  -9.2786141374121735E-034   1.6298494096306696E-047  -2.1234454561763164E-034   7.2499381659105827E-002  0.13975308786309901       0.20525448852900252       0.10822699694633610       -7.9965103840665154E-018   6.0238264703446621E-018   2.1624910801691153E-031  -2.3102498103018713E-017   1.7388127457971243E-017   3.9203582759809470E-031  -5.4572311955839891E-018   2.2914097203767510E-018   1.3573429375030094E-031  -1.2448408214368355E-034   3.0308396766993606E-033   4.2555817993188850E-018   4.2120804066513217E-033  -3.9577222060650818E-018  -1.6548555766182904E-034   4.1242057924291229E-033   2.6703857707052519E-018   5.8065589414500551E-033  -3.2388063251083464E-017   2.2238660915840792E-033  -1.1147118372716711E-046   2.7962849759640157E-033  -9.4338354439481214E-047  -1.3627442714526053E-033   2.3937496628392681E-047  -3.1186910979287714E-034   3.8227618863119796E-002   7.3689287487924929E-002  0.10822699694633610        5.7066147259270200E-002  -4.2164159776482796E-018   3.1762552608886352E-018   1.1402426188447130E-031  -1.2181531373891718E-017   9.1684465990640132E-018   2.0671343472383128E-031  -2.8774997719792310E-018   1.2082190971184443E-018   7.1570249695909525E-032  -6.5638215634579021E-035   1.5981072023602880E-033   2.2438916766231398E-018   2.2209541753527183E-033  -2.0868356749710185E-018  -8.7257555593961145E-035   2.1746194731338064E-033   1.4080463463814570E-018   3.0616940040082918E-033  -1.7077642723888380E-017   1.1726045575316227E-033  -5.8776748549106207E-047   1.4744307309605111E-033  -4.9742916079525526E-047  -7.1855052311948995E-034   1.2621811065232422E-047  -1.6444296753316072E-034  -2.8245036804324183E-018  -5.4446410712461617E-018  -7.9965103840665154E-018  -4.2164159776482796E-018   3.1153607787460533E-034  -2.3468227792309377E-034  -8.4248498056987085E-048   9.0005030975272625E-034  -6.7742412248145373E-034  -1.5273325269431608E-047   2.1260829050066263E-034  -8.9271039841618648E-035  -5.2880728564181868E-048   4.8497758204800422E-051  -1.1807849426758170E-049  -1.6579322719020350E-034  -1.6409845627103613E-049   1.5418891418580695E-034   6.4471524581001805E-051  -1.6067494884783861E-049  -1.0403556919969970E-034  -2.2621775145462290E-049   1.2618066769852706E-033  -8.6639607355591342E-050   4.3428062625413716E-063  -1.0894047680689764E-049   3.6753283024281597E-063   5.3091159153667609E-050  -9.3258102041676948E-064   1.2150109811488671E-050   2.1277181193532474E-018   4.1014857020443950E-018   6.0238264703446621E-018   3.1762552608886352E-018  -2.3468227792309377E-034   1.7678777991594438E-034   6.3464975133863119E-048  -6.7801411117198215E-034   5.1030826756440840E-034   1.1505501353629060E-047  -1.6015929281909201E-034   6.7248490529648798E-035   3.9835417850609783E-048  -3.6533696024275896E-051   8.8949344799798176E-050   1.2489318247396987E-034   1.2361649984195669E-049  -1.1615157338591901E-034  -4.8566844498614586E-051   1.2103754806839676E-049   7.8370712411159178E-035   1.7041139369861315E-049  -9.5052767972723805E-034   6.5266214273765893E-050  -3.2714659349409626E-063   8.2065613169083090E-050  -2.7686501801445669E-063  -3.9993936666222181E-050   7.0251972006703802E-064  -9.1527615903401089E-051   7.6382868544889211E-032   1.4723907286799198E-031   2.1624910801691153E-031   1.1402426188447130E-031  -8.4248498056987085E-048   6.3464975133863119E-048   2.2783266301872933E-061  -2.4340001739032693E-047   1.8319536297688983E-047   4.1303553767001110E-061  -5.7495521133042108E-048   2.4141508996171678E-048   1.4300500886079538E-061  -1.3115217074569245E-064   3.1931890080732181E-063   4.4835354139681993E-048   4.4377038346966708E-063  -4.1697207353366348E-048  -1.7434992282273586E-064   4.3451221470606631E-063   2.8134271026889974E-048   6.1175918769677521E-063  -3.4122955549653959E-047   2.3429892427719543E-063  -1.1744222610353796E-076   2.9460701987419188E-063  -9.9391663225130644E-077  -1.4357407492949502E-063   2.5219727622747253E-077  -3.2857462603653824E-064  -8.1601958585809713E-018  -1.5729962693566350E-017  -2.3102498103018713E-017  -1.2181531373891718E-017   9.0005030975272625E-034  -6.7801411117198215E-034  -2.4340001739032693E-047   2.6003105823654990E-033  -1.9571273909367714E-033  -4.4125743745285237E-047   6.1424076154075970E-034  -2.5791050465024289E-034  -1.5277625772543446E-047   1.4011353867051294E-050  -3.4113732851014842E-049  -4.7898865038517111E-034  -4.7409233435922926E-049   4.4546294901109569E-034   1.8626290754266206E-050  -4.6420157327078176E-049  -3.0056630012906666E-034  -6.5355948067835493E-049   3.6454509481427421E-033  -2.5030810546649387E-049   1.2546682067974572E-062  -3.1473693372401078E-049   1.0618289861037871E-062   1.5338420695089890E-049  -2.6942941633664562E-063   3.5102547910234935E-050   6.1417828080018211E-018   1.1839178386908959E-017   1.7388127457971243E-017   9.1684465990640132E-018  -6.7742412248145373E-034   5.1030826756440840E-034   1.8319536297688983E-047  -1.9571273909367714E-033   1.4730346637556320E-033   3.3211302647852686E-047  -4.6230916691024303E-034   1.9411670147576490E-034   1.1498726371649847E-047  -1.0545665053736843E-050   2.5675748667332174E-049   3.6051147658056516E-034   3.5682625748633828E-049  -3.3527831062548896E-034  -1.4019103746278091E-050   3.4938196234148580E-049   2.2622164550820379E-034   4.9190245577450417E-049  -2.7437537466913808E-033   1.8839474511399243E-049  -9.4432777788683182E-063   2.3688719267156018E-049  -7.9918706914766552E-063  -1.1544483754999524E-049   2.0278642644174654E-063  -2.6419981702452897E-050   1.3847373225683000E-031   2.6692823066842539E-031   3.9203582759809470E-031   2.0671343472383128E-031  -1.5273325269431608E-047   1.1505501353629060E-047   4.1303553767001110E-061  -4.4125743745285237E-047   3.3211302647852686E-047   7.4878796182236120E-061  -1.0423305056506019E-047   4.3765898253050197E-048   2.5925233871961416E-061  -2.3776444800666277E-064   5.7889001574944014E-063   8.1281561468587857E-048   8.0450685388930861E-063  -7.5592446799956051E-048  -3.1607721720697144E-064   7.8772281308301214E-063   5.1004336281624548E-048   1.1090520633300722E-062  -6.1861162072194160E-047   4.2475815750958063E-063  -2.1290982759504575E-076   5.3409009596263790E-063  -1.8018614414709160E-076  -2.6028399285796653E-063   4.5720589930059007E-077  -5.9566962669688808E-064  -1.9275870169081206E-018  -3.7157039353023900E-018  -5.4572311955839891E-018  -2.8774997719792310E-018   2.1260829050066263E-034  -1.6015929281909201E-034  -5.7495521133042108E-048   6.1424076154075970E-034  -4.6230916691024303E-034  -1.0423305056506019E-047   1.4509486508913512E-034  -6.0923162740665062E-035  -3.6088537087462392E-048   3.3097372013482616E-051  -8.0582855707734434E-050  -1.1314585087536804E-034  -1.1198925177335509E-049   1.0522646905888255E-034   4.3998694214335734E-051  -1.0965287370206370E-049  -7.0999239220423362E-035  -1.5438266330434425E-049   8.6112196817262458E-034  -5.9127337466626138E-050   2.9637550223834171E-063  -7.4346601197066689E-050   2.5082336297578750E-063   3.6232145777039648E-050  -6.3644139663329536E-064   8.2918617132224719E-051   8.0936494517392938E-019   1.5601684829266104E-018   2.2914097203767510E-018   1.2082190971184443E-018  -8.9271039841618648E-035   6.7248490529648798E-035   2.4141508996171678E-048  -2.5791050465024289E-034   1.9411670147576490E-034   4.3765898253050197E-048  -6.0923162740665062E-035   2.5580724418093077E-035   1.5153036716367117E-048  -1.3897091259756269E-051   3.3835535319419480E-050   4.7508249737689990E-035   4.7022611081391881E-050  -4.4183019813703260E-035  -1.8474393331218285E-051   4.6041600889380166E-050   2.9811518159736454E-035   6.4822970234335044E-050  -3.6157222913652962E-034   2.4826684257148297E-050  -1.2444363860926806E-063   3.1217025365864497E-050  -1.0531697694709848E-063  -1.5213335856248562E-050   2.6723221912895846E-064  -3.4816286590666535E-051   4.7943664654338429E-032   9.2418376896255457E-032   1.3573429375030094E-031   7.1570249695909525E-032  -5.2880728564181868E-048   3.9835417850609783E-048   1.4300500886079538E-061  -1.5277625772543446E-047   1.1498726371649847E-047   2.5925233871961416E-061  -3.6088537087462392E-048   1.5153036716367117E-048   8.9760758129728780E-062  -8.2321020573149694E-065   2.0042869022523168E-063   2.8142058873687659E-048   2.7854385222640956E-063  -2.6172320632307172E-048  -1.0943519655078905E-064   2.7273272537334449E-063   1.7659196114306376E-048   3.8398632969522253E-063  -2.1418147407308511E-047   1.4706372342924664E-063  -7.3715622518915717E-077   1.8491764494759008E-063  -6.2385724205973734E-077  -9.0117947029329534E-064   1.5829808265293968E-077  -2.0623828333132802E-064  -4.3969898278463987E-035  -8.4758365062137162E-035  -1.2448408214368355E-034  -6.5638215634579021E-035   4.8497758204800422E-051  -3.6533696024275896E-051  -1.3115217074569245E-064   1.4011353867051294E-050  -1.0545665053736843E-050  -2.3776444800666277E-064   3.3097372013482616E-051  -1.3897091259756269E-051  -8.2321020573149694E-065   7.5497918794432230E-068  -1.8381634330265434E-066  -2.5809530309039874E-051  -2.5545700222935401E-066   2.4003052003029458E-051   1.0036476133216242E-067  -2.5012752525977485E-066  -1.6195529950070989E-051  -3.5215997731395463E-066   1.9642924035997382E-050  -1.3487448250477017E-066   6.7605771212090083E-080  -1.6959091669065598E-066   5.7214941059303248E-080   8.2648604200619040E-067  -1.4517769223750400E-080   1.8914441364846604E-067   1.0705442012175016E-033   2.0636294322834351E-033   3.0308396766993606E-033   1.5981072023602880E-033  -1.1807849426758170E-049   8.8949344799798176E-050   3.1931890080732181E-063  -3.4113732851014842E-049   2.5675748667332174E-049   5.7889001574944014E-063  -8.0582855707734434E-050   3.3835535319419480E-050   2.0042869022523168E-063  -1.8381634330265434E-066   4.4754145021082462E-065   6.2838996882608214E-050   6.2196644319049542E-065  -5.8440726814123938E-050  -2.4436015878469852E-066   6.0899065546141699E-065   3.9431591503555659E-050   8.5741117531534814E-065  -4.7825033136345660E-049   3.2838169018101502E-065  -1.6460116846662951E-078   4.1290651002316683E-065  -1.3930239953281497E-078  -2.0122626485362891E-065   3.5346712786716117E-079  -4.6051381320394389E-066   1.5031439812180729E-018   2.8975283384596070E-018   4.2555817993188850E-018   2.2438916766231398E-018  -1.6579322719020350E-034   1.2489318247396987E-034   4.4835354139681993E-048  -4.7898865038517111E-034   3.6051147658056516E-034   8.1281561468587857E-048  -1.1314585087536804E-034   4.7508249737689990E-035   2.8142058873687659E-048  -2.5809530309039874E-051   6.2838996882608214E-050   8.8231816904385081E-035   8.7329893949092702E-050  -8.2056235201457770E-035  -3.4310447108020566E-051   8.5507972238214651E-050   5.5365634946237292E-035   1.2038853193904998E-049  -6.7150810427721386E-034   4.6107854358227043E-050  -2.3111540411007115E-063   5.7975928003834431E-050  -1.9559357118449722E-063  -2.8254045795935625E-050   4.9630083952415532E-064  -6.4660437728591715E-051   1.4877785483239578E-033   2.8679092349008648E-033   4.2120804066513217E-033   2.2209541753527183E-033  -1.6409845627103613E-049   1.2361649984195669E-049   4.4377038346966708E-063  -4.7409233435922926E-049   3.5682625748633828E-049   8.0450685388930861E-063  -1.1198925177335509E-049   4.7022611081391881E-050   2.7854385222640956E-063  -2.5545700222935401E-066   6.2196644319049542E-065   8.7329893949092702E-050   8.6437190627327340E-065  -8.1217440254808678E-050  -3.3959718981378860E-066   8.4633892957882875E-065   5.4799676555666417E-050   1.1915789672922030E-064  -6.6464381659549440E-049   4.5636530818442874E-065  -2.2875289707347186E-078   5.7383286685139809E-065  -1.9359417529820273E-078  -2.7965227392582874E-065   4.9122755490186538E-079  -6.3999466039094828E-066  -1.3979348991322398E-018  -2.6947225523099712E-018  -3.9577222060650818E-018  -2.0868356749710185E-018   1.5418891418580695E-034  -1.1615157338591901E-034  -4.1697207353366348E-048   4.4546294901109569E-034  -3.3527831062548896E-034  -7.5592446799956051E-048   1.0522646905888255E-034  -4.4183019813703260E-035  -2.6172320632307172E-048   2.4003052003029458E-051  -5.8440726814123938E-050  -8.2056235201457770E-035  -8.1217440254808678E-050   7.6312899038830955E-035   3.1908966816515697E-051  -7.9523039735000042E-050  -5.1490445540181406E-035  -1.1196221543362474E-049   6.2450744955154131E-034  -4.2880641865884579E-050   2.1493901660086332E-063  -5.3918037179952773E-050   1.8190345211184825E-063   2.6276469289264157E-050  -4.6156341156169758E-064   6.0134680126062778E-051  -5.8452317851746478E-035  -1.1267533219727694E-034  -1.6548555766182904E-034  -8.7257555593961145E-035   6.4471524581001805E-051  -4.8566844498614586E-051  -1.7434992282273586E-064   1.8626290754266206E-050  -1.4019103746278091E-050  -3.1607721720697144E-064   4.3998694214335734E-051  -1.8474393331218285E-051  -1.0943519655078905E-064   1.0036476133216242E-067  -2.4436015878469852E-066  -3.4310447108020566E-051  -3.3959718981378860E-066   3.1908966816515697E-051   1.3342202643610869E-067  -3.3251233644804899E-066  -2.1529871604972460E-051  -4.6815134295412324E-066   2.6112738128670952E-050  -1.7929825699233001E-066   8.9873167376351450E-080  -2.2544928588171330E-066   7.6059896693128365E-080   1.0987067680126859E-066  -1.9299504760978617E-080   2.5144314222526721E-067   1.4567397377220564E-033   2.8080774194295281E-033   4.1242057924291229E-033   2.1746194731338064E-033  -1.6067494884783861E-049   1.2103754806839676E-049   4.3451221470606631E-063  -4.6420157327078176E-049   3.4938196234148580E-049   7.8772281308301214E-063  -1.0965287370206370E-049   4.6041600889380166E-050   2.7273272537334449E-063  -2.5012752525977485E-066   6.0899065546141699E-065   8.5507972238214651E-050   8.4633892957882875E-065  -7.9523039735000042E-050  -3.3251233644804899E-066   8.2868216623202096E-065   5.3656417175046270E-050   1.1667196265491488E-064  -6.5077767128490853E-049   4.4684437754460179E-065  -2.2398053504761901E-078   5.6186126684989813E-065  -1.8955531282940217E-078  -2.7381802260223402E-065   4.8097930992198534E-079  -6.2664275860927436E-066   9.4322574163852975E-019   1.8182046098787647E-018   2.6703857707052519E-018   1.4080463463814570E-018  -1.0403556919969970E-034   7.8370712411159178E-035   2.8134271026889974E-048  -3.0056630012906666E-034   2.2622164550820379E-034   5.1004336281624548E-048  -7.0999239220423362E-035   2.9811518159736454E-035   1.7659196114306376E-048  -1.6195529950070989E-051   3.9431591503555659E-050   5.5365634946237292E-035   5.4799676555666417E-050  -5.1490445540181406E-035  -2.1529871604972460E-051   5.3656417175046270E-050   3.4742042502897446E-035   7.5544035529428185E-050  -4.2137262802988153E-034   2.8932767363481571E-050  -1.4502536095654583E-063   3.6380006421131554E-050  -1.2273534241924407E-063  -1.7729468123582265E-050   3.1142973213826946E-064  -4.0574549140528856E-051   2.0509755272065468E-033   3.9535532096881269E-033   5.8065589414500551E-033   3.0616940040082918E-033  -2.2621775145462290E-049   1.7041139369861315E-049   6.1175918769677521E-063  -6.5355948067835493E-049   4.9190245577450417E-049   1.1090520633300722E-062  -1.5438266330434425E-049   6.4822970234335044E-050   3.8398632969522253E-063  -3.5215997731395463E-066   8.5741117531534814E-065   1.2038853193904998E-049   1.1915789672922030E-064  -1.1196221543362474E-049  -4.6815134295412324E-066   1.1667196265491488E-064   7.5544035529428185E-050   1.6426499114424719E-064  -9.1624402279638940E-049   6.2912190769706405E-065  -3.1534706170069723E-078   7.9105668511273725E-065  -2.6687904338562251E-078  -3.8551434324394211E-065   6.7718122063812556E-079  -8.8226395486304847E-066  -1.1440015639452242E-017  -2.2052291677922081E-017  -3.2388063251083464E-017  -1.7077642723888380E-017   1.2618066769852706E-033  -9.5052767972723805E-034  -3.4122955549653959E-047   3.6454509481427421E-033  -2.7437537466913808E-033  -6.1861162072194160E-047   8.6112196817262458E-034  -3.6157222913652962E-034  -2.1418147407308511E-047   1.9642924035997382E-050  -4.7825033136345660E-049  -6.7150810427721386E-034  -6.6464381659549440E-049   6.2450744955154131E-034   2.6112738128670952E-050  -6.5077767128490853E-049  -4.2137262802988153E-034  -9.1624402279638940E-049   5.1106635897414787E-033  -3.5091420486031187E-049   1.7589558090070672E-062  -4.4123885094371470E-049   1.4886089032626998E-062   2.1503377575405427E-049  -3.7772092607048187E-063   4.9211281694351573E-050   7.8550738494430750E-034   1.5141795705432349E-033   2.2238660915840792E-033   1.1726045575316227E-033  -8.6639607355591342E-050   6.5266214273765893E-050   2.3429892427719543E-063  -2.5030810546649387E-049   1.8839474511399243E-049   4.2475815750958063E-063  -5.9127337466626138E-050   2.4826684257148297E-050   1.4706372342924664E-063  -1.3487448250477017E-066   3.2838169018101502E-065   4.6107854358227043E-050   4.5636530818442874E-065  -4.2880641865884579E-050  -1.7929825699233001E-066   4.4684437754460179E-065   2.8932767363481571E-050   6.2912190769706405E-065  -3.5091420486031187E-049   2.4094870853938159E-065  -1.2077542735176678E-078   3.0296844590434819E-065  -1.0221256016243387E-078  -1.4764894051784300E-065   2.5935504480706518E-079  -3.3790010793498050E-066  -3.9373520895677094E-047  -7.5898180084988489E-047  -1.1147118372716711E-046  -5.8776748549106207E-047   4.3428062625413716E-063  -3.2714659349409626E-063  -1.1744222610353796E-076   1.2546682067974572E-062  -9.4432777788683182E-063  -2.1290982759504575E-076   2.9637550223834171E-063  -1.2444363860926806E-063  -7.3715622518915717E-077   6.7605771212090083E-080  -1.6460116846662951E-078  -2.3111540411007115E-063  -2.2875289707347186E-078   2.1493901660086332E-063   8.9873167376351450E-080  -2.2398053504761901E-078  -1.4502536095654583E-063  -3.1534706170069723E-078   1.7589558090070672E-062  -1.2077542735176678E-078   6.0538626417322284E-092  -1.5186279167052554E-078   5.1233997929142031E-092   7.4008962310596867E-079  -1.3000159478875251E-092   1.6937227090962073E-079   9.8769548550648659E-034   1.9039264999115674E-033   2.7962849759640157E-033   1.4744307309605111E-033  -1.0894047680689764E-049   8.2065613169083090E-050   2.9460701987419188E-063  -3.1473693372401078E-049   2.3688719267156018E-049   5.3409009596263790E-063  -7.4346601197066689E-050   3.1217025365864497E-050   1.8491764494759008E-063  -1.6959091669065598E-066   4.1290651002316683E-065   5.7975928003834431E-050   5.7383286685139809E-065  -5.3918037179952773E-050  -2.2544928588171330E-066   5.6186126684989813E-065   3.6380006421131554E-050   7.9105668511273725E-065  -4.4123885094371470E-049   3.0296844590434819E-065  -1.5186279167052554E-078   3.8095194520909192E-065  -1.2852187792181457E-078  -1.8565349579702401E-065   3.2611253797115206E-079  -4.2487495032678415E-066  -3.3321913750176185E-047  -6.4232828384545074E-047  -9.4338354439481214E-047  -4.9742916079525526E-047   3.6753283024281597E-063  -2.7686501801445669E-063  -9.9391663225130644E-077   1.0618289861037871E-062  -7.9918706914766552E-063  -1.8018614414709160E-076   2.5082336297578750E-063  -1.0531697694709848E-063  -6.2385724205973734E-077   5.7214941059303248E-080  -1.3930239953281497E-078  -1.9559357118449722E-063  -1.9359417529820273E-078   1.8190345211184825E-063   7.6059896693128365E-080  -1.8955531282940217E-078  -1.2273534241924407E-063  -2.6687904338562251E-078   1.4886089032626998E-062  -1.0221256016243387E-078   5.1233997929142031E-092  -1.2852187792181457E-078   4.3359466495134169E-092   6.2633978439162385E-079  -1.1002068980353175E-092   1.4334019601334418E-079  -4.8134448970085413E-034  -9.2786141374121735E-034  -1.3627442714526053E-033  -7.1855052311948995E-034   5.3091159153667609E-050  -3.9993936666222181E-050  -1.4357407492949502E-063   1.5338420695089890E-049  -1.1544483754999524E-049  -2.6028399285796653E-063   3.6232145777039648E-050  -1.5213335856248562E-050  -9.0117947029329534E-064   8.2648604200619040E-067  -2.0122626485362891E-065  -2.8254045795935625E-050  -2.7965227392582874E-065   2.6276469289264157E-050   1.0987067680126859E-066  -2.7381802260223402E-065  -1.7729468123582265E-050  -3.8551434324394211E-065   2.1503377575405427E-049  -1.4764894051784300E-065   7.4008962310596867E-079  -1.8565349579702401E-065   6.2633978439162385E-079   9.0476557306296704E-066  -1.5892800511716391E-079   2.0705897632694866E-066   8.4551315611311447E-048   1.6298494096306696E-047   2.3937496628392681E-047   1.2621811065232422E-047  -9.3258102041676948E-064   7.0251972006703802E-064   2.5219727622747253E-077  -2.6942941633664562E-063   2.0278642644174654E-063   4.5720589930059007E-077  -6.3644139663329536E-064   2.6723221912895846E-064   1.5829808265293968E-077  -1.4517769223750400E-080   3.5346712786716117E-079   4.9630083952415532E-064   4.9122755490186538E-079  -4.6156341156169758E-064  -1.9299504760978617E-080   4.8097930992198534E-079   3.1142973213826946E-064   6.7718122063812556E-079  -3.7772092607048187E-063   2.5935504480706518E-079  -1.3000159478875251E-092   3.2611253797115206E-079  -1.1002068980353175E-092  -1.5892800511716391E-079   2.7916746130175141E-093  -3.6371266799907102E-080  -1.1015748196592802E-034  -2.1234454561763164E-034  -3.1186910979287714E-034  -1.6444296753316072E-034   1.2150109811488671E-050  -9.1527615903401089E-051  -3.2857462603653824E-064   3.5102547910234935E-050  -2.6419981702452897E-050  -5.9566962669688808E-064   8.2918617132224719E-051  -3.4816286590666535E-051  -2.0623828333132802E-064   1.8914441364846604E-067  -4.6051381320394389E-066  -6.4660437728591715E-051  -6.3999466039094828E-066   6.0134680126062778E-051   2.5144314222526721E-067  -6.2664275860927436E-066  -4.0574549140528856E-051  -8.8226395486304847E-066   4.9211281694351573E-050  -3.3790010793498050E-066   1.6937227090962073E-079  -4.2487495032678415E-066   1.4334019601334418E-079   2.0705897632694866E-066  -3.6371266799907102E-080   4.7386219098082449E-067
