   2.5608016558478271E-002   4.9363171191229252E-002   7.2499381659105633E-002   3.8227618863119983E-002   1.1796007531815614E-018  -2.2413018620721947E-018   1.3834399808151367E-032   7.6124253484517323E-019  -1.7906354613192347E-018   2.6420002880114861E-032   1.7322576385724802E-018  -1.9001595024427531E-018   8.0675689796245694E-033  -6.7426599123655147E-035   2.4028850084738950E-034   1.5031439812180614E-018  -2.4021815727815978E-034   3.1132234956029277E-018  -9.1065292825366019E-035   2.9955176118737612E-034   9.4322574163851069E-019  -4.4110120381617776E-034  -1.3395420294771680E-018  -1.9886804401310687E-034  -2.7312131753009748E-048  -1.2471840147590541E-034  -6.3683735713377632E-048   2.3062891155219803E-035   1.6031519037439897E-048  -1.6054143989442551E-034   4.9363171191229252E-002   9.5154681913381473E-002  0.13975308786309862        7.3689287487925290E-002   2.2738517754248348E-018  -4.3204348628890910E-018   2.6667814920308153E-032   1.4674055477821270E-018  -3.4517099212403711E-018   5.0928392758012922E-032   3.3391781891775378E-018  -3.6628334176341409E-018   1.5551410931371382E-032  -1.2997456276173087E-034   4.6319098457027772E-034   2.8975283384595839E-018  -4.6305538712397958E-034   6.0011904482748689E-018  -1.7554157812467028E-034   5.7742952619386162E-034   1.8182046098787274E-018  -8.5028663531640568E-034  -2.5821618151459622E-018  -3.8334703816933402E-034  -5.2648100732146068E-048  -2.4041283278197870E-034  -1.2275964992984475E-047   4.4457072325770700E-035   3.0903081341479052E-048  -3.0946694222482544E-034   7.2499381659105633E-002  0.13975308786309862       0.20525448852900166       0.10822699694633649        3.3395919209511961E-018  -6.3453957373296924E-018   3.9166853450965793E-032   2.1551693760762243E-018  -5.0695048336155214E-018   7.4798212812228056E-032   4.9042301805755402E-018  -5.3795805960287812E-018   2.2840260243478999E-032  -1.9089282969957121E-034   6.8028571019732390E-034   4.2555817993188457E-018  -6.8008655907364346E-034   8.8139109830075815E-018  -2.5781682096962657E-034   8.4806714379410637E-034   2.6703857707051937E-018  -1.2488106782003881E-033  -3.7924049534138992E-018  -5.6301940409096706E-034  -7.7323937188319974E-048  -3.5309282809416231E-034  -1.8029633222152773E-047   6.5293824853885980E-035   4.5387162829124629E-048  -4.5451216795448557E-034   3.8227618863119983E-002   7.3689287487925290E-002  0.10822699694633649        5.7066147259270839E-002   1.7609067028014145E-018  -3.3458129466934556E-018   2.0651976769006646E-032   1.1363820160769954E-018  -2.6730586409057840E-018   3.9439751148129523E-032   2.5859122915223578E-018  -2.8365560086483228E-018   1.2043258071188331E-032  -1.0065435277462338E-034   3.5870240893542826E-034   2.2438916766231359E-018  -3.5859740013289779E-034   4.6474165991671375E-018  -1.3594216865007268E-034   4.4717053858105700E-034   1.4080463463814370E-018  -6.5847539035449115E-034  -1.9996668635794716E-018  -2.9686999667571971E-034  -4.0771520145229748E-048  -1.8617949211142684E-034  -9.5067010405562190E-048   3.4428258469376517E-035   2.3931833930230884E-048  -2.3965608433616523E-034   1.1796007531815614E-018   2.2738517754248348E-018   3.3395919209511961E-018   1.7609067028014145E-018   5.4336810261309551E-035  -1.0324272317499254E-034   6.3726405347497736E-049   3.5065670369535558E-035  -8.2483347900931667E-035   1.2170038716303634E-048   7.9794247652815315E-035  -8.7528433728089064E-035   3.7162231690133101E-049  -3.1059206373561165E-051   1.1068584555667451E-050   6.9240418067369495E-035  -1.1065344268507553E-050   1.4340668563102386E-034  -4.1948070347500801E-051   1.3798471361754290E-050   4.3448495619183592E-035  -2.0318766627733560E-050  -6.1704301982204043E-035  -9.1606038275517549E-051  -1.2580986548986682E-064  -5.7449947355595083E-051  -2.9335103888803392E-064   1.0623627845255610E-051   7.3847155979550790E-065  -7.3951374946927983E-051  -2.2413018620721947E-018  -4.3204348628890910E-018  -6.3453957373296924E-018  -3.3458129466934556E-018  -1.0324272317499254E-034   1.9616646316425218E-034  -1.2108343486834827E-048  -6.6626570118807833E-035   1.5672258663932205E-034  -2.3123697032892340E-048  -1.5161315840511146E-034   1.6630850817101293E-034  -7.0610144034922943E-049   5.9014083275032071E-051  -2.1030877700111641E-050  -1.3156034151935320E-034   2.1024720988507704E-050  -2.7248004943325411E-034   7.9703482662763185E-051  -2.6217802483964338E-050  -8.2554367545849728E-035   3.8606697524497183E-050   1.1724133488179660E-034   1.7405616570708679E-050   2.3904518967875695E-064   1.0915784314036122E-050   5.5738200228104143E-064  -2.0185437155166449E-051  -1.4031337955599586E-064   1.4051140093315735E-050   1.3834399808151367E-032   2.6667814920308153E-032   3.9166853450965793E-032   2.0651976769006646E-032   6.3726405347497736E-049  -1.2108343486834827E-048   7.4738556035654098E-063   4.1125143581383800E-049  -9.6736765324928110E-049   1.4273064918610759E-062   9.3582978939466685E-049  -1.0265366002095844E-048   4.3583998194118000E-063  -3.6426348282399932E-065   1.2981275540934144E-064   8.1205409868036881E-049  -1.2977475320567861E-064   1.6818787363694535E-048  -4.9196846882519983E-065   1.6182896547409529E-064   5.0956551005692823E-049  -2.3829922147678016E-064  -7.2367025979113377E-049  -1.0743588921303993E-064  -1.4755026006063162E-078  -6.7377503662225895E-065  -3.4404314724008754E-078   1.2459428720087824E-065   8.6608208562136664E-079  -8.6730436939695772E-065   7.6124253484517323E-019   1.4674055477821270E-018   2.1551693760762243E-018   1.1363820160769954E-018   3.5065670369535558E-035  -6.6626570118807833E-035   4.1125143581383800E-049   2.2629249537315219E-035  -5.3229732745819179E-035   7.8538023111425824E-049   5.1494351106050258E-035  -5.6485524091508174E-035   2.3982242615562570E-049  -2.0043721510281113E-051   7.1429908310744649E-051   4.4683551804439273E-035  -7.1408997469474221E-051   9.2545947083421983E-035  -2.7070731615818290E-051   8.9046936330614719E-051   2.8039014769318245E-035  -1.3112495368373749E-050  -3.9820201135930643E-035  -5.9116961900791181E-051  -8.1190030318076227E-065  -3.7074699582667718E-051  -1.8931090696601174E-064   6.8558428505253674E-052   4.7656460083937883E-065  -4.7723716662649941E-051  -1.7906354613192347E-018  -3.4517099212403711E-018  -5.0695048336155214E-018  -2.6730586409057840E-018  -8.2483347900931667E-035   1.5672258663932205E-034  -9.6736765324928110E-049  -5.3229732745819179E-035   1.2520982825873666E-034  -1.8474134432573660E-048  -1.2112777062158090E-034   1.3286827503671751E-034  -5.6412315528482435E-049   4.7147915244142585E-051  -1.6802125599302601E-050  -1.0510704372949604E-034   1.6797206839224060E-050  -2.1769153333326714E-034   6.3677224769105833E-051  -2.0946097283944463E-050  -6.5954872262368506E-035   3.0843913888455695E-050   9.3667209814233610E-035   1.3905808398704987E-050   1.9097953771421851E-064   8.7209094016251398E-051   4.4530725453589191E-064  -1.6126680740297191E-051  -1.1210007780844760E-064   1.1225828233504215E-050   2.6420002880114861E-032   5.0928392758012922E-032   7.4798212812228056E-032   3.9439751148129523E-032   1.2170038716303634E-048  -2.3123697032892340E-048   1.4273064918610759E-062   7.8538023111425824E-049  -1.8474134432573660E-048   2.7257735896542097E-062   1.7871845597910496E-048  -1.9604103040379467E-048   8.3233777668984906E-063  -6.9564581035602765E-065   2.4790763743647632E-064   1.5508061009848241E-048  -2.4783506339321128E-064   3.2119384776420306E-048  -9.3952817205911865E-065   3.0905003420476724E-064   9.7313381353767654E-049  -4.5508776709171530E-064  -1.3820166117123417E-048  -2.0517380889655717E-064  -2.8178152647190946E-078  -1.2867300826177487E-064  -6.5703037840580534E-078   2.3794175911798574E-065   1.6539851033544767E-078  -1.6563193384003950E-064   1.7322576385724802E-018   3.3391781891775378E-018   4.9042301805755402E-018   2.5859122915223578E-018   7.9794247652815315E-035  -1.5161315840511146E-034   9.3582978939466685E-049   5.1494351106050258E-035  -1.2112777062158090E-034   1.7871845597910496E-048   1.1717879514566433E-034  -1.2853653874738594E-034   5.4573176168297147E-049  -4.5610811406729604E-051   1.6254347153497588E-050   1.0168037174582199E-034  -1.6249588753531531E-050   2.1059441165723606E-034  -6.1601236763240358E-051   2.0263218171532878E-050   6.3804628996561233E-035  -2.9838348782272745E-050  -9.0613496264022880E-035  -1.3452454918677371E-050  -1.8475327344001283E-064  -8.4365926245724300E-051  -4.3078946544107093E-064   1.5600922968775695E-051   1.0844542078106046E-064  -1.0859846756560715E-050  -1.9001595024427531E-018  -3.6628334176341409E-018  -5.3795805960287812E-018  -2.8365560086483228E-018  -8.7528433728089064E-035   1.6630850817101293E-034  -1.0265366002095844E-048  -5.6485524091508174E-035   1.3286827503671751E-034  -1.9604103040379467E-048  -1.2853653874738594E-034   1.4099514995541881E-034  -5.9862769235716878E-049   5.0031712823066452E-051  -1.7829825951972242E-050  -1.1153590567737661E-034   1.7824606336419339E-050  -2.3100661446735168E-034   6.7572035932459486E-051  -2.2227263255388917E-050  -6.9988995509675413E-035   3.2730478834868996E-050   9.9396355450644301E-035   1.4756355795880659E-050   2.0266078227471232E-064   9.2543229637771886E-051   4.7254442877483941E-064  -1.7113067574882099E-051  -1.1895666799503789E-064   1.1912454908587511E-050   8.0675689796245694E-033   1.5551410931371382E-032   2.2840260243478999E-032   1.2043258071188331E-032   3.7162231690133101E-049  -7.0610144034922943E-049   4.3583998194118000E-063   2.3982242615562570E-049  -5.6412315528482435E-049   8.3233777668984906E-063   5.4573176168297147E-049  -5.9862769235716878E-049   2.5416130566915046E-063  -2.1242126981969831E-065   7.5700671747460309E-065   4.7355162111410419E-049  -7.5678510656001398E-065   9.8079229378852950E-049  -2.8689278993578099E-065   9.4371014280958815E-065   2.9715455379565004E-049  -1.3896485815900759E-064  -4.2201033802188103E-049  -6.2651539577655337E-065  -8.6044347243695426E-079  -3.9291379894170467E-065  -2.0062972451404303E-078   7.2657507401801543E-066   5.0505819295829321E-079  -5.0577097116399800E-065  -6.7426599123655147E-035  -1.2997456276173087E-034  -1.9089282969957121E-034  -1.0065435277462338E-034  -3.1059206373561165E-051   5.9014083275032071E-051  -3.6426348282399932E-065  -2.0043721510281113E-051   4.7147915244142585E-051  -6.9564581035602765E-065  -4.5610811406729604E-051   5.0031712823066452E-051  -2.1242126981969831E-065   1.7753605629706194E-067  -6.3268611154099387E-067  -3.9578186938171822E-051   6.3250089502363700E-067  -8.1972015341760192E-051   2.3977737515876941E-067  -7.8872787637584694E-067  -2.4835388488342751E-051   1.1614313812534689E-066   3.5270503369360392E-051   5.2362493016811680E-067   7.1913580449202660E-081   3.2838691901246838E-067   1.6768099586459653E-080  -6.0725215207682793E-068  -4.2211422544665059E-081   4.2270994654257812E-067   2.4028850084738950E-034   4.6319098457027772E-034   6.8028571019732390E-034   3.5870240893542826E-034   1.1068584555667451E-050  -2.1030877700111641E-050   1.2981275540934144E-064   7.1429908310744649E-051  -1.6802125599302601E-050   2.4790763743647632E-064   1.6254347153497588E-050  -1.7829825951972242E-050   7.5700671747460309E-065  -6.3268611154099387E-067   2.2547065879793764E-066   1.4104497823166349E-050  -2.2540465309712178E-066   2.9212407171520139E-050  -8.5449580377559893E-067   2.8107933879822171E-066   8.8505995339942522E-051  -4.1389986899190995E-066  -1.2569366524350042E-050  -1.8660447228796130E-066  -2.5627877812755850E-080  -1.1702740682900044E-066  -5.9756558451078276E-080   2.1640674623273511E-067   1.5042905283257636E-080  -1.5064135025069334E-066   1.5031439812180614E-018   2.8975283384595839E-018   4.2555817993188457E-018   2.2438916766231359E-018   6.9240418067369495E-035  -1.3156034151935320E-034   8.1205409868036881E-049   4.4683551804439273E-035  -1.0510704372949604E-034   1.5508061009848241E-048   1.0168037174582199E-034  -1.1153590567737661E-034   4.7355162111410419E-049  -3.9578186938171822E-051   1.4104497823166349E-050   8.8231816904383809E-035  -1.4100368783634389E-050   1.8274055504907392E-034  -5.3453670062935725E-051   1.7583143382613905E-050   5.5365634946235795E-035  -2.5891838132415257E-050  -7.8628679991641007E-035  -1.1673192366627926E-050  -1.6031724427005329E-064  -7.3207432562198092E-051  -3.7381194213322433E-064   1.3537497506021588E-051   9.4102100004040809E-065  -9.4234904355953321E-051  -2.4021815727815978E-034  -4.6305538712397958E-034  -6.8008655907364346E-034  -3.5859740013289779E-034  -1.1065344268507553E-050   2.1024720988507704E-050  -1.2977475320567861E-064  -7.1408997469474221E-051   1.6797206839224060E-050  -2.4783506339321128E-064  -1.6249588753531531E-050   1.7824606336419339E-050  -7.5678510656001398E-065   6.3250089502363700E-067  -2.2540465309712178E-066  -1.4100368783634389E-050   2.2533866671923052E-066  -2.9203855347446203E-050   8.5424565329183700E-067  -2.8099705386216326E-066  -8.8480085537398970E-051   4.1377870133725343E-066   1.2565686888823741E-050   1.8654984451938862E-066   2.5620375346384071E-080   1.1699314748881137E-066   5.9739064939772036E-080  -2.1634339395877392E-067  -1.5038501528415114E-080   1.5059725055298474E-066   3.1132234956029277E-018   6.0011904482748689E-018   8.8139109830075815E-018   4.6474165991671375E-018   1.4340668563102386E-034  -2.7248004943325411E-034   1.6818787363694535E-048   9.2545947083421983E-035  -2.1769153333326714E-034   3.2119384776420306E-048   2.1059441165723606E-034  -2.3100661446735168E-034   9.8079229378852950E-049  -8.1972015341760192E-051   2.9212407171520139E-050   1.8274055504907392E-034  -2.9203855347446203E-050   3.7848150056608912E-034  -1.1071010072587101E-050   3.6417173463948809E-050   1.1467005005330273E-034  -5.3625653846455659E-050  -1.6285110211455456E-034  -2.4176830163022671E-050  -3.3203965677818769E-064  -1.5162293296794888E-050  -7.7421733095925492E-064   2.8038069429157647E-051   1.9489874049241615E-064  -1.9517379706308301E-050  -9.1065292825366019E-035  -1.7554157812467028E-034  -2.5781682096962657E-034  -1.3594216865007268E-034  -4.1948070347500801E-051   7.9703482662763185E-051  -4.9196846882519983E-065  -2.7070731615818290E-051   6.3677224769105833E-051  -9.3952817205911865E-065  -6.1601236763240358E-051   6.7572035932459486E-051  -2.8689278993578099E-065   2.3977737515876941E-067  -8.5449580377559893E-067  -5.3453670062935725E-051   8.5424565329183700E-067  -1.1071010072587101E-050   3.2383951089816288E-067  -1.0652433306027013E-066  -3.3542280858255675E-051   1.5686107590336815E-066   4.7635781118642113E-051   7.0719950607285613E-067   9.7125338469423742E-081   4.4351415210853781E-067   2.2646728721486641E-080  -8.2014510247350415E-068  -5.7010076209769843E-081   5.7090533353905794E-067   2.9955176118737612E-034   5.7742952619386162E-034   8.4806714379410637E-034   4.4717053858105700E-034   1.3798471361754290E-050  -2.6217802483964338E-050   1.6182896547409529E-064   8.9046936330614719E-051  -2.0946097283944463E-050   3.0905003420476724E-064   2.0263218171532878E-050  -2.2227263255388917E-050   9.4371014280958815E-065  -7.8872787637584694E-067   2.8107933879822171E-066   1.7583143382613905E-050  -2.8099705386216326E-066   3.6417173463948809E-050  -1.0652433306027013E-066   3.5040299753613956E-066   1.1033456318644103E-050  -5.1598155664758616E-066  -1.5669396854616935E-050  -2.3262743794302963E-066  -3.1948578093554232E-080  -1.4589031809342820E-066  -7.4494544114225139E-080   2.6977995924997105E-067   1.8752993818196127E-080  -1.8779459531398465E-066   9.4322574163851069E-019   1.8182046098787274E-018   2.6703857707051937E-018   1.4080463463814370E-018   4.3448495619183592E-035  -8.2554367545849728E-035   5.0956551005692823E-049   2.8039014769318245E-035  -6.5954872262368506E-035   9.7313381353767654E-049   6.3804628996561233E-035  -6.9988995509675413E-035   2.9715455379565004E-049  -2.4835388488342751E-051   8.8505995339942522E-051   5.5365634946235795E-035  -8.8480085537398970E-051   1.1467005005330273E-034  -3.3542280858255675E-051   1.1033456318644103E-050   3.4742042502896072E-035  -1.6247178267674392E-050  -4.9339648048268803E-035  -7.3249506799604042E-051  -1.0059937937650329E-064  -4.5937804850853661E-051  -2.3456771324475827E-064   8.4948057435585811E-052   5.9049248891065696E-065  -5.9132583877527872E-051  -4.4110120381617776E-034  -8.5028663531640568E-034  -1.2488106782003881E-033  -6.5847539035449115E-034  -2.0318766627733560E-050   3.8606697524497183E-050  -2.3829922147678016E-064  -1.3112495368373749E-050   3.0843913888455695E-050  -4.5508776709171530E-064  -2.9838348782272745E-050   3.2730478834868996E-050  -1.3896485815900759E-064   1.1614313812534689E-066  -4.1389986899190995E-066  -2.5891838132415257E-050   4.1377870133725343E-066  -5.3625653846455659E-050   1.5686107590336815E-066  -5.1598155664758616E-066  -1.6247178267674392E-050   7.5980219539362614E-066   2.3073774589899622E-050   3.4255262766810231E-066   4.7045479557260013E-080   2.1482896538833053E-066   1.0969601031979130E-079  -3.9726110879449768E-067  -2.7614486777092774E-080   2.7653458532448616E-066  -1.3395420294771680E-018  -2.5821618151459622E-018  -3.7924049534138992E-018  -1.9996668635794716E-018  -6.1704301982204043E-035   1.1724133488179660E-034  -7.2367025979113377E-049  -3.9820201135930643E-035   9.3667209814233610E-035  -1.3820166117123417E-048  -9.0613496264022880E-035   9.9396355450644301E-035  -4.2201033802188103E-049   3.5270503369360392E-051  -1.2569366524350042E-050  -7.8628679991641007E-035   1.2565686888823741E-050  -1.6285110211455456E-034   4.7635781118642113E-051  -1.5669396854616935E-050  -4.9339648048268803E-035   2.3073774589899622E-050   7.0070746972464419E-035   1.0402683966840656E-050   1.4286834091280574E-064   6.5239547250632614E-051   3.3312630983106002E-064  -1.2064078431504259E-051  -8.3860042412789728E-065   8.3978392360171435E-051  -1.9886804401310687E-034  -3.8334703816933402E-034  -5.6301940409096706E-034  -2.9686999667571971E-034  -9.1606038275517549E-051   1.7405616570708679E-050  -1.0743588921303993E-064  -5.9116961900791181E-051   1.3905808398704987E-050  -2.0517380889655717E-064  -1.3452454918677371E-050   1.4756355795880659E-050  -6.2651539577655337E-065   5.2362493016811680E-067  -1.8660447228796130E-066  -1.1673192366627926E-050   1.8654984451938862E-066  -2.4176830163022671E-050   7.0719950607285613E-067  -2.3262743794302963E-066  -7.3249506799604042E-051   3.4255262766810231E-066   1.0402683966840656E-050   1.5443796218768587E-066   2.1210194890127320E-080   9.6854453750121099E-067   4.9455841016996099E-080  -1.7910297905548881E-067  -1.2449839003556202E-080   1.2467409204436005E-066  -2.7312131753009748E-048  -5.2648100732146068E-048  -7.7323937188319974E-048  -4.0771520145229748E-048  -1.2580986548986682E-064   2.3904518967875695E-064  -1.4755026006063162E-078  -8.1190030318076227E-065   1.9097953771421851E-064  -2.8178152647190946E-078  -1.8475327344001283E-064   2.0266078227471232E-064  -8.6044347243695426E-079   7.1913580449202660E-081  -2.5627877812755850E-080  -1.6031724427005329E-064   2.5620375346384071E-080  -3.3203965677818769E-064   9.7125338469423742E-081  -3.1948578093554232E-080  -1.0059937937650329E-064   4.7045479557260013E-080   1.4286834091280574E-064   2.1210194890127320E-080   2.9129649271754873E-094   1.3301793230865949E-080   6.7921643847569452E-094  -2.4597638024727888E-081  -1.7098355085469438E-094   1.7122485641172215E-080  -1.2471840147590541E-034  -2.4041283278197870E-034  -3.5309282809416231E-034  -1.8617949211142684E-034  -5.7449947355595083E-051   1.0915784314036122E-050  -6.7377503662225895E-065  -3.7074699582667718E-051   8.7209094016251398E-051  -1.2867300826177487E-064  -8.4365926245724300E-051   9.2543229637771886E-051  -3.9291379894170467E-065   3.2838691901246838E-067  -1.1702740682900044E-066  -7.3207432562198092E-051   1.1699314748881137E-066  -1.5162293296794888E-050   4.4351415210853781E-067  -1.4589031809342820E-066  -4.5937804850853661E-051   2.1482896538833053E-066   6.5239547250632614E-051   9.6854453750121099E-067   1.3301793230865949E-080   6.0741446457536361E-067   3.1015809834584328E-080  -1.1232290918444862E-067  -7.8078105854632561E-081   7.8188295874261620E-067  -6.3683735713377632E-048  -1.2275964992984475E-047  -1.8029633222152773E-047  -9.5067010405562190E-048  -2.9335103888803392E-064   5.5738200228104143E-064  -3.4404314724008754E-078  -1.8931090696601174E-064   4.4530725453589191E-064  -6.5703037840580534E-078  -4.3078946544107093E-064   4.7254442877483941E-064  -2.0062972451404303E-078   1.6768099586459653E-080  -5.9756558451078276E-080  -3.7381194213322433E-064   5.9739064939772036E-080  -7.7421733095925492E-064   2.2646728721486641E-080  -7.4494544114225139E-080  -2.3456771324475827E-064   1.0969601031979130E-079   3.3312630983106002E-064   4.9455841016996099E-080   6.7921643847569452E-094   3.1015809834584328E-080   1.5837299172116478E-093  -5.7354346899980694E-081  -3.9868258407787182E-094   3.9924523658185406E-080   2.3062891155219803E-035   4.4457072325770700E-035   6.5293824853885980E-035   3.4428258469376517E-035   1.0623627845255610E-051  -2.0185437155166449E-051   1.2459428720087824E-065   6.8558428505253674E-052  -1.6126680740297191E-051   2.3794175911798574E-065   1.5600922968775695E-051  -1.7113067574882099E-051   7.2657507401801543E-066  -6.0725215207682793E-068   2.1640674623273511E-067   1.3537497506021588E-051  -2.1634339395877392E-067   2.8038069429157647E-051  -8.2014510247350415E-068   2.6977995924997105E-067   8.4948057435585811E-052  -3.9726110879449768E-067  -1.2064078431504259E-051  -1.7910297905548881E-067  -2.4597638024727888E-081  -1.1232290918444862E-067  -5.7354346899980694E-081   2.0770720263433131E-068   1.4438181019173845E-081  -1.4458557326110295E-067   1.6031519037439897E-048   3.0903081341479052E-048   4.5387162829124629E-048   2.3931833930230884E-048   7.3847155979550790E-065  -1.4031337955599586E-064   8.6608208562136664E-079   4.7656460083937883E-065  -1.1210007780844760E-064   1.6539851033544767E-078   1.0844542078106046E-064  -1.1895666799503789E-064   5.0505819295829321E-079  -4.2211422544665059E-081   1.5042905283257636E-080   9.4102100004040809E-065  -1.5038501528415114E-080   1.9489874049241615E-064  -5.7010076209769843E-081   1.8752993818196127E-080   5.9049248891065696E-065  -2.7614486777092774E-080  -8.3860042412789728E-065  -1.2449839003556202E-080  -1.7098355085469438E-094  -7.8078105854632561E-081  -3.9868258407787182E-094   1.4438181019173845E-081   1.0036294769682483E-094  -1.0050458785389182E-080  -1.6054143989442551E-034  -3.0946694222482544E-034  -4.5451216795448557E-034  -2.3965608433616523E-034  -7.3951374946927983E-051   1.4051140093315735E-050  -8.6730436939695772E-065  -4.7723716662649941E-051   1.1225828233504215E-050  -1.6563193384003950E-064  -1.0859846756560715E-050   1.1912454908587511E-050  -5.0577097116399800E-065   4.2270994654257812E-067  -1.5064135025069334E-066  -9.4234904355953321E-051   1.5059725055298474E-066  -1.9517379706308301E-050   5.7090533353905794E-067  -1.8779459531398465E-066  -5.9132583877527872E-051   2.7653458532448616E-066   8.3978392360171435E-051   1.2467409204436005E-066   1.7122485641172215E-080   7.8188295874261620E-067   3.9924523658185406E-080  -1.4458557326110295E-067  -1.0050458785389182E-080   1.0064642790478968E-066
