   1.0000687158706052        3.8549572477562935E-004   5.5595334083733035E-004  -2.3480948746270989E-004  -7.3696836194740454E-018   3.0135515441106525E-018   4.7908649391757849E-018  -5.6458910005390665E-017   3.9164016418372711E-018   1.6720997385764625E-016  -3.5509285866083099E-017   2.4476288617173692E-018   1.0505778225634009E-016  -4.4808644426812699E-020   2.2692131617687455E-020  -7.8441603649915554E-019   2.6657947623523883E-020   7.8641015921789253E-019   1.9868920407079476E-004  -1.8924809405665336E-018   1.2925785666841573E-019   5.4878742468189066E-018   2.0426741402759251E-020  -1.5038161549568131E-020   4.3298958815262585E-019   4.3153025890605710E-022  -3.4255680710558526E-019   3.8549572477562935E-004   1.0100279766586691        5.3389119529751320E-003  -1.1058919394725633E-002  -4.2873651211342047E-017   1.7850855535289302E-017   3.5675876839381079E-017  -3.7963037625999945E-016   4.4876735040310667E-017   1.2288896626865354E-015  -2.6592606392750039E-016   2.5317727575821341E-017   7.7568078510644186E-016  -1.4508041539017927E-018   2.1348849391096847E-019   1.0591017308721471E-017   8.6258689920735714E-019   6.8028935521107828E-018   3.8161818060892336E-003  -1.2300288647792517E-017   1.7033270240431064E-018   3.5997207353230632E-017  -2.4354004025364562E-018  -2.1903839002953690E-019  -7.9941894940012150E-018   4.1060397094520181E-019  -3.9206749331896791E-018   5.5595334083733035E-004   5.3389119529751320E-003  0.30208714731714204       0.30325130012353879       -6.2796758344694049E-017   2.8860355640397252E-017   1.4193340183272038E-017  -3.6168102342778770E-016   4.0798132603913833E-017   1.3878223368984388E-015  -3.9966433863450512E-016   3.0389661760187087E-017   1.0513747428562167E-015   1.1233794303300365E-018  -1.6459783444198015E-018   1.0484648785898710E-016   2.0137327384737299E-017  -3.6483346468437789E-017   7.3067866264323747E-003  -4.1621931531771978E-017   5.8420349355887560E-018   6.7034428462312997E-017   2.1623733788631738E-018  -3.2739307556206018E-019  -6.2887919688798911E-017   3.9925279103277407E-018   3.5223110630843071E-017  -2.3480948746270989E-004  -1.1058919394725633E-002  0.30325130012353879       0.30468747087704678        1.4331964427414282E-016  -6.3041140243443389E-017  -6.7367036233760326E-017   1.1306018836496452E-015  -4.5374961258972090E-017  -2.7250685534298538E-015   5.4505036171841711E-016  -2.4334493373659974E-017  -1.5510513036329737E-015   1.1516534102902334E-018  -1.6562851931120547E-018   1.0510925283591473E-016   2.0206701665089936E-017  -3.6745687927297885E-017   7.2748601249678756E-003   3.8039178140440582E-018   3.2869371055042445E-018  -5.8725734701727413E-017   2.2109062327462746E-018  -3.2517663137179325E-019  -6.3018812288890385E-017   4.0023914101367666E-018   3.5433027275978116E-017  -7.3696836194740454E-018  -4.2873651211342047E-017  -6.2796758344694049E-017   1.4331964427414282E-016  0.99954257394289192        6.6614947164972833E-016  -3.8864735650180203E-016   3.6868344564388179E-004   3.7879313401212311E-017   5.9034808291835716E-017   3.0266585901027993E-003  -3.7113595616894424E-017  -3.2526065174565133E-018   9.4942834189783462E-017   2.7939363042383009E-018   6.1977177765169546E-018   1.9289641732136311E-017  -1.4939837271669528E-018  -1.3063716632011406E-016  -7.5293622769503324E-004  -2.5949595492964338E-017  -7.5133516487350949E-017  -5.2696341304381505E-017  -2.0363884947142994E-017   2.0914766392646824E-016  -7.2901999852945349E-019   4.0933964752190216E-016   3.0135515441106525E-018   1.7850855535289302E-017   2.8860355640397252E-017  -6.3041140243443389E-017   6.6614947164972833E-016  0.99954257394289314        4.1689631557431677E-017  -5.4887734982078662E-017   3.6868344564416639E-004   6.1027029783777831E-017  -1.0475425865283383E-016   3.0266585901030266E-003   3.4859810350840181E-016   1.3261042369635516E-016   1.7728636498674709E-017   1.8315161457248326E-017   1.3286039137207622E-018   4.4660270231092003E-017   7.1625210966684024E-017   3.4559780693010867E-016  -7.5293622769527740E-004  -8.6506056122895043E-016  -8.1575503911343793E-017  -5.6816246208635107E-017  -1.3233637402200642E-016   3.7776130706217829E-017   5.7908896078030556E-017   4.7908649391757849E-018   3.5675876839381079E-017   1.4193340183272038E-017  -6.7367036233760326E-017  -3.8864735650180203E-016   4.1689631557431677E-017  0.99954257394289292        1.5178830414797062E-018  -1.5300803159201681E-017   3.6868344564362050E-004   9.6168732699464243E-017   1.0977546996415732E-018   3.0266585901033202E-003  -2.6286485251236315E-017  -1.9474393724612010E-018   1.3783103847090783E-017  -7.6882905585257926E-018  -1.2594158189918533E-017  -4.1113603007600656E-017  -3.6198800033859779E-017  -5.2516042729766621E-019  -7.5293622769525008E-004   5.1086997349870534E-018   1.3136700006966703E-018   8.0878934277665290E-017  -2.5441798353486380E-018   9.3911497087588753E-017  -5.6458910005390665E-017  -3.7963037625999945E-016  -3.6168102342778770E-016   1.1306018836496452E-015   3.6868344564388179E-004  -5.4887734982078662E-017   1.5178830414797062E-018  0.45007791688839976        1.7347234759768071E-017   1.6653345369377348E-016  0.28484459876272461        1.7347234759768071E-017  -1.1102230246251565E-016   4.8961404933742085E-018  -1.4679614620323915E-017   4.8394040645074484E-017   1.0553877959248664E-016   9.1137675371985523E-018  -7.7581969430578200E-016   1.3782562967390158E-002  -4.2067044292437572E-017  -9.9746599868666408E-017   1.6401026486548909E-018  -7.2533771303825586E-017  -1.7853275982783314E-017   3.7859033933249069E-016  -1.9721768877258100E-017   3.9164016418372711E-018   4.4876735040310667E-017   4.0798132603913833E-017  -4.5374961258972090E-017   3.7879313401212311E-017   3.6868344564416639E-004  -1.5300803159201681E-017   1.7347234759768071E-017  0.45007791688840237        3.4694469519536142E-017  -7.2858385991025898E-017  0.28484459876272444        1.7000290064572710E-016  -1.1626405251874255E-016   1.0863884886486343E-016   8.6890822590187243E-017   2.6116695984510770E-017  -1.0877578416259393E-016   1.2914438093433471E-017  -2.2334564753201391E-017   1.3782562967389144E-002  -2.7419472942158407E-016  -1.0060584179699616E-016   2.2213498073839956E-016   1.1351063805779392E-018  -9.5525329004222937E-017   1.5175061747372182E-016   1.6720997385764625E-016   1.2288896626865354E-015   1.3878223368984388E-015  -2.7250685534298538E-015   5.9034808291835716E-017   6.1027029783777831E-017   3.6868344564362050E-004   1.6653345369377348E-016   3.4694469519536142E-017  0.45007791688840132       -1.9428902930940239E-016  -1.0408340855860843E-017  0.28484459876272433       -1.4388999946199525E-018   3.0012233337463924E-017   8.6145516376905211E-017  -2.3263364292468256E-017   6.1613058056867435E-017   1.5720542618713402E-015   2.4286128663675299E-017  -1.1817803680091998E-017   1.3782562967389653E-002  -1.5212507212732696E-017  -1.0875328112496107E-016   2.0876468977604570E-016  -5.7889328219211821E-017  -6.6045790241330561E-017  -3.5509285866083099E-017  -2.6592606392750039E-016  -3.9966433863450512E-016   5.4505036171841711E-016   3.0266585901027993E-003  -1.0475425865283383E-016   9.6168732699464243E-017  0.28484459876272461       -7.2858385991025898E-017  -1.9428902930940239E-016  0.18027980449467645       -3.9898639947466563E-017  -2.6367796834847468E-016   3.3639782385411438E-018  -9.2825696809990214E-018   3.0644753143931557E-017   6.6846880918939063E-017   5.7637107963569660E-018  -4.9557116412783644E-016   8.7205508970580395E-003  -2.9056618222611519E-017  -7.1991024253037494E-017   8.9071630078329476E-019  -4.5961801221161958E-017  -1.0714426831212522E-017   2.3959874997353679E-016  -1.1337493664243920E-017   2.4476288617173692E-018   2.5317727575821341E-017   3.0389661760187087E-017  -2.4334493373659974E-017  -3.7113595616894424E-017   3.0266585901030266E-003   1.0977546996415732E-018   1.7347234759768071E-017  0.28484459876272444       -1.0408340855860843E-017  -3.9898639947466563E-017  0.18027980449467512        9.1940344226770776E-017  -7.3210149269869242E-017   6.8804478355830523E-017   5.5042310845149520E-017   1.6532346302977763E-017  -6.8716789025680555E-017   8.4702403570882167E-018  -1.3335686721571705E-017   8.7205508970573404E-003  -1.7650811368064012E-016  -6.3899006799111871E-017   1.4042514703789310E-016   3.4855370852217476E-019  -6.0350130754714357E-017   9.6201175451036178E-017   1.0505778225634009E-016   7.7568078510644186E-016   1.0513747428562167E-015  -1.5510513036329737E-015  -3.2526065174565133E-018   3.4859810350840181E-016   3.0266585901033202E-003  -1.1102230246251565E-016   1.7000290064572710E-016  0.28484459876272433       -2.6367796834847468E-016   9.1940344226770776E-017  0.18027980449467546       -9.8410582277337753E-019   1.8988583641488146E-017   5.4557959020974649E-017  -1.4744313613761879E-017   3.8958237784345301E-017   9.9896632901881541E-016   8.6736173798840355E-018  -3.6862873864507151E-018   8.7205508970576804E-003  -9.6133558287650293E-018  -6.8823684057961946E-017   1.3234821286289110E-016  -3.6643883760169359E-017  -4.1536358236504172E-017  -4.4808644426812699E-020  -1.4508041539017927E-018   1.1233794303300365E-018   1.1516534102902334E-018   9.4942834189783462E-017   1.3261042369635516E-016  -2.6286485251236315E-017   4.8961404933742085E-018  -1.1626405251874255E-016  -1.4388999946199525E-018   3.3639782385411438E-018  -7.3210149269869242E-017  -9.8410582277337753E-019   5.7425093277994978E-032  -2.5665356710484688E-032  -1.9170868902031006E-032  -3.2506463933013040E-033   3.3985676450726915E-032   2.1794372012861712E-020   7.7344658105699489E-020  -3.6617729668752631E-018  -2.3965760143240581E-020   1.0107035616155649E-032  -6.7357049275136665E-032  -1.2043637290289217E-033   3.3986728583304655E-032   5.0163956748541890E-033   2.2692131617687455E-020   2.1348849391096847E-019  -1.6459783444198015E-018  -1.6562851931120547E-018   2.7939363042383009E-018   1.7728636498674709E-017  -1.9474393724612010E-018  -1.4679614620323915E-017   1.0863884886486343E-016   3.0012233337463924E-017  -9.2825696809990214E-018   6.8804478355830523E-017   1.8988583641488146E-017  -2.5665356710484688E-032   2.9035179603194742E-032   2.4882493078840865E-032   1.2930221888585973E-033  -2.1433764818704230E-032  -3.8922080542172620E-020  -4.5167356460946777E-019   3.3133188375770536E-018   9.2056084275627382E-019  -2.6960504284945106E-032   4.7668366511305554E-032   1.3210702615982515E-032  -3.8617510395581068E-032   3.4658915124575144E-032  -7.8441603649915554E-019   1.0591017308721471E-017   1.0484648785898710E-016   1.0510925283591473E-016   6.1977177765169546E-018   1.8315161457248326E-017   1.3783103847090783E-017   4.8394040645074484E-017   8.6890822590187243E-017   8.6145516376905211E-017   3.0644753143931557E-017   5.5042310845149520E-017   5.4557959020974649E-017  -1.9170868902031006E-032   2.4882493078840865E-032   7.5491850907729991E-032   1.8967784615582107E-032  -2.0191933528637851E-032   2.5677133838084540E-018   1.4772437780048373E-018   2.6468753283893808E-018   2.6275167396434319E-018  -2.3170799813416906E-032   1.3008493694286824E-032   1.6350880402601945E-032   1.3224402644930176E-032   3.1586655002419058E-032   2.6657947623523883E-020   8.6258689920735714E-019   2.0137327384737299E-017   2.0206701665089936E-017   1.9289641732136311E-017   1.3286039137207622E-018  -7.6882905585257926E-018   1.0553877959248664E-016   2.6116695984510770E-017  -2.3263364292468256E-017   6.6846880918939063E-017   1.6532346302977763E-017  -1.4744313613761879E-017  -3.2506463933013040E-033   1.2930221888585973E-033   1.8967784615582107E-032   2.9237795420350200E-032  -9.6610500155068594E-033   4.8892306150456853E-019   3.2171911592928744E-018   7.9876207578017662E-019  -7.0652134424213364E-019  -5.6823715969564690E-033   1.0052433487807835E-033  -1.5880565352908508E-032   8.6539766862078999E-032   1.7159673965789123E-032   7.8641015921789253E-019   6.8028935521107828E-018  -3.6483346468437789E-017  -3.6745687927297885E-017  -1.4939837271669528E-018   4.4660270231092003E-017  -1.2594158189918533E-017   9.1137675371985523E-018  -1.0877578416259393E-016   6.1613058056867435E-017   5.7637107963569660E-018  -6.8716789025680555E-017   3.8958237784345301E-017   3.3985676450726915E-032  -2.1433764818704230E-032  -2.0191933528637851E-032  -9.6610500155068594E-033   4.1535592594833983E-032  -8.5510117025293015E-019   2.8023537099168067E-019  -3.3652133164699103E-018   1.8964207658698758E-018   1.8351900642266225E-032  -7.2543598137803298E-032   2.8227667012364592E-032   2.4076445589983359E-032  -4.9620429471704207E-032   1.9868920407079476E-004   3.8161818060892336E-003   7.3067866264323747E-003   7.2748601249678756E-003  -1.3063716632011406E-016   7.1625210966684024E-017  -4.1113603007600656E-017  -7.7581969430578200E-016   1.2914438093433471E-017   1.5720542618713402E-015  -4.9557116412783644E-016   8.4702403570882167E-018   9.9896632901881541E-016   2.1794372012861712E-020  -3.8922080542172620E-020   2.5677133838084540E-018   4.8892306150456853E-019  -8.5510117025293015E-019   1.9022860291113968E-004  -2.4398862075161071E-017   4.5329256918158561E-019   4.8759140236107477E-017   4.3275351630539170E-020  -8.7000548879125141E-021  -1.5461387799178645E-018   9.7810104379725539E-020   8.3530448554986782E-019  -1.8924809405665336E-018  -1.2300288647792517E-017  -4.1621931531771978E-017   3.8039178140440582E-018  -7.5293622769503324E-004   3.4559780693010867E-016  -3.6198800033859779E-017   1.3782562967390158E-002  -2.2334564753201391E-017   2.4286128663675299E-017   8.7205508970580395E-003  -1.3335686721571705E-017   8.6736173798840355E-018   7.7344658105699489E-020  -4.5167356460946777E-019   1.4772437780048373E-018   3.2171911592928744E-018   2.8023537099168067E-019  -2.4398862075161071E-017   4.2264243480305503E-004  -2.2361669807513529E-018  -2.3852447794681098E-018   9.0515630769331388E-020  -2.2056494707517761E-018  -7.0663452237197882E-019   1.1594220875946347E-017  -9.1691586749491126E-019   1.2925785666841573E-019   1.7033270240431064E-018   5.8420349355887560E-018   3.2869371055042445E-018  -2.5949595492964338E-017  -7.5293622769527740E-004  -5.2516042729766621E-019  -4.2067044292437572E-017   1.3782562967389144E-002  -1.1817803680091998E-017  -2.9056618222611519E-017   8.7205508970573404E-003  -3.6862873864507151E-018  -3.6617729668752631E-018   3.3133188375770536E-018   2.6468753283893808E-018   7.9876207578017662E-019  -3.3652133164699103E-018   4.5329256918158561E-019  -2.2361669807513529E-018   4.2264243480299074E-004  -8.1416806890083349E-018  -3.0185063219059536E-018   6.8459335679828970E-018   1.3594188530292224E-019  -2.9541779753311115E-018   4.6028200777639568E-018   5.4878742468189066E-018   3.5997207353230632E-017   6.7034428462312997E-017  -5.8725734701727413E-017  -7.5133516487350949E-017  -8.6506056122895043E-016  -7.5293622769525008E-004  -9.9746599868666408E-017  -2.7419472942158407E-016   1.3782562967389653E-002  -7.1991024253037494E-017  -1.7650811368064012E-016   8.7205508970576804E-003  -2.3965760143240581E-020   9.2056084275627382E-019   2.6275167396434319E-018  -7.0652134424213364E-019   1.8964207658698758E-018   4.8759140236107477E-017  -2.3852447794681098E-018  -8.1416806890083349E-018   4.2264243480302294E-004  -4.6976227642875001E-019  -3.3313824195809007E-018   6.3312134512744687E-018  -1.7708136731754030E-018  -2.0943387009525814E-018   2.0426741402759251E-020  -2.4354004025364562E-018   2.1623733788631738E-018   2.2109062327462746E-018  -5.2696341304381505E-017  -8.1575503911343793E-017   5.1086997349870534E-018   1.6401026486548909E-018  -1.0060584179699616E-016  -1.5212507212732696E-017   8.9071630078329476E-019  -6.3899006799111871E-017  -9.6133558287650293E-018   1.0107035616155649E-032  -2.6960504284945106E-032  -2.3170799813416906E-032  -5.6823715969564690E-033   1.8351900642266225E-032   4.3275351630539170E-020   9.0515630769331388E-020  -3.0185063219059536E-018  -4.6976227642875001E-019   3.2478820831898210E-032  -4.0519339492702026E-032  -7.6326610375475414E-033   2.1672459022193506E-032  -5.7308826241567864E-032  -1.5038161549568131E-020  -2.1903839002953690E-019  -3.2739307556206018E-019  -3.2517663137179325E-019  -2.0363884947142994E-017  -5.6816246208635107E-017   1.3136700006966703E-018  -7.2533771303825586E-017   2.2213498073839956E-016  -1.0875328112496107E-016  -4.5961801221161958E-017   1.4042514703789310E-016  -6.8823684057961946E-017  -6.7357049275136665E-032   4.7668366511305554E-032   1.3008493694286824E-032   1.0052433487807835E-033  -7.2543598137803298E-032  -8.7000548879125141E-021  -2.2056494707517761E-018   6.8459335679828970E-018  -3.3313824195809007E-018  -4.0519339492702026E-032   1.5126705277070758E-031  -4.3526386027497350E-032  -9.6316769858710432E-032   8.2517276490238376E-032   4.3298958815262585E-019  -7.9941894940012150E-018  -6.2887919688798911E-017  -6.3018812288890385E-017   2.0914766392646824E-016  -1.3233637402200642E-016   8.0878934277665290E-017  -1.7853275982783314E-017   1.1351063805779392E-018   2.0876468977604570E-016  -1.0714426831212522E-017   3.4855370852217476E-019   1.3234821286289110E-016  -1.2043637290289217E-033   1.3210702615982515E-032   1.6350880402601945E-032  -1.5880565352908508E-032   2.8227667012364592E-032  -1.5461387799178645E-018  -7.0663452237197882E-019   1.3594188530292224E-019   6.3312134512744687E-018  -7.6326610375475414E-033  -4.3526386027497350E-032   1.7849064524836131E-031  -4.8374314837653140E-032   4.8826011287144702E-032   4.3153025890605710E-022   4.1060397094520181E-019   3.9925279103277407E-018   4.0023914101367666E-018  -7.2901999852945349E-019   3.7776130706217829E-017  -2.5441798353486380E-018   3.7859033933249069E-016  -9.5525329004222937E-017  -5.7889328219211821E-017   2.3959874997353679E-016  -6.0350130754714357E-017  -3.6643883760169359E-017   3.3986728583304655E-032  -3.8617510395581068E-032   1.3224402644930176E-032   8.6539766862078999E-032   2.4076445589983359E-032   9.7810104379725539E-020   1.1594220875946347E-017  -2.9541779753311115E-018  -1.7708136731754030E-018   2.1672459022193506E-032  -9.6316769858710432E-032  -4.8374314837653140E-032   3.4767144180591722E-031  -3.8310140535347486E-032  -3.4255680710558526E-019  -3.9206749331896791E-018   3.5223110630843071E-017   3.5433027275978116E-017   4.0933964752190216E-016   5.7908896078030556E-017   9.3911497087588753E-017  -1.9721768877258100E-017   1.5175061747372182E-016  -6.6045790241330561E-017  -1.1337493664243920E-017   9.6201175451036178E-017  -4.1536358236504172E-017   5.0163956748541890E-033   3.4658915124575144E-032   3.1586655002419058E-032   1.7159673965789123E-032  -4.9620429471704207E-032   8.3530448554986782E-019  -9.1691586749491126E-019   4.6028200777639568E-018  -2.0943387009525814E-018  -5.7308826241567864E-032   8.2517276490238376E-032   4.8826011287144702E-032  -3.8310140535347486E-032   2.4567163081134177E-031
