   1.0012787268293277        7.5985710155750466E-003   4.1946591410790693E-003  -1.3485896352291398E-049   4.8148979895158776E-052  -5.5023500012362430E-036  -5.2078756065565002E-049   5.8740358014702109E-053  -2.0535943262774581E-036  -3.0115299610612194E-020  -7.6517239062277502E-021   4.6205599896431079E-019  -2.8229692671890223E-020   2.7114321011389752E-018   1.4925146318256679E-003  -1.8001884684448863E-051   2.3757683302961203E-052   3.2535035186179222E-037  -6.9986258872246333E-021  -2.3313358669178901E-018   4.1966192878521184E-019  -1.2086102122890829E-019  -1.0550102230837140E-018   7.5985710155750466E-003  0.28281287713895220       0.28649735415551569       -2.8671631524804959E-048   1.5899430973489081E-050  -1.7708601054638709E-034  -1.6930774153461093E-047   1.7902816684567442E-051  -6.5707184228916866E-035  -5.9638151123263659E-019   1.3557681064459036E-018   3.4584390028977367E-017  -3.8093391463373660E-019  -3.2169766832525152E-017   3.9210552959653812E-003   2.5925043971026697E-050   7.6474567392312530E-051   1.0387725378875577E-035  -3.5468198246284882E-019  -7.7572187264187840E-017  -3.1826677759451734E-017  -4.0563542723699774E-018   1.0738589346485028E-017   4.1946591410790693E-003  0.28649735415551569       0.29024208959742259       -2.9043141250043185E-048   1.6106378219847248E-050  -1.7939047649019768E-034  -1.7151117158015966E-047   1.8135681714698216E-051  -6.6562206901275959E-035  -6.0410184095186573E-019   1.3735852458272816E-018   3.5036588976122895E-017  -3.8583374285088963E-019  -3.2601385634556353E-017   3.9672847873348975E-003   2.6271531056902642E-050   7.7469752140487730E-051   1.0522894477518325E-035  -3.5931162389162124E-019  -7.8581930436387545E-017  -3.2245775314965415E-017  -4.1091587703749824E-018   1.0883192558665919E-017  -1.3485896352291398E-049  -2.8671631524804959E-048  -2.9043141250043185E-048   2.9070703018384907E-095  -1.6119191686487486E-097   1.7953448598016630E-081   1.7164836598715345E-094  -1.8150529383059555E-098   6.6615752134401372E-082   6.0469428210149394E-066  -1.3742260736446731E-065  -3.5059032097074793E-064   3.8629558074006280E-066   3.2593125707934353E-064  -3.9831870567906320E-050  -2.6268444685715034E-097  -7.7531938715202428E-098  -1.0531365954392342E-082   3.5956275272128043E-066   7.8644281151259144E-064   3.2258592316554149E-064   4.1124094557407523E-065  -1.0879044866144913E-064   4.8148979895158776E-052   1.5899430973489081E-050   1.6106378219847248E-050  -1.6119191686487486E-097   8.9385158487647506E-100  -9.9556224265990445E-084  -9.5183320030606155E-097   1.0064825664409796E-100  -3.6940017442721142E-084  -3.3528681456553164E-068   7.6217410572915320E-068   1.9442712811046546E-066  -2.1416664687735398E-068  -1.8083551665741662E-066   2.2051269599253777E-052   1.4573422049473405E-099   4.2993340456694354E-100   5.8398908120980514E-085  -1.9939696258907404E-068  -4.3610370254994291E-066  -1.7891918980608949E-066  -2.2804444976305134E-067   6.0363887674718129E-067  -5.5023500012362430E-036  -1.7708601054638709E-034  -1.7939047649019768E-034   1.7953448598016630E-081  -9.9556224265990445E-084   1.1088466695358536E-067   1.0601416522360603E-080  -1.1210100444479267E-084   4.1143401406382931E-068   3.7344051405849597E-052  -8.4889449721506716E-052  -2.1655001968850757E-050   2.3853882601230617E-052   2.0140750702226947E-050  -2.4562381296555862E-036  -1.6231359655230616E-083  -4.7885526666681109E-084  -6.5044088245161038E-069   2.2208566190184968E-052   4.8572756963566344E-050   1.9927633259661373E-050   2.5399341792903834E-051  -6.7230721906371477E-051  -5.2078756065565002E-049  -1.6930774153461093E-047  -1.7151117158015966E-047   1.7164836598715345E-094  -9.5183320030606155E-097   1.0601416522360603E-080   1.0135759835444077E-093  -1.0717705984895521E-097   3.9336216669315702E-081   3.5703688982106834E-065  -8.1161025259052419E-065  -2.0703859257204826E-063   2.2806037434108784E-065   1.9256283406956489E-063  -2.3482779643776065E-049  -1.5518550294184046E-096  -4.5782201252819706E-097  -6.2187088226223051E-082   2.1233097613267663E-065   4.6439249765303544E-063   1.9052405525495793E-063   2.4283703004860839E-064  -6.4278409787662098E-064   5.8740358014702109E-053   1.7902816684567442E-051   1.8135681714698216E-051  -1.8150529383059555E-098   1.0064825664409796E-100  -1.1210100444479267E-084  -1.0717705984895521E-097   1.1333078124794990E-101  -4.1594723267686268E-085  -3.7754053273212944E-069   8.5819087353323706E-069   2.1892353694625540E-067  -2.4116055057667313E-069  -2.0360528376401570E-067   2.4836078584724953E-053   1.6408597428335531E-100   4.8410801697602435E-101   6.5757590457669491E-086  -2.2452055597692565E-069  -4.9105546068285445E-067  -2.0145789230176178E-067  -2.5677941056253565E-068   6.7963883279519507E-068  -2.0535943262774581E-036  -6.5707184228916866E-035  -6.6562206901275959E-035   6.6615752134401372E-082  -3.6940017442721142E-084   4.1143401406382931E-068   3.9336216669315702E-081  -4.1594723267686268E-085   1.5266127785310440E-068   1.3856404809838492E-052  -3.1497899608244135E-052  -8.0350119733821846E-051   8.8509265223727231E-053   7.4731168445105332E-051  -9.1139569357667877E-037  -6.0225629974830720E-084  -1.7767771674603340E-084  -2.4134401442426435E-069   8.2404127232656300E-053   1.8022765341907204E-050   7.3940678180831150E-051   9.4243440048776265E-052  -2.4945578586003402E-051  -3.0115299610612194E-020  -5.9638151123263659E-019  -6.0410184095186573E-019   6.0469428210149394E-066  -3.3528681456553164E-068   3.7344051405849597E-052   3.5703688982106834E-065  -3.7754053273212944E-069   1.3856404809838492E-052   1.2578175754886590E-036  -2.8583548305051199E-036  -7.2923238981542033E-035   8.0354750681576440E-037   6.7787644566281098E-035  -8.2880500498457542E-021  -5.4634277512036409E-068  -1.6127022469223499E-068  -2.1905761736229360E-053   7.4789982375963244E-037   1.6358378944724137E-034   6.7096545956550974E-035   8.5540021829757803E-036  -2.2626082341101110E-035  -7.6517239062277502E-021   1.3557681064459036E-018   1.3735852458272816E-018  -1.3742260736446731E-065   7.6217410572915320E-068  -8.4889449721506716E-052  -8.1161025259052419E-065   8.5819087353323706E-069  -3.1497899608244135E-052  -2.8583548305051199E-036   6.5013165701538147E-036   1.6581363153150092E-034  -1.8253552539058303E-036  -1.5437511756613147E-034   1.8735950316395904E-020   1.2439121877232115E-067   3.6659498125379080E-068   4.9795366190306495E-053  -1.7004106774539231E-036  -3.7186008290012121E-034  -1.5262907848234119E-034  -1.9445111290655423E-035   5.1538556055683433E-035   4.6205599896431079E-019   3.4584390028977367E-017   3.5036588976122895E-017  -3.5059032097074793E-064   1.9442712811046546E-066  -2.1655001968850757E-050  -2.0703859257204826E-063   2.1892353694625540E-067  -8.0350119733821846E-051  -7.2923238981542033E-035   1.6581363153150092E-034   4.2294456250395244E-033  -4.6574937995470038E-035  -3.9356187918200301E-033   4.7884748528856411E-019   3.1714656973507416E-066   9.3517095850966507E-067   1.2702640884343183E-051  -4.3374241506939562E-035  -9.4859689233687237E-033  -3.8925896385240475E-033  -4.9603459502448633E-034   1.3138187995114285E-033  -2.8229692671890223E-020  -3.8093391463373660E-019  -3.8583374285088963E-019   3.8629558074006280E-066  -2.1416664687735398E-068   2.3853882601230617E-052   2.2806037434108784E-065  -2.4116055057667313E-069   8.8509265223727231E-053   8.0354750681576440E-037  -1.8253552539058303E-036  -4.6574937995470038E-035   5.1342120323439460E-037   4.3266690002759061E-035  -5.3063880685906805E-021  -3.4874776236316523E-068  -1.0301294907539051E-068  -1.3992545450996637E-053   4.7769228538731845E-037   1.0449005590099435E-034   4.2845928682247577E-035   5.4639070876470166E-036  -1.4440158434409372E-035   2.7114321011389752E-018  -3.2169766832525152E-017  -3.2601385634556353E-017   3.2593125707934353E-064  -1.8083551665741662E-066   2.0140750702226947E-050   1.9256283406956489E-063  -2.0360528376401570E-067   7.4731168445105332E-051   6.7787644566281098E-035  -1.5437511756613147E-034  -3.9356187918200301E-033   4.3266690002759061E-035   3.6720608265071614E-033  -4.4106244721930364E-019  -2.9578737713032698E-066  -8.6977817065658965E-067  -1.1814312733787960E-051   4.0353867494435017E-035   8.8228992467377283E-033   3.6248157249829101E-033   4.6136504085251657E-034  -1.2263060222764331E-033   1.4925146318256679E-003   3.9210552959653812E-003   3.9672847873348975E-003  -3.9831870567906320E-050   2.2051269599253777E-052  -2.4562381296555862E-036  -2.3482779643776065E-049   2.4836078584724953E-053  -9.1139569357667877E-037  -8.2880500498457542E-021   1.8735950316395904E-020   4.7884748528856411E-019  -5.3063880685906805E-021  -4.4106244721930364E-019   5.6285577355153013E-005   3.5597775138392471E-052   1.0607254890716226E-052   1.4408457138048152E-037  -4.9139765077680927E-021  -1.0758409914156756E-018  -4.3949411608295267E-019  -5.6255724395438449E-020   1.4702332578248300E-019  -1.8001884684448863E-051   2.5925043971026697E-050   2.6271531056902642E-050  -2.6268444685715034E-097   1.4573422049473405E-099  -1.6231359655230616E-083  -1.5518550294184046E-096   1.6408597428335531E-100  -6.0225629974830720E-084  -5.4634277512036409E-068   1.2439121877232115E-067   3.1714656973507416E-066  -3.4874776236316523E-068  -2.9578737713032698E-066   3.5597775138392471E-052   2.3827379809594220E-099   7.0095113092288458E-100   9.5211227351155422E-085  -3.2519492280584180E-068  -7.1103128906492119E-066  -2.9206844974389130E-066  -3.7181046174249420E-067   9.8774167289564725E-067   2.3757683302961203E-052   7.6474567392312530E-051   7.7469752140487730E-051  -7.7531938715202428E-098   4.2993340456694354E-100  -4.7885526666681109E-084  -4.5782201252819706E-097   4.8410801697602435E-101  -1.7767771674603340E-084  -1.6127022469223499E-068   3.6659498125379080E-068   9.3517095850966507E-067  -1.0301294907539051E-068  -8.6977817065658965E-067   1.0607254890716226E-052   7.0095113092288458E-100   2.0679357454578065E-100   2.8089279668143150E-085  -9.5907661220263640E-069  -2.0976137787436789E-066  -8.6057460036089856E-067  -1.0968701936594633E-067   2.9033582931039609E-067   3.2535035186179222E-037   1.0387725378875577E-035   1.0522894477518325E-035  -1.0531365954392342E-082   5.8398908120980514E-085  -6.5044088245161038E-069  -6.2187088226223051E-082   6.5757590457669491E-086  -2.4134401442426435E-069  -2.1905761736229360E-053   4.9795366190306495E-053   1.2702640884343183E-051  -1.3992545450996637E-053  -1.1814312733787960E-051   1.4408457138048152E-037   9.5211227351155422E-085   2.8089279668143150E-085   3.8154359894835305E-070  -1.3027362811721088E-053  -2.8492401616996385E-051  -1.1689359186071931E-051  -1.4899056163595977E-052   3.9436662782133451E-052  -6.9986258872246333E-021  -3.5468198246284882E-019  -3.5931162389162124E-019   3.5956275272128043E-066  -1.9939696258907404E-068   2.2208566190184968E-052   2.1233097613267663E-065  -2.2452055597692565E-069   8.2404127232656300E-053   7.4789982375963244E-037  -1.7004106774539231E-036  -4.3374241506939562E-035   4.7769228538731845E-037   4.0353867494435017E-035  -4.9139765077680927E-021  -3.2519492280584180E-068  -9.5907661220263640E-069  -1.3027362811721088E-053   4.4482104059470279E-037   9.7284397851218715E-035   3.9917774431330159E-035   5.0871349931432827E-036  -1.3470902850751756E-035  -2.3313358669178901E-018  -7.7572187264187840E-017  -7.8581930436387545E-017   7.8644281151259144E-064  -4.3610370254994291E-066   4.8572756963566344E-050   4.6439249765303544E-063  -4.9105546068285445E-067   1.8022765341907204E-050   1.6358378944724137E-034  -3.7186008290012121E-034  -9.4859689233687237E-033   1.0449005590099435E-034   8.8228992467377283E-033  -1.0758409914156756E-018  -7.1103128906492119E-066  -2.0976137787436789E-066  -2.8492401616996385E-051   9.7284397851218715E-035   2.1277183531419069E-032   8.7293620733833544E-033   1.1126123589143758E-033  -2.9451348468760985E-033   4.1966192878521184E-019  -3.1826677759451734E-017  -3.2245775314965415E-017   3.2258592316554149E-064  -1.7891918980608949E-066   1.9927633259661373E-050   1.9052405525495793E-063  -2.0145789230176178E-067   7.3940678180831150E-051   6.7096545956550974E-035  -1.5262907848234119E-034  -3.8925896385240475E-033   4.2845928682247577E-035   3.6248157249829101E-033  -4.3949411608295267E-019  -2.9206844974389130E-066  -8.6057460036089856E-067  -1.1689359186071931E-051   3.9917774431330159E-035   8.7293620733833544E-033   3.5832756990577525E-033   4.5647144782998070E-034  -1.2101905714454187E-033  -1.2086102122890829E-019  -4.0563542723699774E-018  -4.1091587703749824E-018   4.1124094557407523E-065  -2.2804444976305134E-067   2.5399341792903834E-051   2.4283703004860839E-064  -2.5677941056253565E-068   9.4243440048776265E-052   8.5540021829757803E-036  -1.9445111290655423E-035  -4.9603459502448633E-034   5.4639070876470166E-036   4.6136504085251657E-034  -5.6255724395438449E-020  -3.7181046174249420E-067  -1.0968701936594633E-067  -1.4899056163595977E-052   5.0871349931432827E-036   1.1126123589143758E-033   4.5647144782998070E-034   5.8179988094299884E-035  -1.5400647851323835E-034  -1.0550102230837140E-018   1.0738589346485028E-017   1.0883192558665919E-017  -1.0879044866144913E-064   6.0363887674718129E-067  -6.7230721906371477E-051  -6.4278409787662098E-064   6.7963883279519507E-068  -2.4945578586003402E-051  -2.2626082341101110E-035   5.1538556055683433E-035   1.3138187995114285E-033  -1.4440158434409372E-035  -1.2263060222764331E-033   1.4702332578248300E-019   9.8774167289564725E-067   2.9033582931039609E-067   3.9436662782133451E-052  -1.3470902850751756E-035  -2.9451348468760985E-033  -1.2101905714454187E-033  -1.5400647851323835E-034   4.0955438243358893E-034
