   1.0000627406385163        3.9256896451507798E-004   1.3122124573139036E-003   5.2582447183238440E-004  -7.8829568448521910E-018  -1.6407201749615184E-017   8.0738192901080299E-018  -1.3307889952491735E-017   1.1173100352319977E-017  -2.3820375457922759E-017  -9.2877718459053858E-018   8.3694882352447743E-018  -1.6089040805680807E-017  -3.6048460841684519E-019  -1.8791147117062052E-019   3.2488563007168131E-019  -1.1107420899970764E-019  -5.9884616788818848E-019   1.9539509407459868E-004  -2.5026979780749928E-019   1.9899489055670414E-019  -5.4845496286066771E-019  -1.2375953353537015E-016  -5.2712177417919140E-017  -1.7936009601625945E-019  -1.5167988216247545E-019   3.8206067407577482E-019   3.9256896451507798E-004   1.0103258499407195        1.1277168288130253E-002  -6.2936311416832875E-003  -5.9763141674243464E-017  -1.7125954662628291E-016   4.8237033160426190E-017   6.2591797964950236E-017   4.8115130766212334E-017   9.0400227673743405E-017   3.8212695293810120E-017   1.5690954937603962E-017   5.8983377356024523E-017  -1.0409278010598262E-017  -6.9104007082437178E-018   2.2487666997269709E-017  -2.5248433597389705E-018   1.0921908640705134E-017   3.9956693201047555E-003   2.7554616022607926E-018   5.1786890272389141E-018   1.9252542158781810E-018  -8.6746734383464937E-016  -3.8230209981119093E-018  -1.4560376056734202E-017   4.9204780845181592E-018  -5.8903037263599128E-018   1.3122124573139036E-003   1.1277168288130253E-002  0.32053112319987909       0.30350920437908030       -6.2105263709225964E-017  -2.3707221515922198E-016   4.2217442083875635E-017   4.2686560891137301E-017  -3.3661180993038376E-017   5.6459116255164668E-017   2.8377078660878058E-017   2.8054388245550247E-017   6.2467163944956151E-017  -2.0249351544473211E-017  -5.4865799613991928E-017   3.6885466164148135E-017  -1.5654869515845017E-017  -8.0615059585659826E-017   2.6221403494912253E-003   5.5807777979038975E-018   1.4925507190458470E-017   3.1973668935273866E-018  -1.1865811280139551E-015  -2.0318821835972147E-016   4.6554830346720471E-018   9.3749217109199963E-018   8.4396486434066929E-017   5.2582447183238440E-004  -6.2936311416832875E-003  0.30350920437908030       0.28767696010863703        1.9575851317282417E-016   3.2465894443180634E-016  -1.8823758843055452E-016  -1.4333813523225630E-016  -3.7020979549004344E-016  -2.0308326735796914E-016  -9.9689930250264827E-017  -2.0605395865032695E-016  -1.1931846518137787E-016  -1.9010851433248894E-017  -5.1868468798280738E-017   3.4570433808846727E-017  -1.4790304974348520E-017  -7.6564980736024921E-017   2.4171632089613174E-003   1.3272370692389410E-018   6.7828524235055667E-018  -2.1504758782655196E-018  -1.1096067193540707E-015  -1.9241684520000043E-016   4.6558299897203800E-018   8.8000533604278217E-018   8.0063439198622200E-017  -7.8829568448521910E-018  -5.9763141674243464E-017  -6.2105263709225964E-017   1.9575851317282417E-016  0.99948894815687161        1.1028875869530363E-016  -2.7792675658718652E-016   2.4045181551271659E-003  -5.5243488819925468E-018   2.4156024402977039E-016   4.6458131734156399E-003   1.8746533188632175E-017  -4.4094502354985465E-016  -3.7068527260064798E-017  -4.6120465174471116E-017  -4.1717012909052401E-017   9.2498934719460043E-018  -5.6410966824331155E-017  -1.8743499269188697E-016  -4.9321884660757476E-004   5.1881191535799523E-017   2.1631527406980322E-016   4.9382739261392852E-018  -2.5658841523242648E-017   3.1352623046164350E-016   5.7405170666232822E-017   1.2641289524361190E-016  -1.6407201749615184E-017  -1.7125954662628291E-016  -2.3707221515922198E-016   3.2465894443180634E-016   1.1028875869530363E-016  0.99948894815687384        5.8193852805977966E-016  -1.6719583345852634E-016   2.4045181551270766E-003   4.8490942164414186E-017  -4.8994079735083240E-017   4.6458131734160076E-003   1.5967248682101365E-016   2.5793025038691664E-017   5.9668818764759568E-018   4.7215113736714021E-017  -2.0081101442411445E-018   2.2687452259472703E-017  -1.3017863572718049E-016  -3.0153261191509821E-017  -4.9321884660769987E-004  -6.2516537221524518E-017  -1.7597486118853454E-017   1.1150893164612676E-017   2.7062941635531064E-016  -1.6302715700284061E-017  -3.7704354359272283E-017   8.0738192901080299E-018   4.8237033160426190E-017   4.2217442083875635E-017  -1.8823758843055452E-016  -2.7792675658718652E-016   5.8193852805977966E-016  0.99948894815687284       -1.0321604682062002E-016  -1.1042599126764863E-016   2.4045181551270154E-003  -2.3234452556364360E-016  -8.5441907455435784E-017   4.6458131734150466E-003  -4.8583877414735886E-017  -3.0004247631680132E-017  -5.8562258261636375E-017   5.5775249740354513E-018  -5.3802710244987810E-017   2.0071462919362921E-016   7.5128434289667423E-017   4.1751101003111718E-017  -4.9321884660729167E-004   3.6233922506795681E-017  -2.9669570193749761E-017  -1.2911192057525654E-017   5.1218716153782968E-017   1.0770062302453338E-016  -1.3307889952491735E-017   6.2591797964950236E-017   4.2686560891137301E-017  -1.4333813523225630E-016   2.4045181551271659E-003  -1.6719583345852634E-016  -1.0321604682062002E-016  0.42293587931799864       -1.5439038936193583E-016  -5.9674487573602164E-016  0.29323536479214657        1.2078012201488519E-016  -2.2204460492503131E-016   1.3610596124115606E-017  -4.4722929526418294E-017  -1.5060625312745363E-016   2.1814129040894677E-017  -8.6598513990158830E-017   1.4098662935741520E-016   8.7392956378499666E-003  -1.2504916806904687E-016  -1.9081958235744878E-017   4.0787860841636584E-017   1.2179810953453711E-016  -1.3740160466167684E-016  -5.3768543900675983E-017   5.0029307125534160E-017   1.1173100352319977E-017   4.8115130766212334E-017  -3.3661180993038376E-017  -3.7020979549004344E-016  -5.5243488819925468E-018   2.4045181551270766E-003  -1.1042599126764863E-016  -1.5439038936193583E-016  0.42293587931799809        1.9342166757141399E-016  -3.7209818559702512E-016  0.29323536479214618        1.3791051634015616E-016  -1.9893776020798870E-017   3.3663295579873224E-017   4.2392698266383594E-017  -1.6752647962685831E-017   3.7179742780629148E-017   4.6753175104637440E-016  -5.4948721354280972E-017   8.7392956378496926E-003  -8.1586213479534209E-018   5.2023467194277231E-017  -3.4349811430088732E-017   5.1401727976653336E-017  -5.4091651894527362E-018  -9.4459463442728264E-018  -2.3820375457922759E-017   9.0400227673743405E-017   5.6459116255164668E-017  -2.0308326735796914E-016   2.4156024402977039E-016   4.8490942164414186E-017   2.4045181551270154E-003  -5.9674487573602164E-016   1.9342166757141399E-016  0.42293587931799553       -1.1102230246251565E-016  -1.6479873021779667E-016  0.29323536479214785       -7.6166148806015082E-017  -7.8716830219578808E-017  -2.0144208607101384E-017  -3.4861965544871421E-017   5.5681270589047928E-017   1.7011613995135067E-016  -1.5222198501696482E-016   9.6927674220204096E-017   8.7392956378482614E-003   3.2262395176223730E-017  -6.2352702401726900E-017   2.4492949428020319E-016   2.8097646970464466E-017  -4.9253454453570071E-017  -9.2877718459053858E-018   3.8212695293810120E-017   2.8377078660878058E-017  -9.9689930250264827E-017   4.6458131734156399E-003  -4.8994079735083240E-017  -2.3234452556364360E-016  0.29323536479214657       -3.7209818559702512E-016  -1.1102230246251565E-016  0.20331860657160877       -1.0495077029659683E-016   6.2450045135165055E-017   9.3259703243579417E-018  -3.1144571498216226E-017  -1.0454204716909713E-016   1.5151650953133062E-017  -6.0208251112970488E-017   9.7162017542104481E-017   6.0576233050395932E-003  -9.2092810157276550E-017  -5.8546917314217239E-018   2.8293592506296417E-017   8.4368104616089290E-017  -9.4328341488779025E-017  -3.7107508587820033E-017   3.5062858967386529E-017   8.3694882352447743E-018   1.5690954937603962E-017   2.8054388245550247E-017  -2.0605395865032695E-016   1.8746533188632175E-017   4.6458131734160076E-003  -8.5441907455435784E-017   1.2078012201488519E-016  0.29323536479214618       -1.6479873021779667E-016  -1.0495077029659683E-016  0.20331860657160855       -1.1102230246251565E-016  -1.3715803042650117E-017   2.3357083146562379E-017   2.9532247276925240E-017  -1.1620863006435437E-017   2.5844923545831731E-017   3.2411214988744751E-016  -3.3390038780764519E-017   6.0576233050394033E-003  -1.1953328951652686E-017   3.6016255709961041E-017  -2.3782040377746594E-017   3.6444180882482689E-017  -3.7988466950037578E-018  -6.6613936657204153E-018  -1.6089040805680807E-017   5.8983377356024523E-017   6.2467163944956151E-017  -1.1931846518137787E-016  -4.4094502354985465E-016   1.5967248682101365E-016   4.6458131734150466E-003  -2.2204460492503131E-016   1.3791051634015616E-016  0.29323536479214785        6.2450045135165055E-017  -1.1102230246251565E-016  0.20331860657161199       -5.2951999095476457E-017  -5.4665055393590223E-017  -1.4140831398768127E-017  -2.4153735008717444E-017   3.8444368760141760E-017   1.1871425822903456E-016  -1.0104764247564901E-016   6.7322178647771791E-017   6.0576233050384813E-003   2.2476019735195026E-017  -4.3318546847736046E-017   1.6977505099442304E-016   1.9633191662138885E-017  -3.3827232184878638E-017  -3.6048460841684519E-019  -1.0409278010598262E-017  -2.0249351544473211E-017  -1.9010851433248894E-017  -3.7068527260064798E-017   2.5793025038691664E-017  -4.8583877414735886E-017   1.3610596124115606E-017  -1.9893776020798870E-017  -7.6166148806015082E-017   9.3259703243579417E-018  -1.3715803042650117E-017  -5.2951999095476457E-017   2.0834614174735459E-032   1.7945555636558896E-032  -1.9474962652224712E-034   8.1092192164282055E-033  -4.3344224586479878E-033  -2.0318104009514375E-019   3.0141853225913996E-019  -4.2514509758541461E-019  -1.5476969980478595E-018   7.3602185411333216E-032   3.2268697114226771E-032  -5.5086569202790714E-032  -1.2198701097238289E-032  -5.1879122465304790E-033  -1.8791147117062052E-019  -6.9104007082437178E-018  -5.4865799613991928E-017  -5.1868468798280738E-017  -4.6120465174471116E-017   5.9668818764759568E-018  -3.0004247631680132E-017  -4.4722929526418294E-017   3.3663295579873224E-017  -7.8716830219578808E-017  -3.1144571498216226E-017   2.3357083146562379E-017  -5.4665055393590223E-017   1.7945555636558896E-032   3.4487631864701988E-032   2.0505924127211351E-032   4.9371373032043527E-033   1.9780747621574574E-032  -4.6807687546701920E-019  -8.9921399977544206E-019   6.9246114388274834E-019  -1.6105028978133160E-018   1.9961361207085778E-031   3.2895006233145896E-032  -4.0128398618519073E-032  -5.8540601064461609E-033  -2.0476539856528758E-032   3.2488563007168131E-019   2.2487666997269709E-017   3.6885466164148135E-017   3.4570433808846727E-017  -4.1717012909052401E-017   4.7215113736714021E-017  -5.8562258261636375E-017  -1.5060625312745363E-016   4.2392698266383594E-017  -2.0144208607101384E-017  -1.0454204716909713E-016   2.9532247276925240E-017  -1.4140831398768127E-017  -1.9474962652224712E-034   2.0505924127211351E-032   7.0824512510364939E-032  -1.0430354084792479E-032   2.9431092892623669E-032   3.8367610412542959E-019  -3.0898429638466081E-018   8.5046168828285811E-019  -3.8449976501113371E-019  -1.6787989331836066E-031  -6.3841276197158503E-032   4.3333825367059060E-032   1.2331522430909167E-032  -2.0130533401020531E-032  -1.1107420899970764E-019  -2.5248433597389705E-018  -1.5654869515845017E-017  -1.4790304974348520E-017   9.2498934719460043E-018  -2.0081101442411445E-018   5.5775249740354513E-018   2.1814129040894677E-017  -1.6752647962685831E-017  -3.4861965544871421E-017   1.5151650953133062E-017  -1.1620863006435437E-017  -2.4153735008717444E-017   8.1092192164282055E-033   4.9371373032043527E-033  -1.0430354084792479E-032   5.5511376473597794E-033  -7.4849332763819201E-033  -1.3570470853860184E-019   4.4579711942745992E-019  -3.4512771185067712E-019  -7.2350424881516355E-019   5.7241877581657452E-032   2.2270305874471347E-032  -2.7240889526653993E-032  -4.4887549657329162E-033   4.7574963950427259E-033  -5.9884616788818848E-019   1.0921908640705134E-017  -8.0615059585659826E-017  -7.6564980736024921E-017  -5.6410966824331155E-017   2.2687452259472703E-017  -5.3802710244987810E-017  -8.6598513990158830E-017   3.7179742780629148E-017   5.5681270589047928E-017  -6.0208251112970488E-017   2.5844923545831731E-017   3.8444368760141760E-017  -4.3344224586479878E-033   1.9780747621574574E-032   2.9431092892623669E-032  -7.4849332763819201E-033   5.5357598321861006E-032  -6.0635470820632214E-019  -1.7590458168790071E-018   7.5605134164813894E-019   1.1799616980168128E-018   2.8506588110213081E-031   1.8311577896829116E-032   5.2795949156303492E-032   5.5783737587452691E-033  -5.2655616658479743E-032   1.9539509407459868E-004   3.9956693201047555E-003   2.6221403494912253E-003   2.4171632089613174E-003  -1.8743499269188697E-016  -1.3017863572718049E-016   2.0071462919362921E-016   1.4098662935741520E-016   4.6753175104637440E-016   1.7011613995135067E-016   9.7162017542104481E-017   3.2411214988744751E-016   1.1871425822903456E-016  -2.0318104009514375E-019  -4.6807687546701920E-019   3.8367610412542959E-019  -1.3570470853860184E-019  -6.0635470820632214E-019   3.6571165887261846E-005   3.0585641210306230E-018   9.8733778988504784E-018   3.4235081760821845E-018  -1.2920142908244963E-017  -1.6588602104267317E-018  -1.8860236975916295E-020   9.4400468367635286E-020   6.5617934428961894E-019  -2.5026979780749928E-019   2.7554616022607926E-018   5.5807777979038975E-018   1.3272370692389410E-018  -4.9321884660757476E-004  -3.0153261191509821E-017   7.5128434289667423E-017   8.7392956378499666E-003  -5.4948721354280972E-017  -1.5222198501696482E-016   6.0576233050395932E-003  -3.3390038780764519E-017  -1.0104764247564901E-016   3.0141853225913996E-019  -8.9921399977544206E-019  -3.0898429638466081E-018   4.4579711942745992E-019  -1.7590458168790071E-018   3.0585641210306230E-018   1.8087851075819291E-004  -3.6693467275056291E-018  -3.4423418976414766E-018   8.4025965695094853E-019   2.5310774918329440E-018  -3.0099135433219194E-018  -1.1423891620150965E-018   9.6526422251381953E-019   1.9899489055670414E-019   5.1786890272389141E-018   1.4925507190458470E-017   6.7828524235055667E-018   5.1881191535799523E-017  -4.9321884660769987E-004   4.1751101003111718E-017  -1.2504916806904687E-016   8.7392956378496926E-003   9.6927674220204096E-017  -9.2092810157276550E-017   6.0576233050394033E-003   6.7322178647771791E-017  -4.2514509758541461E-019   6.9246114388274834E-019   8.5046168828285811E-019  -3.4512771185067712E-019   7.5605134164813894E-019   9.8733778988504784E-018  -3.6693467275056291E-018   1.8087851075818191E-004   1.7628873214730126E-018   1.0847014325515363E-018  -7.1594721350150424E-019   9.1529046340649334E-019  -1.0293301666465219E-019  -1.7473398620101840E-019  -5.4845496286066771E-019   1.9252542158781810E-018   3.1973668935273866E-018  -2.1504758782655196E-018   2.1631527406980322E-016  -6.2516537221524518E-017  -4.9321884660729167E-004  -1.9081958235744878E-017  -8.1586213479534209E-018   8.7392956378482614E-003  -5.8546917314217239E-018  -1.1953328951652686E-017   6.0576233050384813E-003  -1.5476969980478595E-018  -1.6105028978133160E-018  -3.8449976501113371E-019  -7.2350424881516355E-019   1.1799616980168128E-018   3.4235081760821845E-018  -3.4423418976414766E-018   1.7628873214730126E-018   1.8087851075812339E-004   6.4706870854651090E-019  -1.2724955442297408E-018   5.0688471086511057E-018   5.5285838425418676E-019  -1.0763980505486799E-018  -1.2375953353537015E-016  -8.6746734383464937E-016  -1.1865811280139551E-015  -1.1096067193540707E-015   4.9382739261392852E-018  -1.7597486118853454E-017   3.6233922506795681E-017   4.0787860841636584E-017   5.2023467194277231E-017   3.2262395176223730E-017   2.8293592506296417E-017   3.6016255709961041E-017   2.2476019735195026E-017   7.3602185411333216E-032   1.9961361207085778E-031  -1.6787989331836066E-031   5.7241877581657452E-032   2.8506588110213081E-031  -1.2920142908244963E-017   8.4025965695094853E-019   1.0847014325515363E-018   6.4706870854651090E-019   5.0962471657060763E-030   7.5700152971070458E-031   2.7069875935424094E-033  -3.9738525584406985E-032  -3.0012172275713740E-031  -5.2712177417919140E-017  -3.8230209981119093E-018  -2.0318821835972147E-016  -1.9241684520000043E-016  -2.5658841523242648E-017   1.1150893164612676E-017  -2.9669570193749761E-017   1.2179810953453711E-016  -3.4349811430088732E-017  -6.2352702401726900E-017   8.4368104616089290E-017  -2.3782040377746594E-017  -4.3318546847736046E-017   3.2268697114226771E-032   3.2895006233145896E-032  -6.3841276197158503E-032   2.2270305874471347E-032   1.8311577896829116E-032  -1.6588602104267317E-018   2.5310774918329440E-018  -7.1594721350150424E-019  -1.2724955442297408E-018   7.5700152971070458E-031   1.8024720130998815E-031  -8.7641437348377298E-032  -2.8309132482069857E-032  -3.8014935278757693E-032  -1.7936009601625945E-019  -1.4560376056734202E-017   4.6554830346720471E-018   4.6558299897203800E-018   3.1352623046164350E-016   2.7062941635531064E-016  -1.2911192057525654E-017  -1.3740160466167684E-016   5.1401727976653336E-017   2.4492949428020319E-016  -9.4328341488779025E-017   3.6444180882482689E-017   1.6977505099442304E-016  -5.5086569202790714E-032  -4.0128398618519073E-032   4.3333825367059060E-032  -2.7240889526653993E-032   5.2795949156303492E-032  -1.8860236975916295E-020  -3.0099135433219194E-018   9.1529046340649334E-019   5.0688471086511057E-018   2.7069875935424094E-033  -8.7641437348377298E-032   3.6517708896459929E-031   4.6168328260958206E-032  -1.6635021539658517E-032  -1.5167988216247545E-019   4.9204780845181592E-018   9.3749217109199963E-018   8.8000533604278217E-018   5.7405170666232822E-017  -1.6302715700284061E-017   5.1218716153782968E-017  -5.3768543900675983E-017  -5.4091651894527362E-018   2.8097646970464466E-017  -3.7107508587820033E-017  -3.7988466950037578E-018   1.9633191662138885E-017  -1.2198701097238289E-032  -5.8540601064461609E-033   1.2331522430909167E-032  -4.4887549657329162E-033   5.5783737587452691E-033   9.4400468367635286E-020  -1.1423891620150965E-018  -1.0293301666465219E-019   5.5285838425418676E-019  -3.9738525584406985E-032  -2.8309132482069857E-032   4.6168328260958206E-032   1.5272223400048607E-032   6.3285656544020259E-033   3.8206067407577482E-019  -5.8903037263599128E-018   8.4396486434066929E-017   8.0063439198622200E-017   1.2641289524361190E-016  -3.7704354359272283E-017   1.0770062302453338E-016   5.0029307125534160E-017  -9.4459463442728264E-018  -4.9253454453570071E-017   3.5062858967386529E-017  -6.6613936657204153E-018  -3.3827232184878638E-017  -5.1879122465304790E-033  -2.0476539856528758E-032  -2.0130533401020531E-032   4.7574963950427259E-033  -5.2655616658479743E-032   6.5617934428961894E-019   9.6526422251381953E-019  -1.7473398620101840E-019  -1.0763980505486799E-018  -3.0012172275713740E-031  -3.8014935278757693E-032  -1.6635021539658517E-032   6.3285656544020259E-033   6.3165309189774916E-032
