  0.34714366038825634       0.28850431842989926        3.1091504561182338E-017   5.9056178595438644E-018  -2.1746418436075485E-033   9.8885193536528762E-003   2.8673079702443817E-017   5.0511788421950065E-018  -2.1210143934713781E-033  0.28850431842989926       0.23977030621734063        2.5839542402565121E-017   4.9080437003215448E-018  -1.8073023779764229E-033   8.2181553689205811E-003   2.3829636720393297E-017   4.1979361152818485E-018  -1.7627336512038664E-033   3.1091504561182338E-017   2.5839542402565121E-017   2.7846732237508099E-033   5.2892956308419305E-034  -1.9476918208398706E-049   8.8565334663919174E-019   2.5680699090244287E-033   4.5240275981363311E-034  -1.8996610399047241E-049   5.9056178595438644E-018   4.9080437003215448E-018   5.2892956308419305E-034   1.0046653959907170E-034  -3.6995069117369346E-050   1.6822377350651783E-019   4.8778725035476775E-034   8.5930798646455913E-035  -3.6082757404887671E-050  -2.1746418436075485E-033  -1.8073023779764229E-033  -1.9476918208398706E-049  -3.6995069117369346E-050   1.3622795653763924E-065  -6.1945500988627831E-035  -1.7961923555305689E-049  -3.1642533403885230E-050   1.3286852612483372E-065   9.8885193536528762E-003   8.2181553689205811E-003   8.8565334663919174E-019   1.6822377350651783E-019  -6.1945500988627831E-035   2.8167823919988673E-004   8.1676359363536553E-019   1.4388475273880295E-019  -6.0417902650909442E-035   2.8673079702443817E-017   2.3829636720393297E-017   2.5680699090244287E-033   4.8778725035476775E-034  -1.7961923555305689E-049   8.1676359363536553E-019   2.3683148892973657E-033   4.1721301599334900E-034  -1.7518976059080791E-049   5.0511788421950065E-018   4.1979361152818485E-018   4.5240275981363311E-034   8.5930798646455913E-035  -3.1642533403885230E-050   1.4388475273880295E-019   4.1721301599334900E-034   7.3498123708502616E-035  -3.0862217147538419E-050  -2.1210143934713781E-033  -1.7627336512038664E-033  -1.8996610399047241E-049  -3.6082757404887671E-050   1.3286852612483372E-065  -6.0417902650909442E-035  -1.7518976059080791E-049  -3.0862217147538419E-050   1.2959194047447873E-065
