  0.35339120406160024       0.29490939313337500       -7.7483031487301425E-018   9.5482840457604530E-034  -3.3655710284756478E-019   1.4951788019942892E-002  -3.1589010995324698E-017  -4.4634181715174667E-034  -3.6686643925558646E-019  0.29490939313337500       0.24610558825096099       -6.4660561812034073E-018   7.9681628207969237E-034  -2.8086112448401828E-019   1.2477454674994148E-002  -2.6361425964328322E-017  -3.7247784583604044E-034  -3.0615464595153870E-019  -7.7483031487301425E-018  -6.4660561812034073E-018   1.6988595356820602E-034  -2.0935155851768001E-050   7.3792059048156714E-036  -3.2782645652344799E-019   6.9260703307624113E-034   9.7862982086106870E-051   8.0437553447198390E-036   9.5482840457604530E-034   7.9681628207969237E-034  -2.0935155851768001E-050   2.5798527855444770E-066  -9.0934431266902849E-052   4.0398266104418250E-035  -8.5350412302688292E-050  -1.2059718529165401E-066  -9.9123716963211633E-052  -3.3655710284756478E-019  -2.8086112448401828E-019   7.3792059048156714E-036  -9.0934431266902849E-052   3.2052490886955381E-037  -1.4239546430549379E-020   3.0084240638182814E-035   4.2507993162762572E-052   3.4939043334632564E-037   1.4951788019942892E-002   1.2477454674994148E-002  -3.2782645652344799E-019   4.0398266104418250E-035  -1.4239546430549379E-020   6.3260195054073661E-004  -1.3365137296383035E-018  -1.8884477479314224E-035  -1.5521917830259947E-020  -3.1589010995324698E-017  -2.6361425964328322E-017   6.9260703307624113E-034  -8.5350412302688292E-050   3.0084240638182814E-035  -1.3365137296383035E-018   2.8236854913027348E-033   3.9897700926427204E-050   3.2793538294858786E-035  -4.4634181715174667E-034  -3.7247784583604044E-034   9.7862982086106870E-051  -1.2059718529165401E-066   4.2507993162762572E-052  -1.8884477479314224E-035   3.9897700926427204E-050   5.6374073674905818E-067   4.6336137195080325E-052  -3.6686643925558646E-019  -3.0615464595153870E-019   8.0437553447198390E-036  -9.9123716963211633E-052   3.4939043334632564E-037  -1.5521917830259947E-020   3.2793538294858786E-035   4.6336137195080325E-052   3.8085550150991347E-037
