   1.0022607200287161        1.7045845691901283E-003  -5.9238264388268109E-003   3.9897317624673815E-024  -1.8091570002308971E-026  -1.7501190927036968E-027   1.0981105145028240E-021  -6.7254552353702648E-024  -5.2064470450270799E-025   2.0158190961454539E-018   9.5961197381161110E-018  -5.6875543602729602E-016   1.2120293869044825E-017   2.0418235129265029E-017   1.5061486467158091E-003   1.3547730076607682E-023  -4.2634770203670826E-026  -5.7209950668662044E-027   1.0937018716056099E-017  -1.1893480590217655E-016   5.1924872130784820E-016  -2.3261804081401268E-016  -2.1921740042728427E-017   1.7045845691901283E-003   2.8990546027163927E-006  -1.0074886640170214E-005   6.7854950928484747E-027  -3.0769050848840326E-029  -2.9764969733446958E-030   1.8676001172961424E-024  -1.1438248537429116E-026  -8.8548110445797217E-028   3.4283835103004759E-021   1.6320501544972127E-020  -9.6730493425638253E-019   2.0613464630871284E-020   3.4726102535918771E-020   2.5615667568263114E-006   2.3041162019675674E-026  -7.2510645132398410E-029  -9.7299232789583649E-030   1.8601021634169905E-020  -2.0227714289218529E-019   8.8310690045570581E-019  -3.9562273065579652E-019  -3.7283172990718016E-020  -5.9238264388268109E-003  -1.0074886640170214E-005   3.5012566067976913E-005  -2.3581168079353848E-026   1.0692958284995276E-028   1.0344016826436846E-029  -6.4903432495879547E-024   3.9750564638800854E-026   3.0772520604019548E-027  -1.1914427273271038E-020  -5.6717525369218624E-020   3.3616088327480641E-018  -7.1636567045889130E-020  -1.2068125456363992E-019  -8.9020381582575634E-006  -8.0073378124205403E-026   2.5199129717322909E-028   3.3813738437767749E-029  -6.4642861221040852E-020   7.0295995205704774E-019  -3.0690011512396854E-018   1.3748806800316999E-018   1.2956766703027366E-019   3.9897317624673815E-024   6.7854950928484747E-027  -2.3581168079353848E-026   1.5882054657379974E-047  -7.2017699615172101E-050  -6.9667558477802825E-051   4.3712841487849477E-045  -2.6772237835321420E-047  -2.0725472654015438E-048   8.0244364710305860E-042   3.8199585148368451E-041  -2.2640632151373471E-039   4.8247646997860315E-041   8.1279530965178325E-041   5.9955747788131980E-027   5.3929888616634258E-047  -1.6971761286046386E-049  -2.2773750656956127E-050   4.3537345209836231E-041  -4.7344764020803999E-040   2.0669902298108014E-039  -9.2599018140909397E-040  -8.7264581749268547E-041  -1.8091570002308971E-026  -3.0769050848840326E-029   1.0692958284995276E-028  -7.2017699615172101E-050   3.2656662942858629E-052   3.1590983708429901E-053  -1.9821731857185980E-047   1.2139959369515187E-049   9.3980337946121784E-051  -3.6387071309012069E-044  -1.7321727622698047E-043   1.0266469172598895E-041  -2.1878054342396874E-043  -3.6856470854621406E-043  -2.7187131183951092E-029  -2.4454685508009543E-049   7.6959010191476701E-052   1.0326832197126188E-052  -1.9742152492260011E-043   2.1468639084534884E-042  -9.3728352338114235E-042   4.1989329573507563E-042   3.9570411832968760E-043  -1.7501190927036968E-027  -2.9764969733446958E-030   1.0344016826436846E-029  -6.9667558477802825E-051   3.1590983708429901E-053   3.0560080600168128E-054  -1.9174892709304313E-048   1.1743798174798567E-050   9.0913493830143978E-052  -3.5199658303478040E-045  -1.6756470680669419E-044   9.9314452594916356E-043  -2.1164111578459502E-044  -3.5653740014889761E-044  -2.6299938233553135E-030  -2.3656659984826994E-050   7.4447620120582135E-053   9.9898384678782345E-054  -1.9097910244032143E-044   2.0768056697906278E-043  -9.0669731224906148E-043   4.0619099042838586E-043   3.8279117426618238E-044   1.0981105145028240E-021   1.8676001172961424E-024  -6.4903432495879547E-024   4.3712841487849477E-045  -1.9821731857185980E-047  -1.9174892709304313E-048   1.2031267692772673E-042  -7.3686346887529967E-045  -5.7043582863175428E-046   2.2085991205456795E-039   1.0513831154184582E-038  -6.2314756230725830E-037   1.3279401128361993E-038   2.2370904331554019E-038   1.6501870544377337E-024   1.4843348190222202E-044  -4.6712086494541316E-047  -6.2681143846129864E-048   1.1982965120164816E-038  -1.3030896880583190E-037   5.6890634254723451E-037  -2.5486414001498099E-037  -2.4018194823027649E-038  -6.7254552353702648E-024  -1.1438248537429116E-026   3.9750564638800854E-026  -2.6772237835321420E-047   1.2139959369515187E-049   1.1743798174798567E-050  -7.3686346887529967E-045   4.5129722455523704E-047   3.4936744338990127E-048  -1.3526720964722993E-041  -6.4392699865663516E-041   3.8165111616521099E-039  -8.1330628075954270E-041  -1.3701218016725437E-040  -1.0106686911775264E-026  -9.0909132075428206E-047   2.8609146576837880E-049   3.8389508293690661E-050  -7.3390514377471137E-041   7.9808646297105362E-040  -3.4843069885838959E-039   1.5609333870625514E-039   1.4710112687502081E-040  -5.2064470450270799E-025  -8.8548110445797217E-028   3.0772520604019548E-027  -2.0725472654015438E-048   9.3980337946121784E-051   9.0913493830143978E-052  -5.7043582863175428E-046   3.4936744338990127E-048   2.7045947517422963E-049  -1.0471582061137696E-042  -4.9848994633660975E-042   2.9545157263696422E-040  -6.2961330258997127E-042  -1.0606667290162203E-041  -7.8239953081673036E-028  -7.0376437801690575E-048   2.2147498041821956E-050   2.9718871811764340E-051  -5.6814566946198035E-042   6.1783102576594497E-041  -2.6973430332677094E-040   1.2083816985079538E-040   1.1387693480000404E-041   2.0158190961454539E-018   3.4283835103004759E-021  -1.1914427273271038E-020   8.0244364710305860E-042  -3.6387071309012069E-044  -3.5199658303478040E-045   2.2085991205456795E-039  -1.3526720964722993E-041  -1.0471582061137696E-042   4.0543608535992995E-036   1.9300408596715767E-035  -1.1439219816451633E-033   2.4377209785708458E-035   4.1066628134425048E-035   3.0292748613318613E-021   2.7248172508513962E-041  -8.5750126906969314E-044  -1.1506478179063438E-044   2.1997321397664311E-035  -2.3921026549567992E-034   1.0443505039601667E-033  -4.6785819239468365E-034  -4.4090585728633867E-035   9.5961197381161110E-018   1.6320501544972127E-020  -5.6717525369218624E-020   3.8199585148368451E-041  -1.7321727622698047E-043  -1.6756470680669419E-044   1.0513831154184582E-038  -6.4392699865663516E-041  -4.9848994633660975E-042   1.9300408596715767E-035   9.1877804036481880E-035  -5.4455344370534597E-033   1.1604544496683093E-034   1.9549387222899652E-034   1.4420581859051944E-020   1.2971239658187882E-040  -4.0820552148324059E-043  -5.4775521564136266E-044   1.0471620715045503E-034  -1.1387382700523119E-033   4.9715336578201233E-033  -2.2271955074057871E-033  -2.0988914173135447E-034  -5.6875543602729602E-016  -9.6730493425638253E-019   3.3616088327480641E-018  -2.2640632151373471E-039   1.0266469172598895E-041   9.9314452594916356E-043  -6.2314756230725830E-037   3.8165111616521099E-039   2.9545157263696422E-040  -1.1439219816451633E-033  -5.4455344370534597E-033   3.2275309163201699E-031  -6.8779339412503796E-033  -1.1586787740739011E-032  -8.5469799740353798E-019  -7.6879647909182202E-039   2.4194061318114520E-041   3.2465075990130292E-042  -6.2064577852666497E-033   6.7492236339239274E-032  -2.9465939050828973E-031   1.3200435035227005E-031   1.2439985492120067E-032   1.2120293869044825E-017   2.0613464630871284E-020  -7.1636567045889130E-020   4.8247646997860315E-041  -2.1878054342396874E-043  -2.1164111578459502E-044   1.3279401128361993E-038  -8.1330628075954270E-041  -6.2961330258997127E-042   2.4377209785708458E-035   1.1604544496683093E-034  -6.8779339412503796E-033   1.4657016935453348E-034   2.4691680029808620E-034   1.8213787933479777E-020   1.6383209129684104E-040  -5.1558036105902766E-043  -6.9183736375289105E-044   1.3226087607827754E-034  -1.4382732656138465E-033   6.2792514638272590E-033  -2.8130395191248411E-033  -2.6509861768409242E-034   2.0418235129265029E-017   3.4726102535918771E-020  -1.2068125456363992E-019   8.1279530965178325E-041  -3.6856470854621406E-043  -3.5653740014889761E-044   2.2370904331554019E-038  -1.3701218016725437E-040  -1.0606667290162203E-041   4.1066628134425048E-035   1.9549387222899652E-034  -1.1586787740739011E-032   2.4691680029808620E-034   4.1596394776601399E-034   3.0683530336683854E-020   2.7599678670841830E-040  -8.6856318451329885E-043  -1.1654913747921061E-043   2.2281090667826180E-034  -2.4229611950616608E-033   1.0578228070167298E-032  -4.7389364441154547E-033  -4.4659361949476471E-034   1.5061486467158091E-003   2.5615667568263114E-006  -8.9020381582575634E-006   5.9955747788131980E-027  -2.7187131183951092E-029  -2.6299938233553135E-030   1.6501870544377337E-024  -1.0106686911775264E-026  -7.8239953081673036E-028   3.0292748613318613E-021   1.4420581859051944E-020  -8.5469799740353798E-019   1.8213787933479777E-020   3.0683530336683854E-020   2.2633669071046383E-006   2.0358869616649344E-026  -6.4069458337605493E-029  -8.5972330409012470E-030   1.6435619603870541E-020  -1.7872943973284536E-019   7.8030171519075655E-019  -3.4956707408793770E-019  -3.2942924370083253E-020   1.3547730076607682E-023   2.3041162019675674E-026  -8.0073378124205403E-026   5.3929888616634258E-047  -2.4454685508009543E-049  -2.3656659984826994E-050   1.4843348190222202E-044  -9.0909132075428206E-047  -7.0376437801690575E-048   2.7248172508513962E-041   1.2971239658187882E-040  -7.6879647909182202E-039   1.6383209129684104E-040   2.7599678670841830E-040   2.0358869616649344E-026   1.8312699137142843E-046  -5.7630150224881516E-049  -7.7331671676494286E-050   1.4783755807938777E-040  -1.6076621730024978E-039   7.0187740358625081E-039  -3.1443379600941154E-039  -2.9631992052919894E-040  -4.2634770203670826E-026  -7.2510645132398410E-029   2.5199129717322909E-028  -1.6971761286046386E-049   7.6959010191476701E-052   7.4447620120582135E-053  -4.6712086494541316E-047   2.8609146576837880E-049   2.2147498041821956E-050  -8.5750126906969314E-044  -4.0820552148324059E-043   2.4194061318114520E-041  -5.1558036105902766E-043  -8.6856318451329885E-043  -6.4069458337605493E-029  -5.7630150224881516E-049   1.8136235352690838E-051   2.4336313410066253E-052  -4.6524548987506828E-043   5.0593204118706810E-042  -2.2088114867831735E-041   9.8952463337577451E-042   9.3252018213340450E-043  -5.7209950668662044E-027  -9.7299232789583649E-030   3.3813738437767749E-029  -2.2773750656956127E-050   1.0326832197126188E-052   9.9898384678782345E-054  -6.2681143846129864E-048   3.8389508293690661E-050   2.9718871811764340E-051  -1.1506478179063438E-044  -5.4775521564136266E-044   3.2465075990130292E-042  -6.9183736375289105E-044  -1.1654913747921061E-043  -8.5972330409012470E-030  -7.7331671676494286E-050   2.4336313410066253E-052   3.2655958575498884E-053  -6.2429494512154038E-044   6.7889065614139438E-043  -2.9639187825236447E-042   1.3278048688996994E-042   1.2513127985099462E-043   1.0937018716056099E-017   1.8601021634169905E-020  -6.4642861221040852E-020   4.3537345209836231E-041  -1.9742152492260011E-043  -1.9097910244032143E-044   1.1982965120164816E-038  -7.3390514377471137E-041  -5.6814566946198035E-042   2.1997321397664311E-035   1.0471620715045503E-034  -6.2064577852666497E-033   1.3226087607827754E-034   2.2281090667826180E-034   1.6435619603870541E-020   1.4783755807938777E-040  -4.6524548987506828E-043  -6.2429494512154038E-044   1.1934856470473489E-034  -1.2978581043317100E-033   5.6662232388688458E-033  -2.5384092334799519E-033  -2.3921767694235072E-034  -1.1893480590217655E-016  -2.0227714289218529E-019   7.0295995205704774E-019  -4.7344764020803999E-040   2.1468639084534884E-042   2.0768056697906278E-043  -1.3030896880583190E-037   7.9808646297105362E-040   6.1783102576594497E-041  -2.3921026549567992E-034  -1.1387382700523119E-033   6.7492236339239274E-032  -1.4382732656138465E-033  -2.4229611950616608E-033  -1.7872943973284536E-019  -1.6076621730024978E-039   5.0593204118706810E-042   6.7889065614139438E-043  -1.2978581043317100E-033   1.4113581199294251E-032  -6.1617446089210077E-032   2.7603976670627674E-032   2.6013769121323791E-033   5.1924872130784820E-016   8.8310690045570581E-019  -3.0690011512396854E-018   2.0669902298108014E-039  -9.3728352338114235E-042  -9.0669731224906148E-043   5.6890634254723451E-037  -3.4843069885838959E-039  -2.6973430332677094E-040   1.0443505039601667E-033   4.9715336578201233E-033  -2.9465939050828973E-031   6.2792514638272590E-033   1.0578228070167298E-032   7.8030171519075655E-019   7.0187740358625081E-039  -2.2088114867831735E-041  -2.9639187825236447E-042   5.6662232388688458E-033  -6.1617446089210077E-032   2.6901107585270873E-031  -1.2051417144468378E-031  -1.1357160126662108E-032  -2.3261804081401268E-016  -3.9562273065579652E-019   1.3748806800316999E-018  -9.2599018140909397E-040   4.1989329573507563E-042   4.0619099042838586E-043  -2.5486414001498099E-037   1.5609333870625514E-039   1.2083816985079538E-040  -4.6785819239468365E-034  -2.2271955074057871E-033   1.3200435035227005E-031  -2.8130395191248411E-033  -4.7389364441154547E-033  -3.4956707408793770E-019  -3.1443379600941154E-039   9.8952463337577451E-042   1.3278048688996994E-042  -2.5384092334799519E-033   2.7603976670627674E-032  -1.2051417144468378E-031   5.3989098675441756E-032   5.0878899253155133E-033  -2.1921740042728427E-017  -3.7283172990718016E-020   1.2956766703027366E-019  -8.7264581749268547E-041   3.9570411832968760E-043   3.8279117426618238E-044  -2.4018194823027649E-038   1.4710112687502081E-040   1.1387693480000404E-041  -4.4090585728633867E-035  -2.0988914173135447E-034   1.2439985492120067E-032  -2.6509861768409242E-034  -4.4659361949476471E-034  -3.2942924370083253E-020  -2.9631992052919894E-040   9.3252018213340450E-043   1.2513127985099462E-043  -2.3921767694235072E-034   2.6013769121323791E-033  -1.1357160126662108E-032   5.0878899253155133E-033   4.7947871935676993E-034
