   1.0000012694566296        1.7427195020463190E-004   1.5736551499721582E-004   1.0943269254632055E-004   1.9212360502891944E-016  -5.4624538139784360E-017  -6.7061657416592334E-018   9.9975874940989201E-017  -3.6851261572200590E-017  -7.1935760390917809E-020  -6.5075517001834667E-017  -2.9608148251684919E-017   7.1621297930909229E-020   4.7741763918179145E-018  -1.2383508127935303E-017   2.6088391816200996E-018  -1.1796097872296569E-017  -9.0269224612776576E-018   1.1184723564288358E-005   3.0406898686955347E-017   4.1280078909711336E-018  -3.4300045478137320E-020   6.0108454529092169E-017  -8.9513684641924186E-019  -7.8274700444262181E-019   1.1673852981960308E-017  -1.1236384859198890E-019   1.7427195020463190E-004   1.0066004062417215        4.3128854782114676E-003  -1.3863325656346175E-002  -5.1004007861872407E-016   2.4380950097000122E-016   5.8392049915552057E-017  -2.9913249592292441E-017   2.3853688472228113E-017  -1.3135496046984782E-018   1.0475599405087243E-016  -4.3196029821633555E-018  -2.8540954458162952E-018   4.1140220505228643E-016  -1.0342924419121492E-017   1.4107251892077042E-016  -2.8235985691398637E-017  -5.4417307296083834E-017   4.9228161716630076E-003  -4.0216957536073732E-018   1.0987423596093234E-017   1.0118538103881748E-018  -2.0365795352081600E-016   2.2522062222873335E-017   2.1567598635437295E-017   1.6906841825175898E-017  -1.3765900424773952E-017   1.5736551499721582E-004   4.3128854782114676E-003  0.31121530183795115       0.27732601023297654       -2.3349268410854584E-016   2.4823968190226316E-016   5.7295209242284224E-017   2.9208031353599693E-015  -5.6716050011565444E-016  -1.9584439687389385E-017   4.0509239397934090E-016  -3.2761064435175755E-015   9.1188835463030779E-017  -2.5321075716110672E-016  -4.9712829010993345E-016   3.9756604023658919E-016  -6.6626220626913441E-016   2.1945897547585634E-016   5.7779207406879543E-003   1.0943046399775912E-015   3.9122565877662143E-016  -4.1665648379379750E-017   4.8262606541363704E-015  -3.1568665799051797E-016   4.0454271011961565E-017  -1.9843260175457057E-016   2.2902019071101802E-016   1.0943269254632055E-004  -1.3863325656346175E-002  0.27732601023297654       0.24743852468595431        6.0918253879382517E-016  -6.0336813476383568E-016   5.3405707677549520E-017   2.6039885426213345E-015  -5.0596347700921838E-016  -1.7433463742590636E-017   3.5914191235137260E-016  -2.9199842088105743E-015   8.1331010283238534E-017  -2.3293682573373489E-016  -4.4293321031172696E-016   3.5188890027379231E-016  -5.9337604514329807E-016   1.9657237908917442E-016   5.0635519401866207E-003   9.7547347020806899E-016   3.4853114270608415E-016  -3.7156513663093260E-017   4.3054703595236456E-015  -2.8178360188967050E-016   3.5679546055190562E-017  -1.7717072047401734E-016   2.0437940528719979E-016   1.9212360502891944E-016  -5.1004007861872407E-016  -2.3349268410854584E-016   6.0918253879382517E-016   1.0000184304023934        2.4980018054066037E-016   3.4694469519536188E-018   7.4820151265620645E-006   1.1915699512970815E-016  -1.9592666163380357E-018  -1.1919488728228525E-004   5.3827249732115706E-016   2.0419846775933203E-017   3.9183539630519198E-016   1.0376921575703969E-016   2.9405349256625732E-017   3.1941383424435285E-017   3.5540890682411565E-016  -3.1116403546341784E-017  -6.5753433838276866E-006  -8.6298257765109204E-017   2.1031033986935506E-018  -1.8974183947558490E-015   7.7174707433918978E-017   1.5554692268033261E-017  -5.4731510255019499E-017   4.2957904863895912E-017  -5.4624538139784360E-017   2.4380950097000122E-016   2.4823968190226316E-016  -6.0336813476383568E-016   2.4980018054066037E-016   1.0000184304023949       -1.3877787807814457E-016  -2.7219869628137857E-016   7.4820151259124317E-006   4.2804174714785621E-017   3.9135971481758801E-016  -1.1919488728150606E-004   6.4510029262887538E-017  -1.0090434233093464E-016   1.1722400951912351E-016  -2.1667871490932305E-017   1.4211630984068308E-017  -2.9466543863827810E-017   4.6760404627232418E-016  -2.2925370233910982E-017  -6.5753433840038169E-006   1.9050194500222829E-017   4.8543262573543422E-016  -4.2839926651904328E-017   2.7219665724234847E-017  -4.7493854747604451E-017   1.1494493414661140E-018  -6.7061657416592334E-018   5.8392049915552057E-017   5.7295209242284224E-017   5.3405707677549520E-017   3.4694469519536188E-018  -1.3877787807814457E-016   1.0000184304023945       -4.5088754922428459E-017   3.7428480115036204E-017   7.4820151272861167E-006   3.2335482761432922E-017   8.2240122914814504E-017  -1.1919488728249005E-004  -1.3746829100846181E-017  -1.9378601197415924E-017   6.7251605923929290E-017   7.1620135372570913E-018   2.5235597636272950E-017  -1.7859096359560691E-016  -1.2876144877906645E-016   6.6810358989393380E-017  -6.5753433836197341E-006   6.6480516457186296E-017  -2.4898264172818795E-017  -3.0882430267142620E-017   4.6420106946076895E-017  -2.5873188195730721E-017   9.9975874940989201E-017  -2.9913249592292441E-017   2.9208031353599693E-015   2.6039885426213345E-015   7.4820151265620645E-006  -2.7219869628137857E-016  -4.5088754922428459E-017   5.5979518629049443E-011  -1.1450522332318267E-021  -3.5200796193575560E-022  -8.9180151339417183E-010   3.6471608098238581E-020   5.5270366770021024E-021   2.9316643281477187E-021   7.7638852811496501E-022   2.2000721684328812E-022   2.3898150316259331E-022   2.6591258102839201E-021   5.3888551505399106E-017  -4.9195911959685027E-011   1.1441046897255085E-021   3.1220393334959294E-022  -1.4196251443168271E-020   5.7741168352691568E-022   1.1637829831168661E-022  -4.0949444233202865E-022   3.2140577251081097E-022  -3.6851261572200590E-017   2.3853688472228113E-017  -5.6716050011565444E-016  -5.0596347700921838E-016   1.1915699512970815E-016   7.4820151259124317E-006   3.7428480115036204E-017  -1.1450522332318267E-021   5.5979518619328403E-011   6.0030048020190838E-022  -1.1274290804076413E-020  -8.9180151331090896E-010  -3.9787128971521609E-021  -7.5495390096558159E-022   8.7705564877161845E-022  -1.6211635508616067E-022   1.0632967950602566E-022  -2.2046506399581339E-022  -1.0373948963766730E-017  -9.5499617505844913E-022  -4.9195911956731243E-011  -1.0357852225217416E-022   3.6319473010838422E-021  -3.2052307124888739E-022   2.0365419716986520E-022  -3.5534319013444468E-022   8.6000384433984534E-024  -7.1935760390917809E-020  -1.3135496046984782E-018  -1.9584439687389385E-017  -1.7433463742590636E-017  -1.9592666163380357E-018   4.2804174714785621E-017   7.4820151272861167E-006  -3.5200796193575560E-022   6.0030048020190838E-022   5.5979518639883900E-011   4.7546729347913819E-022  -4.4867827386463419E-021  -8.9180151348200466E-010  -1.0285208766896741E-022  -1.4498831507561763E-022   5.0316825923748854E-022   5.3585306071327171E-023   1.8880964340728756E-022  -3.6995898508294457E-019  -9.5049474348085622E-022   2.1841122460633061E-022  -4.9195911962889893E-011   4.9739906225864338E-022  -1.8628575584490180E-022  -2.3105855192546391E-022   3.4730954133672520E-022  -1.9358001772838553E-022  -6.5075517001834667E-017   1.0475599405087243E-016   4.0509239397934090E-016   3.5914191235137260E-016  -1.1919488728228525E-004   3.9135971481758801E-016   3.2335482761432922E-017  -8.9180151339417183E-010  -1.1274290804076413E-020   4.7546729347913819E-022   1.4207159310573728E-008  -1.1080890806671073E-019  -6.2882270165095130E-021  -4.6703915124186836E-020  -1.2368532019110706E-020  -3.5049026928484088E-021  -3.8071794299294655E-021  -4.2362143836393672E-020   8.0002282684277820E-018   7.8373286896551739E-010   7.7126578813472887E-021  -4.6329546009204090E-022   2.2615840350632028E-019  -9.1986610190310211E-021  -1.8540056214647857E-021   6.5235959628634454E-021  -5.1202682592347787E-021  -2.9608148251684919E-017  -4.3196029821633555E-018  -3.2761064435175755E-015  -2.9199842088105743E-015   5.3827249732115706E-016  -1.1919488728150606E-004   8.2240122914814504E-017   3.6471608098238581E-020  -8.9180151331090896E-010  -4.4867827386463419E-021  -1.1080890806671073E-019   1.4207159310387953E-008  -1.7488666101862515E-020   1.2027060049686043E-020  -1.3972245081931206E-020   2.5826518965198202E-021  -1.6939225265275780E-021   3.5121966411081984E-021  -6.0680714695738544E-017  -8.0691469906559811E-022   7.8373286898138602E-010  -2.8112508595052375E-021  -5.7860020775669323E-020   5.1062061223519978E-021  -3.2443851929349608E-021   5.6609203322289964E-021  -1.3700596200740933E-022   7.1621297930909229E-020  -2.8540954458162952E-018   9.1188835463030779E-017   8.1331010283238534E-017   2.0419846775933203E-017   6.4510029262887538E-017  -1.1919488728249005E-004   5.5270366770021024E-021  -3.9787128971521609E-021  -8.9180151348200466E-010  -6.2882270165095130E-021  -1.7488666101862515E-020   1.4207159310622532E-008   1.6385215464811811E-021   2.3097876149671442E-021  -8.0158998512942281E-021  -8.5365966319151947E-022  -3.0078987789070685E-021   1.6946167006742443E-018   1.5213156859575077E-020  -8.3873012184433447E-021   7.8373286894207664E-010  -7.9239916218339527E-021   2.9676910957739151E-021   3.6809599531421320E-021  -5.5329374408777198E-021   3.0838949132727132E-021   4.7741763918179145E-018   4.1140220505228643E-016  -2.5321075716110672E-016  -2.3293682573373489E-016   3.9183539630519198E-016  -1.0090434233093464E-016  -1.3746829100846181E-017   2.9316643281477187E-021  -7.5495390096558159E-022  -1.0285208766896741E-022  -4.6703915124186836E-020   1.2027060049686043E-020   1.6385215464811811E-021   5.4097578741687312E-031   4.3208879499651533E-031  -2.5479104902400268E-031   5.4517825870791548E-031  -6.0399885972752840E-032  -2.7047391130648456E-018  -2.5764047973617460E-021   6.6346847142132805E-022   9.0388455911843349E-023  -4.8313381065457390E-030   3.0283662207369556E-031  -2.0486116184176440E-032   1.5231704706443011E-031  -1.7624732276564801E-031  -1.2383508127935303E-017  -1.0342924419121492E-017  -4.9712829010993345E-016  -4.4293321031172696E-016   1.0376921575703969E-016   1.1722400951912351E-016  -1.9378601197415924E-017   7.7638852811496501E-022   8.7705564877161845E-022  -1.4498831507561763E-022  -1.2368532019110706E-020  -1.3972245081931206E-020   2.3097876149671442E-021   4.3208879499651533E-031   8.1914511049226007E-031  -6.3634893013971962E-031   1.0693179694951356E-030  -3.1731424036013680E-031  -9.2462265292353773E-018  -6.8230565285383704E-022  -7.7077391039991042E-022   1.2741860886000281E-022  -7.8504065458834667E-030   5.0765634447713438E-031  -5.9279774004584873E-032   3.0461531087020865E-031  -3.6067707760081612E-031   2.6088391816200996E-018   1.4107251892077042E-016   3.9756604023658919E-016   3.5188890027379231E-016   2.9405349256625732E-017  -2.1667871490932305E-017   6.7251605923929290E-017   2.2000721684328812E-022  -1.6211635508616067E-022   5.0316825923748854E-022  -3.5049026928484088E-021   2.5826518965198202E-021  -8.0158998512942281E-021  -2.5479104902400268E-031  -6.3634893013971962E-031   5.3199634355218293E-031  -8.5259903665625671E-031   2.8537661362010539E-031   8.0333286419749080E-018  -1.9334670383886185E-022   1.4247107015669625E-022  -4.4219425228506770E-022   6.0672296155446943E-030  -3.9813414271610547E-031   5.2296920742761538E-032  -2.4827335757712796E-031   2.8978109484958401E-031  -1.1796097872296569E-017  -2.8235985691398637E-017  -6.6626220626913441E-016  -5.9337604514329807E-016   3.1941383424435285E-017   1.4211630984068308E-017   7.1620135372570913E-018   2.3898150316259331E-022   1.0632967950602566E-022   5.3585306071327171E-023  -3.8071794299294655E-021  -1.6939225265275780E-021  -8.5365966319151947E-022   5.4517825870791548E-031   1.0693179694951356E-030  -8.5259903665625671E-031   1.4281243577467509E-030  -4.5752321422238081E-031  -1.2461117398349555E-017  -2.1002169572979919E-022  -9.3444632384819294E-023  -4.7091830314707833E-023  -1.0381036275684294E-029   6.7701323764021933E-031  -8.6330999539746111E-032   4.2221585906935446E-031  -4.8877007934827339E-031  -9.0269224612776576E-018  -5.4417307296083834E-017   2.1945897547585634E-016   1.9657237908917442E-016   3.5540890682411565E-016  -2.9466543863827810E-017   2.5235597636272950E-017   2.6591258102839201E-021  -2.2046506399581339E-022   1.8880964340728756E-022  -4.2362143836393672E-020   3.5121966411081984E-021  -3.0078987789070685E-021  -6.0399885972752840E-032  -3.1731424036013680E-031   2.8537661362010539E-031  -4.5752321422238081E-031   2.8593698707080740E-031   3.7978859129839763E-018  -2.3368925333997088E-021   1.9374907361763554E-022  -1.6592966182820647E-022   2.7312670877349087E-030  -1.9607860913797728E-031   3.1282018446166796E-032  -1.5803865137274314E-031   1.7704726012212224E-031   1.1184723564288358E-005   4.9228161716630076E-003   5.7779207406879543E-003   5.0635519401866207E-003  -3.1116403546341784E-017   4.6760404627232418E-016  -1.7859096359560691E-016   5.3888551505399106E-017  -1.0373948963766730E-017  -3.6995898508294457E-019   8.0002282684277820E-018  -6.0680714695738544E-017   1.6946167006742443E-018  -2.7047391130648456E-018  -9.2462265292353773E-018   8.0333286419749080E-018  -1.2461117398349555E-017   3.7978859129839763E-018   1.3057080725845246E-004   2.0224568449323403E-017   7.2871374821681025E-018  -7.6472131532570646E-019   8.8301545424519795E-017  -5.7315315046934773E-018   8.5212501594982303E-019  -3.5893726778682030E-018   4.1704101058447605E-018   3.0406898686955347E-017  -4.0216957536073732E-018   1.0943046399775912E-015   9.7547347020806899E-016  -6.5753433838276866E-006  -2.2925370233910982E-017  -1.2876144877906645E-016  -4.9195911959685027E-011  -9.5499617505844913E-022  -9.5049474348085622E-022   7.8373286896551739E-010  -8.0691469906559811E-022   1.5213156859575077E-020  -2.5764047973617460E-021  -6.8230565285383704E-022  -1.9334670383886185E-022  -2.1002169572979919E-022  -2.3368925333997088E-021   2.0224568449323403E-017   4.3234343788893293E-011   7.1815917854642975E-022   8.3280669265189288E-022   1.2475947568534619E-020  -5.0744085069178021E-022  -1.0227555776722669E-022   3.5987184055674992E-022  -2.8245776891065430E-022   4.1280078909711336E-018   1.0987423596093234E-017   3.9122565877662143E-016   3.4853114270608415E-016  -8.6298257765109204E-017  -6.5753433840038169E-006   6.6810358989393380E-017   1.1441046897255085E-021  -4.9195911956731243E-011   2.1841122460633061E-022   7.7126578813472887E-021   7.8373286898138602E-010  -8.3873012184433447E-021   6.6346847142132805E-022  -7.7077391039991042E-022   1.4247107015669625E-022  -9.3444632384819294E-023   1.9374907361763554E-022   7.2871374821681025E-018   7.1815917854642975E-022   4.3234343791209405E-011  -5.6454430577128519E-022  -3.1918273711121684E-021   2.8168203636349730E-022  -1.7897535029935497E-022   3.1228264785916431E-022  -7.5578845454280958E-024  -3.4300045478137320E-020   1.0118538103881748E-018  -4.1665648379379750E-017  -3.7156513663093260E-017   2.1031033986935506E-018   1.9050194500222829E-017  -6.5753433836197341E-006   3.1220393334959294E-022  -1.0357852225217416E-022  -4.9195911962889893E-011  -4.6329546009204090E-022  -2.8112508595052375E-021   7.8373286894207664E-010   9.0388455911843349E-023   1.2741860886000281E-022  -4.4219425228506770E-022  -4.7091830314707833E-023  -1.6592966182820647E-022  -7.6472131532570646E-019   8.3280669265189288E-022  -5.6454430577128519E-022   4.3234343786158576E-011  -4.3712416829338450E-022   1.6371161936299225E-022   2.0305884106617182E-022  -3.0522251767540907E-022   1.7012196136916593E-022   6.0108454529092169E-017  -2.0365795352081600E-016   4.8262606541363704E-015   4.3054703595236456E-015  -1.8974183947558490E-015   4.8543262573543422E-016   6.6480516457186296E-017  -1.4196251443168271E-020   3.6319473010838422E-021   4.9739906225864338E-022   2.2615840350632028E-019  -5.7860020775669323E-020  -7.9239916218339527E-021  -4.8313381065457390E-030  -7.8504065458834667E-030   6.0672296155446943E-030  -1.0381036275684294E-029   2.7312670877349087E-030   8.8301545424519795E-017   1.2475947568534619E-020  -3.1918273711121684E-021  -4.3712416829338450E-022   7.8760861063993251E-029  -5.0717543924871198E-030   6.0331014993071827E-031  -2.9979766178410883E-030   3.4734667979877047E-030  -8.9513684641924186E-019   2.2522062222873335E-017  -3.1568665799051797E-016  -2.8178360188967050E-016   7.7174707433918978E-017  -4.2839926651904328E-017  -2.4898264172818795E-017   5.7741168352691568E-022  -3.2052307124888739E-022  -1.8628575584490180E-022  -9.1986610190310211E-021   5.1062061223519978E-021   2.9676910957739151E-021   3.0283662207369556E-031   5.0765634447713438E-031  -3.9813414271610547E-031   6.7701323764021933E-031  -1.9607860913797728E-031  -5.7315315046934773E-018  -5.0744085069178021E-022   2.8168203636349730E-022   1.6371161936299225E-022  -5.0717543924871198E-030   3.2935250988587737E-031  -3.9670301151684273E-032   1.9845514865788223E-031  -2.2885296805928053E-031  -7.8274700444262181E-019   2.1567598635437295E-017   4.0454271011961565E-017   3.5679546055190562E-017   1.5554692268033261E-017   2.7219665724234847E-017  -3.0882430267142620E-017   1.1637829831168661E-022   2.0365419716986520E-022  -2.3105855192546391E-022  -1.8540056214647857E-021  -3.2443851929349608E-021   3.6809599531421320E-021  -2.0486116184176440E-032  -5.9279774004584873E-032   5.2296920742761538E-032  -8.6330999539746111E-032   3.1282018446166796E-032   8.5212501594982303E-019  -1.0227555776722669E-022  -1.7897535029935497E-022   2.0305884106617182E-022   6.0331014993071827E-031  -3.9670301151684273E-032   7.6341957033631255E-033  -2.8970716691742287E-032   3.0915014590636999E-032   1.1673852981960308E-017   1.6906841825175898E-017  -1.9843260175457057E-016  -1.7717072047401734E-016  -5.4731510255019499E-017  -4.7493854747604451E-017   4.6420106946076895E-017  -4.0949444233202865E-022  -3.5534319013444468E-022   3.4730954133672520E-022   6.5235959628634454E-021   5.6609203322289964E-021  -5.5329374408777198E-021   1.5231704706443011E-031   3.0461531087020865E-031  -2.4827335757712796E-031   4.2221585906935446E-031  -1.5803865137274314E-031  -3.5893726778682030E-018   3.5987184055674992E-022   3.1228264785916431E-022  -3.0522251767540907E-022  -2.9979766178410883E-030   1.9845514865788223E-031  -2.8970716691742287E-032   1.3445005096250041E-031  -1.4996472341356490E-031  -1.1236384859198890E-019  -1.3765900424773952E-017   2.2902019071101802E-016   2.0437940528719979E-016   4.2957904863895912E-017   1.1494493414661140E-018  -2.5873188195730721E-017   3.2140577251081097E-022   8.6000384433984534E-024  -1.9358001772838553E-022  -5.1202682592347787E-021  -1.3700596200740933E-022   3.0838949132727132E-021  -1.7624732276564801E-031  -3.6067707760081612E-031   2.8978109484958401E-031  -4.8877007934827339E-031   1.7704726012212224E-031   4.1704101058447605E-018  -2.8245776891065430E-022  -7.5578845454280958E-024   1.7012196136916593E-022   3.4734667979877047E-030  -2.2885296805928053E-031   3.0915014590636999E-032  -1.4996472341356490E-031   1.7133485850581688E-031
