   1.0000541017874354        3.9184521857382634E-004   1.5424422875895082E-003   7.8975430130048916E-004  -2.8836627889121238E-019  -9.6707262862827394E-018   7.5115788110319697E-018  -1.9373159501905933E-018  -1.0785013274430326E-016   2.7782759019490004E-017   4.6889161118434246E-018  -6.5179656010996550E-017   1.2361128966466682E-017   4.0538748998163922E-019   1.6771745351058298E-019   2.2719961337372698E-019   8.6413254184032416E-020   4.2821582305137596E-019   1.6964881920526588E-004   2.1757485235789255E-018  -1.3134594386468585E-017  -1.6983700242848301E-018   2.0887278064186224E-016  -9.5745220302910524E-020  -6.7998680086170001E-018  -7.4546749442587637E-019   3.4018299367636440E-018   3.9184521857382634E-004   1.0105449099336761        1.3663794466151395E-002  -5.1676502611184821E-003   1.7765044846796081E-016   5.0576767292877860E-016   3.5793771037545171E-016   6.2343911493249332E-017  -9.2670089916217754E-016   2.0532515612978254E-016   2.7039183007381668E-017  -6.5000527483954308E-016   1.9630833572638313E-016  -2.0955141020515636E-019   7.9264418090751944E-018  -1.3704527556505781E-017   2.0976265250472382E-018   3.4840578341913974E-017   4.0963744395952663E-003   1.1137524891269429E-017  -9.7777759469846335E-018  -7.5133834493942907E-017  -1.4161221666074276E-016  -2.7347480842191418E-018  -2.3665199682917297E-017  -7.9100944015319208E-018  -3.7267613490756669E-017   1.5424422875895082E-003   1.3663794466151395E-002  0.32845949256224360       0.30264991893255583        2.1299897193208732E-016   3.6599576444462818E-017   2.6052869108796364E-016   1.8842041194428337E-016  -1.3558629470891224E-015   9.7075684712050983E-017  -3.1137908488902737E-017  -6.7730606121200764E-016   1.4401054655893933E-016   1.0839810031159466E-017   3.7796460858973015E-017   2.7201822493615976E-016   3.7200333930705139E-017   9.4961393508706310E-017  -1.3428435079006341E-003  -4.8826697817109918E-017   1.8699043344942499E-016   4.5885250388139661E-016  -8.0413783318958072E-018  -2.6958347745796030E-017  -1.8942061549654400E-016   3.7267046571645358E-017  -8.8814207837270185E-017   7.8975430130048916E-004  -5.1676502611184821E-003  0.30264991893255583       0.27918101605426038        3.5731157404039350E-016  -3.9160099182102733E-016  -1.7805364624518335E-016   1.2032404095748447E-016   1.9561860614493555E-015  -6.0087298149516258E-016  -7.1432998115651615E-017   1.9714798327045941E-015  -4.2757152735526856E-016   9.9994342088817069E-018   3.4714790844185423E-017   2.5108424282950001E-016   3.4267602449631731E-017   8.6956445012521921E-017  -1.3104414127046112E-003  -4.6180118199523070E-017   2.3073234797061842E-016   4.1195622474998067E-016  -5.0562527761327433E-018  -2.4811678412361776E-017  -1.7425515043759025E-016   3.4505599838006583E-017  -8.1247500451895058E-017  -2.8836627889121238E-019   1.7765044846796081E-016   2.1299897193208732E-016   3.5731157404039350E-016  0.99983765353164866        5.6971436032324241E-017  -3.6076657882865709E-016   3.4592630880602932E-003  -5.8546917314217239E-017   1.4961989980299961E-016   3.8177798596609235E-003  -1.3227266504323154E-017  -1.8377226823629300E-016   1.4420726145007674E-017  -1.5335543192970427E-018  -1.6280677496095308E-016  -2.4418598986712191E-016   2.5634517819646550E-017  -7.3371860209847677E-016   3.9797875922858346E-005   1.6278617993512046E-016   1.3003480399658568E-016  -1.8118029860487079E-017  -3.2012057106294555E-018   1.8314160237686526E-016   1.5304471471238144E-016  -2.3991899739429009E-017  -9.6707262862827394E-018   5.0576767292877860E-016   3.6599576444462818E-017  -3.9160099182102733E-016   5.6971436032324241E-017  0.99983765353164733       -3.7083610650561621E-016  -1.2576745200831851E-017   3.4592630880609138E-003  -7.0689981646054889E-017   7.3942588163511402E-017   3.8177798596613624E-003   5.7896396010725937E-017  -8.8547685055360001E-018  -9.1215015121839340E-018   3.7512889084282652E-017   2.5504270020005719E-017   2.0186827200304789E-017   4.7558331557056349E-016  -6.9287295085401768E-017   3.9797875922788483E-005  -4.2554935270056049E-018  -4.1928193279743895E-017   2.3698678109223120E-017   1.5812797562166165E-016   2.6166335762178042E-018   5.6182776305066589E-018   7.5115788110319697E-018   3.5793771037545171E-016   2.6052869108796364E-016  -1.7805364624518335E-016  -3.6076657882865709E-016  -3.7083610650561621E-016  0.99983765353164700        9.0205620750793969E-017   2.0166160408230382E-017   3.4592630880602251E-003  -7.4376269032505604E-017  -2.1684043449710089E-019   3.8177798596615384E-003  -1.1741941386959948E-017  -1.3362658470512510E-017   3.1428565153092941E-017   5.5803595436149727E-017  -1.1971739331662522E-017   1.4329008860634218E-016   2.1150412692939879E-017   4.2270332199778604E-017   3.9797875922739836E-005  -2.7823918040557696E-017   1.9916335847185647E-017  -9.7120444518282293E-017  -1.3230368362963286E-017  -6.2481023984969007E-017  -1.9373159501905933E-018   6.2343911493249332E-017   1.8842041194428337E-016   1.2032404095748447E-016   3.4592630880602932E-003  -1.2576745200831851E-017   9.0205620750793969E-017  0.37233247637933692        8.3266726846886741E-017  -4.8572257327350599E-017  0.30170946832486689        2.7755575615628914E-017  -4.1633363423443370E-017  -7.6517328476773634E-016  -3.5650101718977220E-017   9.3984338025438564E-020  -3.5969067588445069E-016   2.5790026792820431E-017  -2.9174445089763208E-016   6.7819096419133029E-003  -2.3418766925686896E-017  -1.5851035761738075E-016  -6.8170627027049751E-018  -3.3158651146488588E-016  -1.0560049594628785E-016   2.6468931633953045E-018   7.9287492843598879E-017  -1.0785013274430326E-016  -9.2670089916217754E-016  -1.3558629470891224E-015   1.9561860614493555E-015  -5.8546917314217239E-017   3.4592630880609138E-003   2.0166160408230382E-017   8.3266726846886741E-017  0.37233247637934330       -1.3877787807814457E-016   2.7755575615628914E-017  0.30170946832486467       -2.0816681711721685E-016  -2.5723814402575250E-016   3.0665415473649424E-017   5.8695885032288845E-016  -1.5819074138956471E-017   8.2850821898488841E-016  -1.6365269307380081E-015  -1.7043658151472130E-016   6.7819096419167056E-003  -2.9923979960599922E-017  -8.9515448289774598E-016   1.3089057051207843E-015   8.4820945260315316E-017   7.4567192087888447E-017   1.7070330259319005E-017   2.7782759019490004E-017   2.0532515612978254E-016   9.7075684712050983E-017  -6.0087298149516258E-016   1.4961989980299961E-016  -7.0689981646054889E-017   3.4592630880602251E-003  -4.8572257327350599E-017  -1.3877787807814457E-016  0.37233247637934086        2.0816681711721685E-017   2.6367796834847468E-016  0.30170946832486767        8.0387626595512332E-017  -2.8037700828167323E-016  -2.7210890255164470E-016   1.8197401158442688E-017   7.3932872986838581E-017   1.2784552886084577E-016  -6.9822619908066486E-017  -6.0932162093685349E-017   6.7819096419110617E-003  -4.7116530485897665E-017   1.0418974756504348E-015   1.0140732034241086E-016   5.3990223015558125E-018   6.9079933662821593E-017   4.6889161118434246E-018   2.7039183007381668E-017  -3.1137908488902737E-017  -7.1432998115651615E-017   3.8177798596609235E-003   7.3942588163511402E-017  -7.4376269032505604E-017  0.30170946832486689        2.7755575615628914E-017   2.0816681711721685E-017  0.24448306944960460       -2.7755575615628914E-017   2.0816681711721685E-017  -6.2001545453414420E-016  -2.8889307911842031E-017  -8.9068954877419966E-020  -2.9170995262615959E-016   2.0924017108405916E-017  -2.3646119182045301E-016   5.4955119720213209E-003  -2.0383000842727483E-017  -1.2717691483254967E-016  -5.5423437981841264E-018  -2.6869220913823255E-016  -8.5383623690436288E-017   2.3001313458922487E-018   6.4223361616927690E-017  -6.5179656010996550E-017  -6.5000527483954308E-016  -6.7730606121200764E-016   1.9714798327045941E-015  -1.3227266504323154E-017   3.8177798596613624E-003  -2.1684043449710089E-019   2.7755575615628914E-017  0.30170946832486467        2.6367796834847468E-016  -2.7755575615628914E-017  0.24448306944959686        1.4571677198205180E-016  -2.0845247572434812E-016   2.4839336984716346E-017   4.7565863326659548E-016  -1.2792522964314379E-017   6.7137171583351338E-016  -1.3269951813591834E-015  -1.3921155894713877E-016   5.4955119720239438E-003  -1.7130394325270970E-017  -7.2539813427670927E-016   1.0606477522074381E-015   6.8892017468797029E-017   6.0425443009862494E-017   1.3838017398504912E-017   1.2361128966466682E-017   1.9630833572638313E-016   1.4401054655893933E-016  -4.2757152735526856E-016  -1.8377226823629300E-016   5.7896396010725937E-017   3.8177798596615384E-003  -4.1633363423443370E-017  -2.0816681711721685E-016  0.30170946832486767        2.0816681711721685E-017   1.4571677198205180E-016  0.24448306944960330        6.5127246592898336E-017  -2.2720678004683614E-016  -2.2046156728775116E-016   1.4802228895888639E-017   5.9896640682776540E-017   1.0358286450753383E-016  -5.6595353403743331E-017  -5.1391182975812910E-017   5.4955119720194595E-003  -3.8207388625025042E-017   8.4428359409532695E-016   8.2073136965959050E-017   4.3614726368269516E-018   5.5912979666063912E-017   4.0538748998163922E-019  -2.0955141020515636E-019   1.0839810031159466E-017   9.9994342088817069E-018   1.4420726145007674E-017  -8.8547685055360001E-018  -1.1741941386959948E-017  -7.6517328476773634E-016  -2.5723814402575250E-016   8.0387626595512332E-017  -6.2001545453414420E-016  -2.0845247572434812E-016   6.5127246592898336E-017   1.7685899154954605E-030  -7.0440515359491361E-033  -4.5960628581018431E-031   7.4923151522381336E-031  -6.0570251851552842E-031  -4.6969943406835070E-020  -1.3937871422702384E-017  -4.6853553682864668E-018   1.4645232644056018E-018   6.2235570891535603E-031   9.9137178648885234E-034   1.7823974476860068E-031  -5.1106783650079434E-032  -1.6250829840383548E-031   1.6771745351058298E-019   7.9264418090751944E-018   3.7796460858973015E-017   3.4714790844185423E-017  -1.5335543192970427E-018  -9.1215015121839340E-018  -1.3362658470512510E-017  -3.5650101718977220E-017   3.0665415473649424E-017  -2.8037700828167323E-016  -2.8889307911842031E-017   2.4839336984716346E-017  -2.2720678004683614E-016  -7.0440515359491361E-033   2.2166593171837408E-031   2.8391195153172697E-031   2.3167503385635117E-032   2.1203168157775512E-032  -1.2840243137100371E-019  -6.4932658541283460E-019   5.5877850985672540E-019  -5.1067222605470559E-018  -3.8776409105651943E-032  -6.4835883094121781E-031  -8.1808504068655715E-032   5.9919844991573231E-033  -6.7978593199527341E-032   2.2719961337372698E-019  -1.3704527556505781E-017   2.7201822493615976E-016   2.5108424282950001E-016  -1.6280677496095308E-016   3.7512889084282652E-017   3.1428565153092941E-017   9.3984338025438564E-020   5.8695885032288845E-016  -2.7210890255164470E-016  -8.9068954877419966E-020   4.7565863326659548E-016  -2.2046156728775116E-016  -4.5960628581018431E-031   2.8391195153172697E-031   1.3787565162446899E-030   3.4397749112880577E-032   1.3257796943795704E-030  -1.2151405062310573E-018   5.4916257070082426E-021   1.0690511879485897E-017  -4.9571596089447731E-018  -1.3791682347904552E-030   1.2803335206415353E-030  -1.2516426068873078E-031   1.1939693621244777E-031  -9.4221831022701970E-032   8.6413254184032416E-020   2.0976265250472382E-018   3.7200333930705139E-017   3.4267602449631731E-017  -2.4418598986712191E-016   2.5504270020005719E-017   5.5803595436149727E-017  -3.5969067588445069E-016  -1.5819074138956471E-017   1.8197401158442688E-017  -2.9170995262615959E-016  -1.2792522964314379E-017   1.4802228895888639E-017   7.4923151522381336E-031   2.3167503385635117E-032   3.4397749112880577E-032   4.1502420346171451E-031  -5.2230828158206355E-032  -1.4984025203928966E-019  -6.5460521136090595E-018  -2.8873458224361346E-019   3.3016787571909888E-019   4.3271517648341585E-032   3.1347975030717399E-031   3.6132720154441670E-032  -3.8796378198565106E-032  -8.1437473562582021E-032   4.2821582305137596E-019   3.4840578341913974E-017   9.4961393508706310E-017   8.6956445012521921E-017   2.5634517819646550E-017   2.0186827200304789E-017  -1.1971739331662522E-017   2.5790026792820431E-017   8.2850821898488841E-016   7.3932872986838581E-017   2.0924017108405916E-017   6.7137171583351338E-016   5.9896640682776540E-017  -6.0570251851552842E-031   2.1203168157775512E-032   1.3257796943795704E-030  -5.2230828158206355E-032   1.8894106290422268E-030  -2.6123974388765510E-019   4.6916701502019793E-019   1.5090705959872414E-017   1.3469560616800382E-018  -2.0088946395717934E-030   3.0886425605109231E-030   1.5420121381068386E-031   1.8174499325816869E-031   3.0728705687295909E-032   1.6964881920526588E-004   4.0963744395952663E-003  -1.3428435079006341E-003  -1.3104414127046112E-003  -7.3371860209847677E-016   4.7558331557056349E-016   1.4329008860634218E-016  -2.9174445089763208E-016  -1.6365269307380081E-015   1.2784552886084577E-016  -2.3646119182045301E-016  -1.3269951813591834E-015   1.0358286450753383E-016  -4.6969943406835070E-020  -1.2840243137100371E-019  -1.2151405062310573E-018  -1.4984025203928966E-019  -2.6123974388765510E-019   2.2591203318092930E-005  -5.0329233789534777E-018  -3.0694704670372698E-017   5.3476345176253282E-020  -5.1146448624815293E-019   1.0358690746938913E-019   7.0848158610054754E-019  -1.9141308579647840E-019   2.2574259136030298E-019   2.1757485235789255E-018   1.1137524891269429E-017  -4.8826697817109918E-017  -4.6180118199523070E-017   3.9797875922858346E-005  -6.9287295085401768E-017   2.1150412692939879E-017   6.7819096419133029E-003  -1.7043658151472130E-016  -6.9822619908066486E-017   5.4955119720213209E-003  -1.3921155894713877E-016  -5.6595353403743331E-017  -1.3937871422702384E-017  -6.4932658541283460E-019   5.4916257070082426E-021  -6.5460521136090595E-018   4.6916701502019793E-019  -5.0329233789534777E-018   1.2353072039015492E-004  -3.5643146420460958E-018  -4.1436851779680373E-018  -1.2375132585574027E-019  -6.0397329275446924E-018  -1.9277517621350692E-018   4.4659754006483797E-020   1.4447688586636453E-018  -1.3134594386468585E-017  -9.7777759469846335E-018   1.8699043344942499E-016   2.3073234797061842E-016   1.6278617993512046E-016   3.9797875922788483E-005   4.2270332199778604E-017  -2.3418766925686896E-017   6.7819096419167056E-003  -6.0932162093685349E-017  -2.0383000842727483E-017   5.4955119720239438E-003  -5.1391182975812910E-017  -4.6853553682864668E-018   5.5877850985672540E-019   1.0690511879485897E-017  -2.8873458224361346E-019   1.5090705959872414E-017  -3.0694704670372698E-017  -3.5643146420460958E-018   1.2353072039027676E-004  -1.6059744679941534E-018  -1.6304154658062582E-017   2.3841005152126751E-017   1.5413319247921300E-018   1.3581714227423170E-018   3.1080351827710964E-019  -1.6983700242848301E-018  -7.5133834493942907E-017   4.5885250388139661E-016   4.1195622474998067E-016   1.3003480399658568E-016  -4.2554935270056049E-018   3.9797875922739836E-005  -1.5851035761738075E-016  -2.9923979960599922E-017   6.7819096419110617E-003  -1.2717691483254967E-016  -1.7130394325270970E-017   5.4955119720194595E-003   1.4645232644056018E-018  -5.1067222605470559E-018  -4.9571596089447731E-018   3.3016787571909888E-019   1.3469560616800382E-018   5.3476345176253282E-020  -4.1436851779680373E-018  -1.6059744679941534E-018   1.2353072039007195E-004  -8.5757580997732637E-019   1.8977571126111107E-017   1.8493765255404333E-018   9.8649678134496105E-020   1.2597329934417631E-018   2.0887278064186224E-016  -1.4161221666074276E-016  -8.0413783318958072E-018  -5.0562527761327433E-018  -1.8118029860487079E-017  -4.1928193279743895E-017  -2.7823918040557696E-017  -6.8170627027049751E-018  -8.9515448289774598E-016  -4.7116530485897665E-017  -5.5423437981841264E-018  -7.2539813427670927E-016  -3.8207388625025042E-017   6.2235570891535603E-031  -3.8776409105651943E-032  -1.3791682347904552E-030   4.3271517648341585E-032  -2.0088946395717934E-030  -5.1146448624815293E-019  -1.2375132585574027E-019  -1.6304154658062582E-017  -8.5757580997732637E-019   2.2240260642146506E-030  -3.2723945383158936E-030  -2.1514060395068447E-031  -1.8224956267105184E-031  -4.1570624448557368E-032  -9.5745220302910524E-020  -2.7347480842191418E-018  -2.6958347745796030E-017  -2.4811678412361776E-017  -3.2012057106294555E-018   2.3698678109223120E-017   1.9916335847185647E-017  -3.3158651146488588E-016   1.3089057051207843E-015   1.0418974756504348E-015  -2.6869220913823255E-016   1.0606477522074381E-015   8.4428359409532695E-016   9.9137178648885234E-034  -6.4835883094121781E-031   1.2803335206415353E-030   3.1347975030717399E-031   3.0886425605109231E-030   1.0358690746938913E-019  -6.0397329275446924E-018   2.3841005152126751E-017   1.8977571126111107E-017  -3.2723945383158936E-030   7.8146486872213835E-030   6.9235483379276250E-031   2.7171015214067476E-031   1.8946788170729993E-031  -6.7998680086170001E-018  -2.3665199682917297E-017  -1.8942061549654400E-016  -1.7425515043759025E-016   1.8314160237686526E-016   1.5812797562166165E-016  -9.7120444518282293E-017  -1.0560049594628785E-016   8.4820945260315316E-017   1.0140732034241086E-016  -8.5383623690436288E-017   6.8892017468797029E-017   8.2073136965959050E-017   1.7823974476860068E-031  -8.1808504068655715E-032  -1.2516426068873078E-031   3.6132720154441670E-032   1.5420121381068386E-031   7.0848158610054754E-019  -1.9277517621350692E-018   1.5413319247921300E-018   1.8493765255404333E-018  -2.1514060395068447E-031   6.9235483379276250E-031   2.5469820081245530E-031   2.6153771268329466E-032   5.4432904378029163E-032  -7.4546749442587637E-019  -7.9100944015319208E-018   3.7267046571645358E-017   3.4505599838006583E-017   1.5304471471238144E-016   2.6166335762178042E-018  -1.3230368362963286E-017   2.6468931633953045E-018   7.4567192087888447E-017   5.3990223015558125E-018   2.3001313458922487E-018   6.0425443009862494E-017   4.3614726368269516E-018  -5.1106783650079434E-032   5.9919844991573231E-033   1.1939693621244777E-031  -3.8796378198565106E-032   1.8174499325816869E-031  -1.9141308579647840E-019   4.4659754006483797E-020   1.3581714227423170E-018   9.8649678134496105E-020  -1.8224956267105184E-031   2.7171015214067476E-031   2.6153771268329466E-032   4.2948311199338738E-032  -7.7176035707256580E-033   3.4018299367636440E-018  -3.7267613490756669E-017  -8.8814207837270185E-017  -8.1247500451895058E-017  -2.3991899739429009E-017   5.6182776305066589E-018  -6.2481023984969007E-017   7.9287492843598879E-017   1.7070330259319005E-017   6.9079933662821593E-017   6.4223361616927690E-017   1.3838017398504912E-017   5.5912979666063912E-017  -1.6250829840383548E-031  -6.7978593199527341E-032  -9.4221831022701970E-032  -8.1437473562582021E-032   3.0728705687295909E-032   2.2574259136030298E-019   1.4447688586636453E-018   3.1080351827710964E-019   1.2597329934417631E-018  -4.1570624448557368E-032   1.8946788170729993E-031   5.4432904378029163E-032  -7.7176035707256580E-033   6.0255751407096500E-032
