   1.0013028019446346        7.3175910973196038E-007  -3.7575575695545089E-003  -2.2829819318319180E-018  -2.0245490302790740E-021  -2.6395707683443206E-035  -9.7511749577201147E-018   4.5234679460423090E-019   4.7312939157595503E-035  -2.8181986245124436E-036   2.3826854792718780E-037   5.7568610408308083E-018  -4.3225663954358065E-053   7.1433824184669205E-022   7.3175910973196038E-007  0.23916034261567456       0.28369984517375968        1.1510373590691901E-017   3.0679540117502813E-019  -7.8300364458928746E-034   1.1419076528317133E-016   3.4045867889385278E-018  -2.1459489420061896E-034  -8.3073359892305826E-034   5.8536450736531286E-034   1.9406422189794162E-017  -1.9885789032999280E-050  -1.1436255353429806E-017  -3.7575575695545089E-003  0.28369984517375968       0.33654817181679914        1.3662552190314727E-017   3.6393837345840174E-019  -9.2872554504086351E-034   1.3549343502873520E-016   4.0369346916336200E-018  -2.5473709754143407E-034  -9.8543288243911330E-034   6.9437769660461781E-034   2.2998926359754335E-017  -2.3589013375700307E-050  -1.3566064132214240E-017  -2.2829819318319180E-018   1.1510373590691901E-017   1.3662552190314727E-017   5.5917975600463998E-034   1.4770150170696559E-035  -3.7624432991119455E-050   5.5180379368861529E-033   1.6282552483426657E-034  -1.0435958259675795E-050  -3.9975351284681758E-050   2.8172041996598520E-050   9.2087175413948346E-034  -9.5697020992966197E-067  -5.5040889624057634E-034  -2.0245490302790740E-021   3.0679540117502813E-019   3.6393837345840174E-019   1.4770150170696559E-035   3.9356189682391148E-037  -1.0043853672380531E-051   1.4650388485773259E-034   4.3664962355011097E-036  -2.7537849960528459E-052  -1.0656611492867973E-051   7.5090636893272055E-052   2.4882954906295378E-035  -2.5509445566094128E-068  -1.4670454445907384E-035  -2.6395707683443206E-035  -7.8300364458928746E-034  -9.2872554504086351E-034  -3.7624432991119455E-050  -1.0043853672380531E-051   2.5642256768654851E-066  -3.7360003170785121E-049  -1.1158436104957180E-050   7.0132998034307591E-067   2.7198706043149693E-066  -1.9164717211326667E-066  -6.3687775878404542E-050   6.5106602666589571E-083   3.7441930382199243E-050  -9.7511749577201147E-018   1.1419076528317133E-016   1.3549343502873520E-016   5.5180379368861529E-033   1.4650388485773259E-034  -3.7360003170785121E-049   5.4617096766793286E-032   1.6211668303018080E-033  -1.0292239540643106E-049  -3.9661904771194828E-049   2.7948893844419111E-049   9.2098286866759485E-033  -9.4943538968275997E-066  -5.4604224170101339E-033   4.5234679460423090E-019   3.4045867889385278E-018   4.0369346916336200E-018   1.6282552483426657E-034   4.3664962355011097E-036  -1.1158436104957180E-050   1.6211668303018080E-033   4.8670618106583585E-035  -3.0335095066169506E-051  -1.1827248653023320E-050   8.3331115675885982E-051   2.7886234690046413E-034  -2.8310529004599774E-067  -1.6280141810998268E-034   4.7312939157595503E-035  -2.1459489420061896E-034  -2.5473709754143407E-034  -1.0435958259675795E-050  -2.7537849960528459E-052   7.0132998034307591E-067  -1.0292239540643106E-049  -3.0335095066169506E-051   1.9478835917273181E-067   7.4527142589351643E-067  -5.2522738830747875E-067  -1.7141063323620523E-050   1.7841172785635689E-083   1.0261611305683262E-050  -2.8181986245124436E-036  -8.3073359892305826E-034  -9.8543288243911330E-034  -3.9975351284681758E-050  -1.0656611492867973E-051   2.7198706043149693E-066  -3.9661904771194828E-049  -1.1827248653023320E-050   7.4527142589351643E-067   2.8855963259200471E-066  -2.0332891214412915E-066  -6.7425219082173592E-050   6.9074253445282680E-083   3.9724316164271751E-050   2.3826854792718780E-037   5.8536450736531286E-034   6.9437769660461781E-034   2.8172041996598520E-050   7.5090636893272055E-052  -1.9164717211326667E-066   2.7948893844419111E-049   8.3331115675885982E-051  -5.2522738830747875E-067  -2.0332891214412915E-066   1.4327275838975510E-066   4.7500165783781171E-050  -4.8672105967138195E-083  -2.7991170549116055E-050   5.7568610408308083E-018   1.9406422189794162E-017   2.2998926359754335E-017   9.2087175413948346E-034   2.4882954906295378E-035  -6.3687775878404542E-050   9.2098286866759485E-033   2.7886234690046413E-034  -1.7141063323620523E-050  -6.7425219082173592E-050   4.7500165783781171E-050   1.6078119904443753E-033  -1.6138602465267233E-066  -9.2797897384562649E-034  -4.3225663954358065E-053  -1.9885789032999280E-050  -2.3589013375700307E-050  -9.5697020992966197E-067  -2.5509445566094128E-068   6.5106602666589571E-083  -9.4943538968275997E-066  -2.8310529004599774E-067   1.7841172785635689E-083   6.9074253445282680E-083  -4.8672105967138195E-083  -1.6138602465267233E-066   1.6534725036942619E-099   9.5090578593864177E-067   7.1433824184669205E-022  -1.1436255353429806E-017  -1.3566064132214240E-017  -5.5040889624057634E-034  -1.4670454445907384E-035   3.7441930382199243E-050  -5.4604224170101339E-033  -1.6280141810998268E-034   1.0261611305683262E-050   3.9724316164271751E-050  -2.7991170549116055E-050  -9.2797897384562649E-034   9.5090578593864177E-067   5.4686297574484530E-034
