   1.0000338114512586        3.2987533503851595E-006   8.6258197993428624E-004   4.9165334453925465E-004  -7.5483181891440304E-018   5.4458134675775282E-020  -2.2910932218189637E-018  -2.3269825181979038E-017  -2.2709476545811859E-017  -1.1168052481795627E-017  -1.7074782722116784E-017  -1.6318199239259530E-017  -8.1063258291893173E-018   2.2714526003252756E-016  -6.8020547138976075E-017   1.3375013499781735E-019   1.4143869594700839E-018  -4.4246246148273122E-019   3.2987533503851595E-006   1.0062571095939197        6.4496066242565910E-003  -3.0395306876744802E-003  -6.8047500402783994E-017  -3.9017205774635507E-018  -2.6916390803090155E-017  -1.5046678983036098E-016  -1.9385762431750830E-016  -1.3674378222687159E-016  -1.0604939000042909E-016  -1.3852085005765400E-016  -9.7209741917168292E-017  -4.2190534118996946E-017   1.5664057472449034E-016   1.7530810246268703E-017  -2.4318787927834551E-017   4.7443770812429523E-018   8.6258197993428624E-004   6.4496066242565910E-003  0.31431041018254297       0.30556917347014556       -5.7163245986080528E-017  -1.6642197591307514E-018  -2.3526453772965042E-017  -2.2567154797842264E-016  -2.9575768178864470E-016  -2.2616364351891759E-016  -1.6725171739161541E-016  -2.0448725967363093E-016  -1.5796378191525076E-016   2.7682515518462499E-016  -6.9629789071521337E-017   4.4593073464584500E-017  -6.2125621627235526E-017  -8.5573690376688815E-017   4.9165334453925465E-004  -3.0395306876744802E-003  0.30556917347014556       0.29715730252778649        6.9597864884180368E-017   1.7439013756164096E-018   2.7820765073273930E-017   2.3329718750565818E-016   2.8932839249369543E-016   2.3058964560406440E-016   1.6267637465059738E-016   2.1533534763345866E-016   1.6993540159875474E-016   2.6949079982112911E-016  -6.9132416806295624E-017   4.3199151307647641E-017  -6.0185177674754153E-017  -8.3253890333880077E-017  -7.5483181891440304E-018  -6.8047500402783994E-017  -5.7163245986080528E-017   6.9597864884180368E-017  0.99955715009162349       -2.2665754635577823E-017  -1.8051712061999473E-016   1.7527823791749510E-003  -5.3369851940598956E-017  -3.9139698426726710E-017   3.7052607483110712E-003   1.0936889414947526E-017  -2.7863995832877464E-017  -1.3322040477400645E-017  -5.5680934377107007E-018  -6.6468343821492357E-017  -6.6993663295486997E-018  -8.9712514155812333E-017   5.4458134675775282E-020  -3.9017205774635507E-018  -1.6642197591307514E-018   1.7439013756164096E-018  -2.2665754635577823E-017  0.99955715009162438        2.0584218813303663E-016   3.0845551807212601E-017   1.7527823791752689E-003   1.1228268748803005E-017   5.3071696343165442E-017   3.7052607483107772E-003   1.7166986148592356E-016  -4.3124562519688141E-017  -8.1532860112952450E-018  -4.7481855047143377E-017  -4.4665562416824932E-017  -2.7781776132675422E-017  -2.2910932218189637E-018  -2.6916390803090155E-017  -2.3526453772965042E-017   2.7820765073273930E-017  -1.8051712061999473E-016   2.0584218813303663E-016  0.99955715009162383       -2.6671373443143409E-017   2.5749801596530730E-017   1.7527823791747719E-003   1.2555061157382141E-016   2.2229532667741858E-017   3.7052607483107026E-003   2.4779799443490988E-017  -5.2748348941878720E-017   1.7927104884779830E-016   2.6763032049025565E-017  -1.4382183392100279E-017  -2.3269825181979038E-017  -1.5046678983036098E-016  -2.2567154797842264E-016   2.3329718750565818E-016   1.7527823791749510E-003   3.0845551807212601E-017  -2.6671373443143409E-017  0.41623709615866317        2.7755575615628914E-017  -1.9428902930940239E-016  0.29882353686542518       -8.1532003370909933E-017  -9.7144514654701197E-017   5.2989352277757162E-017   1.2750712203139237E-016   4.4619926897236151E-017  -2.4575578600647391E-017  -5.6172981403968850E-017  -2.2709476545811859E-017  -1.9385762431750830E-016  -2.9575768178864470E-016   2.8932839249369543E-016  -5.3369851940598956E-017   1.7527823791752689E-003   2.5749801596530730E-017   2.7755575615628914E-017  0.41623709615866639        2.4459601011272980E-016   1.7173762412170390E-016  0.29882353686542384        1.9081958235744878E-017   1.6420120964289416E-018  -8.6622687354149109E-018   8.7942929767140286E-017  -3.8202889220243382E-017   1.0466479696580217E-017  -1.1168052481795627E-017  -1.3674378222687159E-016  -2.2616364351891759E-016   2.3058964560406440E-016  -3.9139698426726710E-017   1.1228268748803005E-017   1.7527823791747719E-003  -1.9428902930940239E-016   2.4459601011272980E-016  0.41623709615866272        1.6653345369377348E-016  -2.3158558404290375E-016  0.29882353686542473        8.7120484849111195E-017  -1.5203218270912116E-017   1.4549900898323861E-016   3.7743348119299961E-017   2.2119000205103623E-017  -1.7074782722116784E-017  -1.0604939000042909E-016  -1.6725171739161541E-016   1.6267637465059738E-016   3.7052607483110712E-003   5.3071696343165442E-017   1.2555061157382141E-016  0.29882353686542518        1.7173762412170390E-016   1.6653345369377348E-016  0.21453637913227275        5.0306980803327406E-017   1.5959455978986625E-016   3.8008778907348345E-017   9.1524539246725685E-017   3.1870212699445705E-017  -1.7659363560545874E-017  -4.0546556161322461E-017  -1.6318199239259530E-017  -1.3852085005765400E-016  -2.0448725967363093E-016   2.1533534763345866E-016   1.0936889414947526E-017   3.7052607483107772E-003   2.2229532667741858E-017  -8.1532003370909933E-017  0.29882353686542384       -2.3158558404290375E-016   5.0306980803327406E-017  0.21453637913226914       -2.7755575615628914E-016   1.0732414619392632E-018  -6.2386568918429490E-018   6.3018549824945197E-017  -2.7535437789125514E-017   7.4459419235185710E-018  -8.1063258291893173E-018  -9.7209741917168292E-017  -1.5796378191525076E-016   1.6993540159875474E-016  -2.7863995832877464E-017   1.7166986148592356E-016   3.7052607483107026E-003  -9.7144514654701197E-017   1.9081958235744878E-017  0.29882353686542473        1.5959455978986625E-016  -2.7755575615628914E-016  0.21453637913227236        6.2605008758044860E-017  -1.1043615183663119E-017   1.0489351708093873E-016   2.7161704727578212E-017   1.5844162509082622E-017   2.2714526003252756E-016  -4.2190534118996946E-017   2.7682515518462499E-016   2.6949079982112911E-016  -1.3322040477400645E-017  -4.3124562519688141E-017   2.4779799443490988E-017   5.2989352277757162E-017   1.6420120964289416E-018   8.7120484849111195E-017   3.8008778907348345E-017   1.0732414619392632E-018   6.2605008758044860E-017   3.2496468544927438E-031  -7.2038720926219575E-032   8.2299517302966038E-032  -4.5981144254756927E-032  -7.6144826511408580E-032  -6.8020547138976075E-017   1.5664057472449034E-016  -6.9629789071521337E-017  -6.9132416806295624E-017  -5.5680934377107007E-018  -8.1532860112952450E-018  -5.2748348941878720E-017   1.2750712203139237E-016  -8.6622687354149109E-018  -1.5203218270912116E-017   9.1524539246725685E-017  -6.2386568918429490E-018  -1.1043615183663119E-017  -7.2038720926219575E-032   8.7534718721597235E-032  -9.3661785816811481E-033   9.2253532329887385E-034   3.2946985544496538E-033   1.3375013499781735E-019   1.7530810246268703E-017   4.4593073464584500E-017   4.3199151307647641E-017  -6.6468343821492357E-017  -4.7481855047143377E-017   1.7927104884779830E-016   4.4619926897236151E-017   8.7942929767140286E-017   1.4549900898323861E-016   3.1870212699445705E-017   6.3018549824945197E-017   1.0489351708093873E-016   8.2299517302966038E-032  -9.3661785816811481E-033   1.1949437047803218E-031   6.1846103966798324E-034  -3.4002639946899011E-033   1.4143869594700839E-018  -2.4318787927834551E-017  -6.2125621627235526E-017  -6.0185177674754153E-017  -6.6993663295486997E-018  -4.4665562416824932E-017   2.6763032049025565E-017  -2.4575578600647391E-017  -3.8202889220243382E-017   3.7743348119299961E-017  -1.7659363560545874E-017  -2.7535437789125514E-017   2.7161704727578212E-017  -4.5981144254756927E-032   9.2253532329887385E-034   6.1846103966798324E-034   2.3922833916525476E-032   2.2570766526994046E-032  -4.4246246148273122E-019   4.7443770812429523E-018  -8.5573690376688815E-017  -8.3253890333880077E-017  -8.9712514155812333E-017  -2.7781776132675422E-017  -1.4382183392100279E-017  -5.6172981403968850E-017   1.0466479696580217E-017   2.2119000205103623E-017  -4.0546556161322461E-017   7.4459419235185710E-018   1.5844162509082622E-017  -7.6144826511408580E-032   3.2946985544496538E-033  -3.4002639946899011E-033   2.2570766526994046E-032   4.1353400331915588E-032
