   1.0016283465127698        6.3414039027843011E-003   2.5414873015814159E-003  -1.1555497909997507E-016  -1.2371867955499166E-016   1.5646796057996103E-016   7.2912878801022337E-017  -4.0502949230998599E-018   1.1054169317224207E-016   1.4373537372102965E-017   2.8506521096236333E-017   2.3450799823855577E-017   2.6453595479696524E-017  -2.5504523644226594E-018   6.3414039027843011E-003  0.29081600399782837       0.29308601748438518       -2.9721535016525347E-016   6.3371985856526886E-018   2.7229693766535803E-016   6.0659722903141828E-017   6.2512912765973339E-017   6.5839235625083302E-017   2.7481156897878927E-018   5.9098187913114224E-017   3.1296151608101652E-017  -3.0495225655755773E-018  -2.7746623028379160E-017   2.5414873015814159E-003  0.29308601748438518       0.29538854589771252        1.4382894258167270E-016   1.7081722184355913E-016  -3.6523165369102946E-016   3.2954845278094673E-016   1.6247645675323368E-016  -3.2172934041644039E-016   2.7145495061354456E-018   5.9454871873875227E-017   3.1452924497148081E-017  -3.1752610927090126E-018  -2.7955726390394698E-017  -1.1555497909997507E-016  -2.9721535016525347E-016   1.4382894258167270E-016  0.50946278878579843        1.3877787807814457E-016  -5.5511151231257827E-017  0.30904008952383644       -2.1163626406917047E-016  -1.0408340855860843E-017  -4.6829915733701062E-018  -3.1032609298677116E-017   3.9867289976624100E-017   1.4823497021876956E-016  -3.8782426604876301E-017  -1.2371867955499166E-016   6.3371985856526886E-018   1.7081722184355913E-016   1.3877787807814457E-016  0.50946278878579987        7.6761513811973714E-017   1.1449174941446927E-016  0.30904008952383610       -2.9056618222611519E-017  -5.8110020712218253E-018  -5.8437041274754198E-018  -3.7309606128778786E-018  -5.9880353451857808E-017  -5.5554704175201265E-019   1.5646796057996103E-016   2.7229693766535803E-016  -3.6523165369102946E-016  -5.5511151231257827E-017   7.6761513811973714E-017  0.50946278878580031        1.3877787807814457E-017   5.8980598183211441E-017  0.30904008952383655        1.5606026653941591E-018   5.8764750912655787E-017  -1.5073608972491976E-017  -3.9035507827093622E-017   5.2185124361746588E-017   7.2912878801022337E-017   6.0659722903141828E-017   3.2954845278094673E-016  0.30904008952383644        1.1449174941446927E-016   1.3877787807814457E-017  0.18746369516117076       -1.1102230246251565E-016   2.0816681711721685E-017  -2.8407023376974252E-018  -1.8824378476547768E-017   2.4183495114161940E-017   8.9919321833400136E-017  -2.3525417074105050E-017  -4.0502949230998599E-018   6.2512912765973339E-017   1.6247645675323368E-016  -2.1163626406917047E-016  0.30904008952383610        5.8980598183211441E-017  -1.1102230246251565E-016  0.18746369516116990       -5.2041704279304213E-018  -3.5249534212176467E-018  -3.5447904860919930E-018  -2.2632004283603763E-018  -3.6323417919461852E-017  -3.3699479392187670E-019   1.1054169317224207E-016   6.5839235625083302E-017  -3.2172934041644039E-016  -1.0408340855860843E-017  -2.9056618222611519E-017  0.30904008952383655        2.0816681711721685E-017  -5.2041704279304213E-018  0.18746369516117026        9.4666145995468087E-019   3.5646693502729208E-017  -9.1436500738521979E-018  -2.3678936124548733E-017   3.1655492529695452E-017   1.4373537372102965E-017   2.7481156897878927E-018   2.7145495061354456E-018  -4.6829915733701062E-018  -5.8110020712218253E-018   1.5606026653941591E-018  -2.8407023376974252E-018  -3.5249534212176467E-018   9.4666145995468087E-019   3.4465119974426030E-034   1.4793811007634998E-033   2.5107210664941331E-034  -4.4893341082868053E-034   2.3267952329489209E-034   2.8506521096236333E-017   5.9098187913114224E-017   5.9454871873875227E-017  -3.1032609298677116E-017  -5.8437041274754198E-018   5.8764750912655787E-017  -1.8824378476547768E-017  -3.5447904860919930E-018   3.5646693502729208E-017   1.4793811007634998E-033   2.1484959196263390E-032   2.8543273269237140E-033  -1.2744075194549843E-032   2.6966724652607832E-033   2.3450799823855577E-017   3.1296151608101652E-017   3.1452924497148081E-017   3.9867289976624100E-017  -3.7309606128778786E-018  -1.5073608972491976E-017   2.4183495114161940E-017  -2.2632004283603763E-018  -9.1436500738521979E-018   2.5107210664941331E-034   2.8543273269237140E-033   7.4786295987134715E-033   1.3468141541951168E-032  -7.6049902459347465E-033   2.6453595479696524E-017  -3.0495225655755773E-018  -3.1752610927090126E-018   1.4823497021876956E-016  -5.9880353451857808E-017  -3.9035507827093622E-017   8.9919321833400136E-017  -3.6323417919461852E-017  -2.3678936124548733E-017  -4.4893341082868053E-034  -1.2744075194549843E-032   1.3468141541951168E-032   5.3894230998232053E-032  -1.4978000299962234E-032  -2.5504523644226594E-018  -2.7746623028379160E-017  -2.7955726390394698E-017  -3.8782426604876301E-017  -5.5554704175201265E-019   5.2185124361746588E-017  -2.3525417074105050E-017  -3.3699479392187670E-019   3.1655492529695452E-017   2.3267952329489209E-034   2.6966724652607832E-033  -7.6049902459347465E-033  -1.4978000299962234E-032   1.0949366630337986E-032
