   1.0014904127128346        7.0363341288692957E-004  -3.8767144960855839E-003   3.0189940569361821E-038  -7.0447854826224119E-055  -4.3076380613287320E-056   4.9857793366626420E-035  -5.5500218353657363E-052  -6.8754562347692230E-053  -2.0737344591767810E-016  -4.0256805448921416E-018   5.3296308719420051E-017   1.2316541923050026E-020   5.4677189017928606E-018   7.0363341288692957E-004   4.9436317457077084E-007  -2.7237263752529727E-006   2.1211037717407194E-041  -4.9495695508123136E-058  -3.0264873553447340E-059   3.5029401040936276E-038  -3.8993691362826231E-055  -4.8306011462663576E-056  -1.4569773573560739E-019  -2.8283878757481296E-021   3.7445254714858600E-020   8.6534332413680364E-024   3.8415442252246936E-021  -3.8767144960855839E-003  -2.7237263752529727E-006   1.5006549332259522E-005  -1.1686360523829239E-040   2.7269978479690722E-057   1.6674630834465586E-058  -1.9299678542470710E-037   2.1483830328911274E-054   2.6614514242159419E-055   8.0273124304266217E-019   1.5583188742384927E-020  -2.0630708989090689E-019  -4.7676658716477336E-023  -2.1165240184061010E-020   3.0189940569361821E-038   2.1211037717407194E-041  -1.1686360523829239E-040   9.1007612255888980E-076  -2.1236514333488430E-092  -1.2985380130955374E-093   1.5029637823298593E-072  -1.6730547516124484E-089  -2.0726071111621228E-090  -6.2512750281450961E-054  -1.2135418857612029E-055   1.6066178691088645E-054   3.7128230480979460E-058   1.6482445223610406E-055  -7.0447854826224119E-055  -4.9495695508123136E-058   2.7269978479690722E-057  -2.1236514333488430E-092   4.9555144878254578E-109   3.0301224748261139E-110  -3.5071474918403533E-089   3.9040526756628094E-106   4.8364031901118605E-107   1.4587273355168289E-070   2.8317850575833271E-072  -3.7490230278578973E-071  -8.6638268958139964E-075  -3.8461583109987635E-072  -4.3076380613287320E-056  -3.0264873553447340E-059   1.6674630834465586E-058  -1.2985380130955374E-093   3.0301224748261139E-110   1.8528131105263607E-111  -2.1444970978621413E-090   2.3871906306588055E-107   2.9572901138080242E-108   8.9196035948476497E-072   1.7315367693789749E-073  -2.2923954643381080E-072  -5.2976248297740039E-076  -2.3517902668892540E-073   4.9857793366626420E-035   3.5029401040936276E-038  -1.9299678542470710E-037   1.5029637823298593E-072  -3.5071474918403533E-089  -2.1444970978621413E-090   2.4821002056881306E-069  -2.7630004075463219E-086  -3.4228493044266376E-087  -1.0323795699932986E-050  -2.0041285090647404E-052   2.6532818623184422E-051   6.1316173814127036E-055   2.7220270482065332E-052  -5.5500218353657363E-052  -3.8993691362826231E-055   2.1483830328911274E-054  -1.6730547516124484E-089   3.9040526756628094E-106   2.3871906306588055E-107  -2.7630004075463219E-086   3.0756901895444076E-103   3.8102144310803596E-104   1.1492143492422663E-067   2.2309364765496661E-069  -2.9535547558156248E-068  -6.8255347970790531E-072  -3.0300798599151125E-069  -6.8754562347692230E-053  -4.8306011462663576E-056   2.6614514242159419E-055  -2.0726071111621228E-090   4.8364031901118605E-107   2.9572901138080242E-108  -3.4228493044266376E-087   3.8102144310803596E-104   4.7201548648056429E-105   1.4236652029429916E-068   2.7637199567984566E-070  -3.6589110931428671E-069  -8.4555821883751094E-073  -3.7537116218082672E-070  -2.0737344591767810E-016  -1.4569773573560739E-019   8.0273124304266217E-019  -6.2512750281450961E-054   1.4587273355168289E-070   8.9196035948476497E-072  -1.0323795699932986E-050   1.1492143492422663E-067   1.4236652029429916E-068   4.2939748125280328E-032   8.3357687318911346E-034  -1.1035791310173656E-032  -2.5503227069881039E-036  -1.1321723059760621E-033  -4.0256805448921416E-018  -2.8283878757481296E-021   1.5583188742384927E-020  -1.2135418857612029E-055   2.8317850575833271E-072   1.7315367693789749E-073  -2.0041285090647404E-052   2.2309364765496661E-069   2.7637199567984566E-070   8.3357687318911346E-034   1.6181986011852114E-035  -2.1423461513241215E-034  -4.9508674841591439E-038  -2.1978532523603919E-035   5.3296308719420051E-017   3.7445254714858600E-020  -2.0630708989090689E-019   1.6066178691088645E-054  -3.7490230278578973E-071  -2.2923954643381080E-072   2.6532818623184422E-051  -2.9535547558156248E-068  -3.6589110931428671E-069  -1.1035791310173656E-032  -2.1423461513241215E-034   2.8362693112771794E-033   6.5544933067150202E-037   2.9097556090586239E-034   1.2316541923050026E-020   8.6534332413680364E-024  -4.7676658716477336E-023   3.7128230480979460E-058  -8.6638268958139964E-075  -5.2976248297740039E-076   6.1316173814127036E-055  -6.8255347970790531E-072  -8.4555821883751094E-073  -2.5503227069881039E-036  -4.9508674841591439E-038   6.5544933067150202E-037   1.5147144996758567E-040   6.7243169003450793E-038   5.4677189017928606E-018   3.8415442252246936E-021  -2.1165240184061010E-020   1.6482445223610406E-055  -3.8461583109987635E-072  -2.3517902668892540E-073   2.7220270482065332E-052  -3.0300798599151125E-069  -3.7537116218082672E-070  -1.1321723059760621E-033  -2.1978532523603919E-035   2.9097556090586239E-034   6.7243169003450793E-038   2.9851458995040056E-035
