   1.0000006294958703        4.8534851337609570E-007   1.2346264679854067E-005  -1.7832717419078789E-006   5.6444167515732549E-017  -2.0209313317035076E-017   1.1251806863981060E-018  -6.6988065912841387E-017   8.9553199291072859E-018  -7.9098434161608470E-019   6.8358005270960746E-017  -1.3449889496808456E-017   4.8737910242717486E-019  -6.0339489240307303E-018   1.0308329694117299E-018  -1.7423438906983810E-019  -3.2283916179596021E-017   1.2063441176397344E-016   4.8534851337609570E-007   1.0035927986398510        1.0511396610959468E-004  -8.2049054253485378E-003   3.1761155074911579E-016  -1.7356670594908179E-016   6.3945780607715113E-018   6.1028277064354651E-017   1.0816291703542184E-017   1.2984831464890745E-018   1.2517324856954006E-016   1.3372528937994399E-017   9.3292376084734549E-018  -2.0425197422720935E-017   1.2643236755817579E-016  -1.5728002702769649E-017  -1.3336592290476288E-016  -2.5891897149434164E-016   1.2346264679854067E-005   1.0511396610959468E-004  0.30684666188437260       0.28195571315161277        1.1674607570054099E-016  -4.8946296564431854E-016   2.5182628251230833E-017  -6.3979983025150409E-017   9.4968870658246651E-016   4.5055773894572663E-016  -3.7157916318159073E-016   7.8537707685226590E-016   3.3642270870920599E-016   3.2070509742405698E-020  -9.8939251315978907E-017  -8.9450610563568124E-018   7.1998073655111719E-017  -7.2509022569555182E-017  -1.7832717419078789E-006  -8.2049054253485378E-003  0.28195571315161277       0.25915254972082830       -2.6949842666845534E-016  -1.7275978357014134E-018  -4.4399392420560261E-018  -5.9301381832336548E-017   8.7257311278080621E-016   4.1399917298131971E-016  -3.4242708406553076E-016   7.2150355982798675E-016   3.0905986565022764E-016   1.9850089848978811E-019  -9.1959559073463256E-017  -8.0893754721194168E-018   6.7261496632797586E-017  -6.4487267029710427E-017   5.6444167515732549E-017   3.1761155074911579E-016   1.1674607570054099E-016  -2.6949842666845534E-016   1.0000213020862991        2.0510394597994530E-016   1.7347234759768090E-018   1.9368182014695096E-005  -4.5704238923123473E-017   5.0377019840153966E-018  -1.2690592914299843E-004  -3.3060518976044752E-017  -1.8329792978583025E-017  -8.8636832777601040E-018   1.3735739349651484E-017   1.2309932294042236E-017  -4.4727479155902728E-016  -8.2256314629559093E-017  -2.0209313317035076E-017  -1.7356670594908179E-016  -4.8946296564431854E-016  -1.7275978357014134E-018   2.0510394597994530E-016   1.0000213020863000       -1.0408340855860841E-017  -4.8786445489931610E-016   1.9368182013988813E-005  -1.3618357497938196E-017   3.4611766016659620E-016  -1.2690592914267127E-004  -1.7378363220579645E-017   1.5971935248895702E-017   2.7421282822132973E-016   4.0996321326957650E-017  -2.5827757039735587E-016  -2.0845520523111410E-016   1.1251806863981060E-018   6.3945780607715113E-018   2.5182628251230833E-017  -4.4399392420560261E-018   1.7347234759768090E-018  -1.0408340855860841E-017   1.0000213020863000        8.8530560158039356E-018  -1.0096930516291773E-016   1.9368182014923676E-005  -2.2623826504688756E-017   2.7261226011787669E-017  -1.2690592914309798E-004   7.7683880114304827E-018   7.2306942188251446E-017   1.8405345405955022E-016   2.8189835969594358E-016   5.2440028644478523E-017  -6.6988065912841387E-017   6.1028277064354651E-017  -6.3979983025150409E-017  -5.9301381832336548E-017   1.9368182014695096E-005  -4.8786445489931610E-016   8.8530560158039356E-018   3.7511848374804541E-010  -1.0334111527176714E-020   2.6903201230647193E-022  -2.4578847763119739E-009   6.1271794257667211E-020  -1.4784787162578489E-021  -1.7166977412849179E-022   2.6603063271807771E-022   2.3841593048540597E-022  -8.6627150394891581E-021  -1.5931213367016744E-021   8.9553199291072859E-018   1.0816291703542184E-017   9.4968870658246651E-016   8.7257311278080621E-016  -4.5704238923123473E-017   1.9368182013988813E-005  -1.0096930516291773E-016  -1.0334111527176714E-020   3.7511848372068682E-010  -2.2193033677621946E-021   1.2504123577654895E-020  -2.4578847762160056E-009   1.2476723840522281E-020   3.0934075941215513E-022   5.3108908341936588E-021   7.9400729930547633E-022  -5.0022604347901809E-021  -4.0373123537310200E-021  -7.9098434161608470E-019   1.2984831464890745E-018   4.5055773894572663E-016   4.1399917298131971E-016   5.0377019840153966E-018  -1.3618357497938196E-017   1.9368182014923676E-005   2.6903201230647193E-022  -2.2193033677621946E-021   3.7511848375689924E-010  -1.0774673718812665E-021   2.2561771271569760E-021  -2.4578847763429071E-009   1.5045634793359501E-022   1.4004241851389673E-021   3.5647048630364865E-021   5.4597424365017609E-021   1.0156463841627066E-021   6.8358005270960746E-017   1.2517324856954006E-016  -3.7157916318159073E-016  -3.4242708406553076E-016  -1.2690592914299843E-004   3.4611766016659620E-016  -2.2623826504688756E-017  -2.4578847763119739E-009   1.2504123577654895E-020  -1.0774673718812665E-021   1.6104771786409311E-008  -3.9731623253392976E-020   5.1970982400808614E-021   1.1248300007700057E-021  -1.7431096325327884E-021  -1.5621701179612826E-021   5.6760613885342092E-020   1.0438591672152743E-020  -1.3449889496808456E-017   1.3372528937994399E-017   7.8537707685226590E-016   7.2150355982798675E-016  -3.3060518976044752E-017  -1.2690592914267127E-004   2.7261226011787669E-017   6.1271794257667211E-020  -2.4578847762160056E-009   2.2561771271569760E-021  -3.9731623253392976E-020   1.6104771786326265E-008  -1.2540058077693815E-021  -2.0268901059793311E-021  -3.4798492468027954E-020  -5.2025654239499137E-021   3.2776256845541635E-020   2.6453637986614993E-020   4.8737910242717486E-019   9.3292376084734549E-018   3.3642270870920599E-016   3.0905986565022764E-016  -1.8329792978583025E-017  -1.7378363220579645E-017  -1.2690592914309798E-004  -1.4784787162578489E-021   1.2476723840522281E-020  -2.4578847763429071E-009   5.1970982400808614E-021  -1.2540058077693815E-021   1.6104771786434567E-008  -9.8583349822470214E-022  -9.1759842144010308E-021  -2.3356977047093843E-020  -3.5773811204225027E-020  -6.6548087981835802E-021  -6.0339489240307303E-018  -2.0425197422720935E-017   3.2070509742405698E-020   1.9850089848978811E-019  -8.8636832777601040E-018   1.5971935248895702E-017   7.7683880114304827E-018  -1.7166977412849179E-022   3.0934075941215513E-022   1.5045634793359501E-022   1.1248300007700057E-021  -2.0268901059793311E-021  -9.8583349822470214E-022   8.4611446475823089E-034   2.2291291154756286E-033   2.2955853445854304E-033   4.9462802342079556E-033   2.3406211722542977E-033   1.0308329694117299E-018   1.2643236755817579E-016  -9.8939251315978907E-017  -9.1959559073463256E-017   1.3735739349651484E-017   2.7421282822132973E-016   7.2306942188251446E-017   2.6603063271807771E-022   5.3108908341936588E-021   1.4004241851389673E-021  -1.7431096325327884E-021  -3.4798492468027954E-020  -9.1759842144010308E-021   2.2291291154756286E-033   1.2844729990265005E-031   2.5621118552517799E-032  -9.6639654155648807E-032  -6.3617617699608858E-032  -1.7423438906983810E-019  -1.5728002702769649E-017  -8.9450610563568124E-018  -8.0893754721194168E-018   1.2309932294042236E-017   4.0996321326957650E-017   1.8405345405955022E-016   2.3841593048540597E-022   7.9400729930547633E-022   3.5647048630364865E-021  -1.5621701179612826E-021  -5.2025654239499137E-021  -2.3356977047093843E-020   2.2955853445854304E-033   2.5621118552517799E-032   3.6214327361802610E-032   3.5786058375550522E-032   6.2425971530917350E-033  -3.2283916179596021E-017  -1.3336592290476288E-016   7.1998073655111719E-017   6.7261496632797586E-017  -4.4727479155902728E-016  -2.5827757039735587E-016   2.8189835969594358E-016  -8.6627150394891581E-021  -5.0022604347901809E-021   5.4597424365017609E-021   5.6760613885342092E-020   3.2776256845541635E-020  -3.5773811204225027E-020   4.9462802342079556E-033  -9.6639654155648807E-032   3.5786058375550522E-032   3.8188666507126113E-031   1.1891299943894583E-031   1.2063441176397344E-016  -2.5891897149434164E-016  -7.2509022569555182E-017  -6.4487267029710427E-017  -8.2256314629559093E-017  -2.0845520523111410E-016   5.2440028644478523E-017  -1.5931213367016744E-021  -4.0373123537310200E-021   1.0156463841627066E-021   1.0438591672152743E-020   2.6453637986614993E-020  -6.6548087981835802E-021   2.3406211722542977E-033  -6.3617617699608858E-032   6.2425971530917350E-033   1.1891299943894583E-031   1.5144226830848986E-031
