  0.99999113144929885        9.7649757851301452E-006  -1.9713193834721541E-006   2.4371368440902381E-004  -1.9825446990254976E-017   1.2570041106260900E-016   5.8738179415011446E-017  -4.3016358717991818E-017  -2.0874654763042206E-019  -1.4570045945966891E-019   2.8002302866951608E-017  -6.8301942612589228E-020  -2.2386594854771886E-019   2.9819400921773380E-017   1.0422903280110855E-019  -1.6029572126536937E-019  -4.9158181820929391E-021   2.5718119349840726E-016   9.7649757851301452E-006   1.0022106054385160        2.7269392864759091E-004  -6.0425750142512474E-003   3.4460242769391965E-017   2.1397230761844350E-016   1.4660877400046650E-016  -1.0020160046137161E-017  -1.9296663091268834E-018  -2.0833787446242889E-018   9.1753943727948233E-018  -1.5969973733028443E-019   6.0000852643234201E-019   2.2175784658042743E-017   3.1003946575872992E-016  -1.3561784049962519E-017   9.3845077546698718E-018   2.8435121009715171E-017  -1.9713193834721541E-006   2.7269392864759091E-004   7.4201852932725389E-008  -1.6446201827571370E-006   1.2089692508560123E-016   1.5466743013029638E-016  -1.2762004236590512E-016  -2.6884586934468834E-019  -3.4098755051657063E-019   2.8055097607409634E-019  -1.7210271562153190E-019  -2.2327690574829386E-019   1.8448592305171597E-019   5.9750004600678458E-021   8.4359194832683596E-020  -3.6897427458329234E-021   2.5534634938999351E-021   7.2293078948836430E-021   2.4371368440902381E-004  -6.0425750142512474E-003  -1.6446201827571370E-006   3.6491601225216673E-005  -1.1827758303363091E-016  -1.5492967302433639E-016   1.1332909823486739E-016   3.0991666961501814E-019   3.4997819345364873E-019  -2.3894941018916180E-019   1.2197418866651612E-019   2.2282368821911583E-019  -1.6855852879181999E-019  -1.2643411361232185E-019  -1.8692797626793525E-018   8.1728298284934537E-020  -5.6582733322092346E-020  -1.0874815396600312E-019  -1.9825446990254976E-017   3.4460242769391965E-017   1.2089692508560123E-016  -1.1827758303363091E-016  0.99983452899728575       -1.7347234759768071E-017   4.9439619065339002E-017  -2.2017189800014316E-003   4.1843427594362437E-018  -1.7719929256559963E-018  -1.4436157507300735E-003  -7.6402371842337891E-019   7.1066064274635798E-019  -4.6001529245377578E-020   3.9863369405208894E-020  -3.7504443581974149E-019   1.9232567897137421E-020   4.3452492447734083E-020   1.2570041106260900E-016   2.1397230761844350E-016   1.5466743013029638E-016  -1.5492967302433639E-016  -1.7347234759768071E-017  0.99983452899728698        7.7715611723760958E-016  -2.5241581828178150E-016  -2.2017189800018341E-003  -3.7621815385247004E-017   5.5416283541165345E-017  -1.4436157507294839E-003   1.0191500421363742E-017  -8.3549982038906018E-016  -4.5512206359145965E-017   4.9539313074204080E-018  -6.7432116691540615E-019  -2.9295060453061548E-016   5.8738179415011446E-017   1.4660877400046650E-016  -1.2762004236590512E-016   1.1332909823486739E-016   4.9439619065339002E-017   7.7715611723760958E-016  0.99983452899728731        2.6362037010806139E-016  -3.5344990823027445E-017  -2.2017189800023909E-003  -2.8693325791534149E-016  -3.3046482217358175E-016  -1.4436157507295233E-003  -6.3430908959748620E-016  -3.7223687002840628E-017  -5.7248128067296271E-018  -1.3896421503160145E-020  -3.6757033942491346E-016  -4.3016358717991818E-017  -1.0020160046137161E-017  -2.6884586934468834E-019   3.0991666961501814E-019  -2.2017189800014316E-003  -2.5241581828178150E-016   2.6362037010806139E-016   4.8483687313340463E-006   5.4670682789344748E-019  -5.7685590685978023E-019   3.1789622242782602E-006   3.6620278334457599E-019  -3.8234107709548556E-019   1.0129920217132851E-022  -8.7782462479750719E-023   8.2587911173037314E-022  -4.2351717754423490E-023  -9.5686010645012056E-023  -2.0874654763042206E-019  -1.9296663091268834E-018  -3.4098755051657063E-019   3.4997819345364873E-019   4.1843427594362437E-018  -2.2017189800018341E-003  -3.5344990823027445E-017   5.4670682789344748E-019   4.8483687313358132E-006   1.5691285347885914E-019  -1.2801447159870656E-019   3.1789622242775386E-006   2.6258021364883311E-020   1.8398402525501601E-018   1.0022167234330888E-019  -1.0908969703327978E-020   1.4849114215964929E-021   6.4510165181525737E-019  -1.4570045945966891E-019  -2.0833787446242889E-018   2.8055097607409634E-019  -2.3894941018916180E-019  -1.7719929256559963E-018  -3.7621815385247004E-017  -2.2017189800023909E-003  -5.7685590685978023E-019   1.5691285347885914E-019   4.8483687313382645E-006   6.3424073467503397E-019   7.7948206971076989E-019   3.1789622242784292E-006   1.3968014918983074E-018   8.1969661781950699E-020   1.2606515026219328E-020   3.0601078568783625E-023   8.0942052842421804E-019   2.8002302866951608E-017   9.1753943727948233E-018  -1.7210271562153190E-019   1.2197418866651612E-019  -1.4436157507300735E-003   5.5416283541165345E-017  -2.8693325791534149E-016   3.1789622242782602E-006  -1.2801447159870656E-019   6.3424073467503397E-019   2.0843713387714089E-006  -7.8866708323255871E-020   4.1316017235798626E-019   6.6419522818044667E-023  -5.7556911939449328E-023   5.4150965892108127E-022  -2.7769032912960801E-023  -6.2739083908484110E-023  -6.8301942612589228E-020  -1.5969973733028443E-019  -2.2327690574829386E-019   2.2282368821911583E-019  -7.6402371842337891E-019  -1.4436157507294839E-003  -3.3046482217358175E-016   3.6620278334457599E-019   3.1789622242775386E-006   7.7948206971076989E-019  -7.8866708323255871E-020   2.0843713387697034E-006   4.6089180242474617E-019   1.2063403147870121E-018   6.5713011548438197E-020  -7.1527568372681465E-021   9.7362176377888718E-022   4.2297809749615998E-019  -2.2386594854771886E-019   6.0000852643234201E-019   1.8448592305171597E-019  -1.6855852879181999E-019   7.1066064274635798E-019   1.0191500421363742E-017  -1.4436157507295233E-003  -3.8234107709548556E-019   2.6258021364883311E-020   3.1789622242784292E-006   4.1316017235798626E-019   4.6089180242474617E-019   2.0843713387698173E-006   9.1585013921469666E-019   5.3745594194889124E-020   8.2657976876046131E-021   2.0064413039282906E-023   5.3071814995923039E-019   2.9819400921773380E-017   2.2175784658042743E-017   5.9750004600678458E-021  -1.2643411361232185E-019  -4.6001529245377578E-020  -8.3549982038906018E-016  -6.3430908959748620E-016   1.0129920217132851E-022   1.8398402525501601E-018   1.3968014918983074E-018   6.6419522818044667E-023   1.2063403147870121E-018   9.1585013921469666E-019   1.1019699612728380E-030   6.8510183401562340E-032  -8.1263052176161927E-034   7.7980413297532183E-034   4.8629065028009400E-031   1.0422903280110855E-019   3.1003946575872992E-016   8.4359194832683596E-020  -1.8692797626793525E-018   3.9863369405208894E-020  -4.5512206359145965E-017  -3.7223687002840628E-017  -8.7782462479750719E-023   1.0022167234330888E-019   8.1969661781950699E-020  -5.7556911939449328E-023   6.5713011548438197E-020   5.3745594194889124E-020   6.8510183401562340E-032   9.9369993509991490E-032  -4.2078127902596194E-033   2.9343625962697846E-033   3.5842217367693676E-032  -1.6029572126536937E-019  -1.3561784049962519E-017  -3.6897427458329234E-021   8.1728298284934537E-020  -3.7504443581974149E-019   4.9539313074204080E-018  -5.7248128067296271E-018   8.2587911173037314E-022  -1.0908969703327978E-020   1.2606515026219328E-020   5.4150965892108127E-022  -7.1527568372681465E-021   8.2657976876046131E-021  -8.1263052176161927E-034  -4.2078127902596194E-033   2.4100704128254806E-034  -1.3025788121602011E-034   2.2713423336873236E-034  -4.9158181820929391E-021   9.3845077546698718E-018   2.5534634938999351E-021  -5.6582733322092346E-020   1.9232567897137421E-020  -6.7432116691540615E-019  -1.3896421503160145E-020  -4.2351717754423490E-023   1.4849114215964929E-021   3.0601078568783625E-023  -2.7769032912960801E-023   9.7362176377888718E-022   2.0064413039282906E-023   7.7980413297532183E-034   2.9343625962697846E-033  -1.3025788121602011E-034   8.8330101900612385E-035   4.6765831365255648E-034   2.5718119349840726E-016   2.8435121009715171E-017   7.2293078948836430E-021  -1.0874815396600312E-019   4.3452492447734083E-020  -2.9295060453061548E-016  -3.6757033942491346E-016  -9.5686010645012056E-023   6.4510165181525737E-019   8.0942052842421804E-019  -6.2739083908484110E-023   4.2297809749615998E-019   5.3071814995923039E-019   4.8629065028009400E-031   3.5842217367693676E-032   2.2713423336873236E-034   4.6765831365255648E-034   2.8791395926638227E-031
