   1.0008190326127129        4.2204323371452953E-007  -2.1002894719811503E-003  -2.1121106722536181E-018  -2.0449233364801448E-016  -2.5162261864545178E-016  -3.1863140954636274E-017  -6.5647473683113572E-017  -1.5586803063587656E-016   0.0000000000000000        7.8276544430615044E-017   1.0475664818204246E-016   4.6198700554437961E-017  -4.5850673392873656E-017   4.2204323371452953E-007  0.26815854580781734       0.29269133762600447       -1.0450225964812164E-016  -2.1597775567364316E-016  -3.8787838968379487E-016   2.3609631160614958E-017  -1.7926031332230592E-016  -2.2719432382174686E-016   0.0000000000000000       -2.2457514273812740E-018  -4.9406709320979468E-018   1.2217012911428738E-016   6.5637363385342587E-017  -2.1002894719811503E-003  0.29269133762600447       0.31947294955278693       -3.2151694524074329E-018   2.7507777324998301E-016   3.5076862420790879E-016   9.8354527031805416E-017   1.3839222758887197E-016   2.5847081227908861E-016   0.0000000000000000       -2.6155114668449321E-018  -5.6125613365549592E-018   1.3325003125955416E-016   7.1738514981109596E-017  -2.1121106722536181E-018  -1.0450225964812164E-016  -3.2151694524074329E-018  0.48507471304064881        1.6653345369377348E-016  -1.1015494072452725E-016  0.31735539804537827       -1.9081958235744878E-016  -5.2366964931049864E-017   0.0000000000000000       -3.2084464607889352E-017  -5.9756496342583032E-017  -2.3458479943288019E-017   4.2201629174311114E-017  -2.0449233364801448E-016  -2.1597775567364316E-016   2.7507777324998301E-016   1.6653345369377348E-016  0.48507471304064975        7.3205330686221259E-016   1.6653345369377348E-016  0.31735539804537788        3.1051550219984847E-016   0.0000000000000000        4.4311825958846986E-017  -3.7396461603130907E-017   1.5349968901622908E-016   1.5874576241642572E-016  -2.5162261864545178E-016  -3.8787838968379487E-016   3.5076862420790879E-016  -1.1015494072452725E-016   7.3205330686221259E-016  0.48507471304064864        2.0296264668928643E-016   1.5092094240998222E-016  0.31735539804537843        0.0000000000000000       -1.2512797162077872E-017   1.0099580837205663E-018   1.0693029928613603E-016   6.0159338138427851E-017  -3.1863140954636274E-017   2.3609631160614958E-017   9.8354527031805416E-017  0.31735539804537827        1.6653345369377348E-016   2.0296264668928643E-016  0.20762667267732984       -9.1940344226770776E-017   1.4468677991819057E-016   0.0000000000000000       -2.0990947915803482E-017  -3.9095104677222088E-017  -1.5347481614276149E-017   2.7610004118385516E-017  -6.5647473683113572E-017  -1.7926031332230592E-016   1.3839222758887197E-016  -1.9081958235744878E-016  0.31735539804537788        1.5092094240998222E-016  -9.1940344226770776E-017  0.20762667267732893       -1.0408340855860843E-017   0.0000000000000000        2.8990579775097350E-017  -2.4466270119827358E-017   1.0042567381471560E-016   1.0385786614990986E-016  -1.5586803063587656E-016  -2.2719432382174686E-016   2.5847081227908861E-016  -5.2366964931049864E-017   3.1051550219984847E-016  0.31735539804537843        1.4468677991819057E-016  -1.0408340855860843E-017  0.20762667267733009        0.0000000000000000       -8.1863754536706754E-018   6.6075522193100700E-019   6.9958104969737745E-017   3.9358659991553482E-017   0.0000000000000000        0.0000000000000000        0.0000000000000000        0.0000000000000000        0.0000000000000000        0.0000000000000000        0.0000000000000000        0.0000000000000000        0.0000000000000000        0.0000000000000000        0.0000000000000000        0.0000000000000000        0.0000000000000000        0.0000000000000000        7.8276544430615044E-017  -2.2457514273812740E-018  -2.6155114668449321E-018  -3.2084464607889352E-017   4.4311825958846986E-017  -1.2512797162077872E-017  -2.0990947915803482E-017   2.8990579775097350E-017  -8.1863754536706754E-018   0.0000000000000000        1.2633868485069330E-032   8.7449115754569485E-033   1.5405726576063096E-032   6.0225062401757961E-033   1.0475664818204246E-016  -4.9406709320979468E-018  -5.6125613365549592E-018  -5.9756496342583032E-017  -3.7396461603130907E-017   1.0099580837205663E-018  -3.9095104677222088E-017  -2.4466270119827358E-017   6.6075522193100700E-019   0.0000000000000000        8.7449115754569485E-033   2.1302579940437824E-032  -6.1367227529283298E-033  -2.3320532609527572E-032   4.6198700554437961E-017   1.2217012911428738E-016   1.3325003125955416E-016  -2.3458479943288019E-017   1.5349968901622908E-016   1.0693029928613603E-016  -1.5347481614276149E-017   1.0042567381471560E-016   6.9958104969737745E-017   0.0000000000000000        1.5405726576063096E-032  -6.1367227529283298E-033   1.3107249719005791E-031   8.9242226886460164E-032  -4.5850673392873656E-017   6.5637363385342587E-017   7.1738514981109596E-017   4.2201629174311114E-017   1.5874576241642572E-016   6.0159338138427851E-017   2.7610004118385516E-017   1.0385786614990986E-016   3.9358659991553482E-017   0.0000000000000000        6.0225062401757961E-033  -2.3320532609527572E-032   8.9242226886460164E-032   8.1250446511974740E-032
