   1.0000275156317402        8.0941780605309541E-006   1.0279074875857589E-003   6.8889741325929164E-004   7.1680152869040975E-017  -9.7129637061775248E-017  -2.2555716382442624E-016  -2.3481670987508114E-017  -1.1350476741687967E-017  -1.1904644194739202E-016  -2.6994805122001764E-017  -6.5749059190521981E-018  -2.0408213091368268E-018   1.9552402131110821E-016  -7.6036233112214807E-017   2.3079021690128993E-018   6.7199960293283525E-018  -8.2846697504607772E-018   8.0941780605309541E-006   1.0063625104941418        8.0608585431553997E-003  -2.0752980324252766E-003   5.0571322775872335E-017  -5.2122674650725187E-016  -6.4920131732861283E-017  -3.1514013424558471E-016  -8.8489452295012925E-017  -9.1205550689819901E-016  -2.1311268971424767E-016  -3.8187177861765436E-017  -6.5757180581782623E-016  -2.7930767867774851E-017  -4.3860580285432487E-017  -4.7974125301401895E-017   3.4298526688113875E-018  -1.8886343656322563E-017   1.0279074875857589E-003   8.0608585431553997E-003  0.31911285185084948       0.30206061536853879        8.5301692905800617E-017  -8.1935230204833056E-016  -2.7045656815731888E-016  -6.7736547723454202E-016   2.2984131719196164E-017  -1.5251299190945520E-015  -1.4666015746576393E-016  -1.8535795912625425E-016  -1.0451948545934304E-015   3.6003570369093321E-016   1.2553538396670609E-016   2.4754203251890535E-016  -7.1692873871715013E-017  -7.9482230584924370E-018   6.8889741325929164E-004  -2.0752980324252766E-003  0.30206061536853879       0.28601328798429942       -1.4530400912119562E-016   8.4060152307831838E-016   2.1649090959543895E-016   2.6658846280962035E-016   2.1644189760883835E-016   1.2838090035641527E-015   6.3512425259289022E-016  -8.1002937291414526E-018   1.3373827303366771E-015   3.4109859724298366E-016   1.1930262279766262E-016   2.3483692740287534E-016  -6.7914394909087590E-017  -7.3409099564708483E-018   7.1680152869040975E-017   5.0571322775872335E-017   8.5301692905800617E-017  -1.4530400912119562E-016  0.99981550235991534       -3.0087902011717311E-016  -4.1815136693924143E-016   1.9866363950456888E-003   3.9193908535350985E-017  -1.1774435593192578E-016   2.7095166639203453E-003  -3.8733122612044646E-017  -3.9464959078472361E-017   1.4881854068366146E-016   2.0270600215485138E-017   5.3184088488291709E-017  -7.0727249732754233E-017   1.8109718794551855E-018  -9.7129637061775248E-017  -5.2122674650725187E-016  -8.1935230204833056E-016   8.4060152307831838E-016  -3.0087902011717311E-016  0.99981550235991501        1.3767546469729310E-016   8.4567769453869346E-018   1.9866363950463645E-003   8.6465123255718979E-017  -7.8713077722447622E-017   2.7095166639210509E-003  -1.8778381627448937E-016   1.8603620050261416E-018  -2.1129167174935987E-016  -4.6539087441984751E-017   4.4220306764467381E-017  -7.6680497915450778E-017  -2.2555716382442624E-016  -6.4920131732861283E-017  -2.7045656815731888E-016   2.1649090959543895E-016  -4.1815136693924143E-016   1.3767546469729310E-016  0.99981550235991756       -1.6284716630732277E-016  -1.3725999503666486E-016   1.9866363950462578E-003  -7.8496237287950521E-017   1.5178830414797062E-018   2.7095166639211250E-003  -5.1482289671967045E-016  -3.2677647193144329E-016   6.2355975514557219E-017   3.5951457182224558E-016  -3.8362167808643555E-017  -2.3481670987508114E-017  -3.1514013424558471E-016  -6.7736547723454202E-016   2.6658846280962035E-016   1.9866363950456888E-003   8.4567769453869346E-018  -1.6284716630732277E-016  0.35914447108207553       -7.2858385991025898E-017  -1.0269562977782698E-015  0.30646678048776316       -1.0408340855860843E-017   3.0531133177191805E-016   1.6346352836057470E-016   8.8871175526014498E-017   4.2598210996581075E-016  -9.4653202923233635E-017  -7.0505612269500777E-016  -1.1350476741687967E-017  -8.8489452295012925E-017   2.2984131719196164E-017   2.1644189760883835E-016   3.9193908535350985E-017   1.9866363950463645E-003  -1.3725999503666486E-016  -7.2858385991025898E-017  0.35914447108208408       -5.4123372450476381E-016   7.6327832942979512E-017  0.30646678048776227        1.8041124150158794E-016  -8.9558762324027068E-016  -9.7268602418239898E-017  -1.7680869869514729E-016  -9.9499450476299586E-018  -2.8594183671712974E-016  -1.1904644194739202E-016  -9.1205550689819901E-016  -1.5251299190945520E-015   1.2838090035641527E-015  -1.1774435593192578E-016   8.6465123255718979E-017   1.9866363950462578E-003  -1.0269562977782698E-015  -5.4123372450476381E-016  0.35914447108208386        9.7144514654701197E-017   3.4694469519536142E-017  0.30646678048776266       -1.8657027104397686E-016   4.6953001662380367E-016  -3.1820574719933550E-016  -3.7156551321512022E-016  -2.8222895302990947E-016  -2.6994805122001764E-017  -2.1311268971424767E-016  -1.4666015746576393E-016   6.3512425259289022E-016   2.7095166639203453E-003  -7.8713077722447622E-017  -7.8496237287950521E-017  0.30646678048776316        7.6327832942979512E-017   9.7144514654701197E-017  0.26151664482041681        1.0928757898653885E-016   1.0824674490095276E-015   1.3963749011944281E-016   7.5856017671155678E-017   3.6355253924835094E-016  -8.0841117660492698E-017  -6.0163587807900497E-016  -6.5749059190521981E-018  -3.8187177861765436E-017  -1.8535795912625425E-016  -8.1002937291414526E-018  -3.8733122612044646E-017   2.7095166639210509E-003   1.5178830414797062E-018  -1.0408340855860843E-017  0.30646678048776227        3.4694469519536142E-017   1.0928757898653885E-016  0.26151664482040921        5.7592819402429996E-016  -7.6421995848842578E-016  -8.3215485792871362E-017  -1.5092141681300671E-016  -8.4456160157413641E-018  -2.4407736367418366E-016  -2.0408213091368268E-018  -6.5757180581782623E-016  -1.0451948545934304E-015   1.3373827303366771E-015  -3.9464959078472361E-017  -1.8778381627448937E-016   2.7095166639211250E-003   3.0531133177191805E-016   1.8041124150158794E-016  0.30646678048776266        1.0824674490095276E-015   5.7592819402429996E-016  0.26151664482040998       -1.5972621061188482E-016   4.0032733268757996E-016  -2.7146772003127959E-016  -3.1669915857018784E-016  -2.4087021707417216E-016   1.9552402131110821E-016  -2.7930767867774851E-017   3.6003570369093321E-016   3.4109859724298366E-016   1.4881854068366146E-016   1.8603620050261416E-018  -5.1482289671967045E-016   1.6346352836057470E-016  -8.9558762324027068E-016  -1.8657027104397686E-016   1.3963749011944281E-016  -7.6421995848842578E-016  -1.5972621061188482E-016   3.1359273269964318E-030   3.3835088801439018E-031   1.0559260703151941E-030  -1.0086705192897076E-031   5.4811364645778755E-031  -7.6036233112214807E-017  -4.3860580285432487E-017   1.2553538396670609E-016   1.1930262279766262E-016   2.0270600215485138E-017  -2.1129167174935987E-016  -3.2677647193144329E-016   8.8871175526014498E-017  -9.7268602418239898E-017   4.6953001662380367E-016   7.5856017671155678E-017  -8.3215485792871362E-017   4.0032733268757996E-016   3.3835088801439018E-031   8.7292947878508187E-031  -1.7342547095336898E-031  -6.6531236310075588E-031  -4.3955390647578882E-031   2.3079021690128993E-018  -4.7974125301401895E-017   2.4754203251890535E-016   2.3483692740287534E-016   5.3184088488291709E-017  -4.6539087441984751E-017   6.2355975514557219E-017   4.2598210996581075E-016  -1.7680869869514729E-016  -3.1820574719933550E-016   3.6355253924835094E-016  -1.5092141681300671E-016  -2.7146772003127959E-016   1.0559260703151941E-030  -1.7342547095336898E-031   1.0779557284819673E-030   1.8355581396812520E-031  -4.4925869724859941E-031   6.7199960293283525E-018   3.4298526688113875E-018  -7.1692873871715013E-017  -6.7914394909087590E-017  -7.0727249732754233E-017   4.4220306764467381E-017   3.5951457182224558E-016  -9.4653202923233635E-017  -9.9499450476299586E-018  -3.7156551321512022E-016  -8.0841117660492698E-017  -8.4456160157413641E-018  -3.1669915857018784E-016  -1.0086705192897076E-031  -6.6531236310075588E-031   1.8355581396812520E-031   5.6346875643364207E-031   4.7032614342051839E-031  -8.2846697504607772E-018  -1.8886343656322563E-017  -7.9482230584924370E-018  -7.3409099564708483E-018   1.8109718794551855E-018  -7.6680497915450778E-017  -3.8362167808643555E-017  -7.0505612269500777E-016  -2.8594183671712974E-016  -2.8222895302990947E-016  -6.0163587807900497E-016  -2.4407736367418366E-016  -2.4087021707417216E-016   5.4811364645778755E-031  -4.3955390647578882E-031  -4.4925869724859941E-031   4.7032614342051839E-031   1.8412211416858611E-030
