   1.0000477932849223       -8.9582016979648241E-007   1.2010535724269207E-007  -1.4790126037703287E-004  -2.3016239038128583E-005  -1.5410137922189504E-016   2.7302171249775333E-017   8.5949729999836985E-017  -2.3900810704140174E-016   1.2823231356138660E-017   1.4675255769805327E-016  -1.2629334795797992E-016   7.4961032252277400E-018   7.9055145860999334E-017  -1.3439651137263051E-016   6.8238418452231486E-018   8.4195881461111030E-017   1.9854766895876365E-018   1.4154800623393854E-018   7.3003911756567654E-019   3.7721128741860571E-020  -5.8466041709650771E-019  -1.1383415198643063E-016   5.8817043934129875E-017  -1.3751860914064614E-018   2.4862564446259019E-018   1.0016185512998860E-018  -7.0870988672621051E-024   5.9699655308698559E-024  -5.7998605410839776E-024   2.6519492676775629E-024  -1.4657758835386523E-024   1.1820357875261062E-024   1.0231349849294884E-023  -8.9582016979648241E-007  0.86984898746630068        4.8069693952246805E-007   8.1988251727543399E-002   2.1720826828999025E-003  -7.3190637853279647E-016   1.3824957232895879E-016   4.5948842764564895E-016  -1.3723071687122403E-015   4.2454215964493252E-017   8.5527403607815026E-016  -6.0244193265731891E-016   4.5404415218468324E-017   3.6049605233735198E-016  -6.9105907013835062E-016   3.8326734791525579E-017   4.1855139758998005E-016  -6.9697653551611165E-017  -1.0515919237228735E-017   1.5127533794228469E-017  -3.2078728796836795E-018   3.7438053081985643E-017  -7.9812427121612637E-016  -8.8649161983220338E-017  -4.0765952686754075E-018  -2.5224878161776609E-017  -6.6503163856843018E-017   4.8870974786889968E-019  -3.5992404861672302E-019   5.3575814302019608E-019  -1.9147208794060691E-019   9.2652833144608231E-020   1.0011321104699607E-019  -5.6921700844595113E-019   1.2010535724269207E-007   4.8069693952246805E-007  0.42095003182298918        4.5731254141838033E-002  0.25693048422472720       -9.8283439039789497E-016   1.7868658997629665E-016   6.3237275261164882E-016  -2.1704775491797505E-015   1.6370530666174763E-016   1.3972049520630399E-015  -4.4337898678640594E-016   6.0856526258400384E-018   2.4256012840496365E-016  -5.6263524125195813E-016  -1.7991474990153836E-017   3.1160066479844087E-016   2.8550822670911355E-016  -9.9344552157924788E-017  -8.1743034346381365E-017   1.4362156961898847E-017  -2.4621085777937331E-017   5.8690004006571638E-016  -1.1060815465603769E-016   9.3019083583507897E-017   3.1789757813317083E-017  -1.1685898934009558E-018   1.7643733921616383E-018  -7.2513523513132849E-019   4.1619921477113618E-018  -9.2957984112334126E-019   2.3028299118187346E-019   2.7505164701457668E-018  -4.3574219614207900E-019  -1.4790126037703287E-004   8.1988251727543399E-002   4.5731254141838033E-002   1.2696035742746688E-002   2.8117172440182428E-002   4.7587226938786402E-016  -1.1686908889051280E-016  -3.0042017823725069E-016   5.5108370874310693E-016  -1.0837512621862443E-017  -3.3149053649738120E-016   3.7646073952794580E-016  -1.9547821112358824E-017  -2.3661952563492670E-016   3.8442472907273229E-016  -1.6738817610880507E-017  -2.4101895577349006E-016   2.4447376831711128E-017  -1.1783996987505834E-017  -7.4546594743820532E-018   1.2579115641222400E-018   8.5404739907810561E-019  -1.1451209544571726E-017  -2.0380639715134528E-017   9.7213769495821849E-018   1.0756233519960890E-018  -6.3954017263637669E-018   2.3774182718951575E-019  -1.1270219270432679E-019   5.0264913519417457E-019  -1.1903511193665614E-019   3.3750560201943681E-020   3.0824710267164446E-019  -1.0099013356877066E-019  -2.3016239038128583E-005   2.1720826828999025E-003  0.25693048422472720        2.8117172440182428E-002  0.15682516098564694        1.0124796634023600E-016  -3.3544702685746301E-017  -2.6687861038881352E-017   9.4048916442298136E-016  -1.9625643645885922E-017  -5.5128929016329851E-016   8.6685701731391244E-016  -6.2410692865662062E-017  -5.5576044296281986E-016   9.1783945054463908E-016  -7.7673813450445840E-017  -5.9157114903189220E-016   1.7408834600127012E-016  -6.0662092577673465E-017  -4.9854813418194621E-017   8.7580562846864341E-018  -1.4934205395415161E-017   3.5622941894731051E-016  -6.7733333323681753E-017   5.6764853583044983E-017   1.9340115465854912E-017  -8.7932334598331773E-019   1.0781207020910456E-018  -4.4349118370292546E-019   2.5416454590545627E-018  -5.6785513119378139E-019   1.4078654041831117E-019   1.6790514103573781E-018  -2.6738019686472387E-019  -1.5410137922189504E-016  -7.3190637853279647E-016  -9.8283439039789497E-016   4.7587226938786402E-016   1.0124796634023600E-016  0.94629721319616955       -3.4694476021630014E-016  -1.6653328556643622E-016  -8.5182910544420812E-008   1.6522970455182660E-016   3.1151766129045851E-016   5.5131720633312710E-002  -1.4413932201030092E-016   6.0712939379024096E-018   1.5991907720078673E-003  -1.4702463717472674E-016  -3.6182918166098761E-017  -5.3630774366604887E-016  -3.0006098751070971E-017   2.5752414520212341E-017  -6.7755554093949352E-018   8.2425197008498997E-017   3.5489674016615472E-016   2.4222401419570238E-017   6.4930590952918774E-017   1.2412039922656127E-017  -2.8733365508497106E-017  -2.3880769908389509E-016   1.0993380149194922E-016  -3.8918882156354084E-016   6.8329338575541415E-017  -2.6534852853768961E-017  -2.1998376285318983E-016   8.4959856867785133E-017   2.7302171249775333E-017   1.3824957232895879E-016   1.7868658997629665E-016  -1.1686908889051280E-016  -3.3544702685746301E-017  -3.4694476021630014E-016  0.94629721319617710       -7.2164498132812259E-016  -5.8767904239688946E-016  -8.5182905046342392E-008  -4.0308235964001181E-016   3.2946396010217219E-016   5.5131720633308588E-002  -3.9483782400491618E-017   2.3731301569144541E-016   1.5991907720052099E-003   3.6601320678306863E-016  -1.6332882390672763E-017  -1.1893062925903893E-017  -1.6695250209708927E-016  -3.1415457029805461E-018   6.4253668858964742E-017  -4.6258285655434994E-018  -6.5243282853103449E-017   4.9082255130945131E-017   6.2608736141865123E-018  -5.7155697076934771E-017  -1.2163384421616807E-017   1.6761251970348881E-017  -1.0725863662436423E-016  -3.4500778478845416E-017  -1.2355022770870029E-017   5.2249504297991653E-017   8.8533591547208187E-018   8.5949729999836985E-017   4.5948842764564895E-016   6.3237275261164882E-016  -3.0042017823725069E-016  -2.6687861038881352E-017  -1.6653328556643622E-016  -7.2164498132812259E-016  0.94629721319617199        3.0972597484877886E-016   5.8682137521568018E-016  -8.5182905446533445E-008  -2.5985432265822586E-017  -1.9040637917169894E-016   5.5131720633311385E-002   3.9758264088793864E-017  -1.6041607256086207E-016   1.5991907720071985E-003   1.7825568292274208E-016   1.9229383079530770E-017   1.6425224186060580E-016   5.9616885137663520E-019  -3.1659660240864489E-017  -7.2486462290860221E-017   3.1688281090338311E-017  -2.7675533784056597E-018   7.7564428660625428E-018   1.9759586133446945E-017  -1.2265960418748984E-017   6.1526180755462059E-017   1.8506842672440389E-016  -1.3295007927715530E-017  -2.4574748083480161E-017   2.7260756360729312E-017   3.1830421203575063E-017  -2.3900810704140174E-016  -1.3723071687122403E-015  -2.1704775491797505E-015   5.5108370874310693E-016   9.4048916442298136E-016  -8.5182910544420812E-008  -5.8767904239688946E-016   3.0972597484877886E-016  0.34158799914282933       -2.7755575615628914E-017   1.2490009027033011E-015  0.16532603768924134        1.1102230246251565E-016   3.6082248300317588E-016  0.18998272501579805        3.3306690738754696E-016  -6.1062266354383610E-016  -4.5898633037033914E-017   7.3558673246986293E-018  -1.6696982386444563E-017  -4.1064209910155752E-017   1.1998559957855235E-016   8.5635889066459605E-019   3.7422544453248910E-017  -1.2115159063438028E-017  -2.9520934671899426E-017   7.7105445784465499E-017  -3.7369998282828786E-017   3.0456428137458174E-017  -2.7415640000790210E-017   2.2173116391798861E-018   1.0681674647921350E-017   3.6106191149542882E-017  -4.0773789473177447E-018   1.2823231356138660E-017   4.2454215964493252E-017   1.6370530666174763E-016  -1.0837512621862443E-017  -1.9625643645885922E-017   1.6522970455182660E-016  -8.5182905046342392E-008   5.8682137521568018E-016  -2.7755575615628914E-017  0.34158799914282761       -5.5511151231257827E-017   0.0000000000000000       0.16532603768924081       -1.9428902930940239E-016  -2.6367796834847468E-016  0.18998272501579969       -8.9511731360403246E-016   9.8257799550160002E-017  -1.4028405573622987E-016  -7.3396568416397449E-017   5.9526428762328952E-017  -1.9347607697294177E-016   5.1083267599549975E-018  -1.0116066740442416E-016   4.4608400126401830E-017   8.0954007872698137E-018   4.6352568127911430E-017   1.4189995786557935E-016   4.3585461222142419E-017  -7.4621552422714567E-018  -4.6815269364701301E-017   1.3616821063475641E-018   6.2856011599401486E-017  -4.0645801552777107E-017   1.4675255769805327E-016   8.5527403607815026E-016   1.3972049520630399E-015  -3.3149053649738120E-016  -5.5128929016329851E-016   3.1151766129045851E-016  -4.0308235964001181E-016  -8.5182905446533445E-008   1.2490009027033011E-015  -5.5511151231257827E-017  0.34158799914283627        4.9960036108132044E-016   2.6367796834847468E-016  0.16532603768924178       -4.0245584642661925E-016   6.1756155744774333E-016  0.18998272501579724       -1.7333155581725077E-016  -1.6367447929163864E-016   5.6933128538484783E-018   1.2397418651135596E-016   3.1277163864310723E-016  -1.0595441788851992E-017   8.7472795295883122E-017  -8.7439403955529555E-017   6.8507281831703023E-017   7.2137411845636635E-017   2.1452969548665353E-017  -2.6226390396628311E-017  -2.5855744107865531E-017  -1.8965895692289944E-016  -1.7654828321340328E-017  -7.9693344425107375E-018   4.2316036051823684E-017  -1.2629334795797992E-016  -6.0244193265731891E-016  -4.4337898678640594E-016   3.7646073952794580E-016   8.6685701731391244E-016   5.5131720633312710E-002   3.2946396010217219E-016  -2.5985432265822586E-017  0.16532603768924134        0.0000000000000000        4.9960036108132044E-016   8.3228570948561231E-002   8.6736173798840355E-017   9.7144514654701197E-017   9.2043390930703073E-002   1.5612511283791264E-016  -3.6082248300317588E-016  -5.3460160602069569E-017   1.8120141648183839E-018  -6.5808659800998988E-018  -2.0269518514491725E-017   6.2874269191171442E-017   2.1090937745782910E-017   1.9523441820472733E-017  -2.0807569921258639E-018  -1.3564780272318517E-017   3.5644439759949066E-017  -3.1999859564861936E-017   2.1145483712761934E-017  -3.5943305899410166E-017   5.0540646617172201E-018   3.6239166616008081E-018   4.6587600371365721E-018   2.9763839295897356E-018   7.4961032252277400E-018   4.5404415218468324E-017   6.0856526258400384E-018  -1.9547821112358824E-017  -6.2410692865662062E-017  -1.4413932201030092E-016   5.5131720633308588E-002  -1.9040637917169894E-016   1.1102230246251565E-016  0.16532603768924081        2.6367796834847468E-016   8.6736173798840355E-017   8.3228570948560315E-002   3.1225022567582528E-017  -2.4286128663675299E-017   9.2043390930703711E-002  -2.3245294578089215E-016   4.6604479661450059E-017  -6.8589332132180223E-017  -4.5250129982248784E-017   2.8627319267332114E-017  -8.9897525772336629E-017   2.2028888843900820E-018  -5.2762115343731448E-017   2.4449690195907303E-017   4.2828752867610606E-018   1.9104376811501883E-017   6.7969875721910671E-017   2.2071557148318469E-017  -9.8605707352649224E-018  -2.4668274117651554E-017  -6.0765996223129018E-020   3.3465923548826681E-017  -1.9156463398833322E-017   7.9055145860999334E-017   3.6049605233735198E-016   2.4256012840496365E-016  -2.3661952563492670E-016  -5.5576044296281986E-016   6.0712939379024096E-018  -3.9483782400491618E-017   5.5131720633311385E-002   3.6082248300317588E-016  -1.9428902930940239E-016  0.16532603768924178        9.7144514654701197E-017   3.1225022567582528E-017   8.3228570948559566E-002  -3.3306690738754696E-016   1.5959455978986625E-016   9.2043390930700825E-002  -7.3505911936457818E-017  -7.8096912898007090E-017   1.2324940943542132E-017   6.0037314278468337E-017   1.4953463112534789E-016  -9.3512133001084463E-018   4.4182355738521194E-017  -4.2481258122595679E-017   3.3608907551259761E-017   3.6065172684073081E-017   9.6684560228652956E-018  -9.1088303465761514E-018  -1.7318055807425061E-018  -9.2568093906660729E-017  -9.9765426172056508E-018  -2.2688727303974329E-018   2.2335102380619427E-017  -1.3439651137263051E-016  -6.9105907013835062E-016  -5.6263524125195813E-016   3.8442472907273229E-016   9.1783945054463908E-016   1.5991907720078673E-003   2.3731301569144541E-016   3.9758264088793864E-017  0.18998272501579805       -2.6367796834847468E-016  -4.0245584642661925E-016   9.2043390930703073E-002  -2.4286128663675299E-017  -3.3306690738754696E-016  0.10566635568801247        4.1633363423443370E-017  -9.4368957093138306E-016  -2.6434032620856209E-017   4.0404397587659725E-018  -9.2429236756822283E-018  -2.2850339978403070E-017   6.6872296000398415E-017   1.0760593930905829E-018   2.0854421575893670E-017  -6.6284168775777357E-018  -1.6397831253678423E-017   4.2835566502272109E-017  -2.1187844920396507E-017   1.7124893322453458E-017  -1.5905622566547790E-017   1.3486897121686557E-018   5.8960372292933634E-018   1.9709591352350758E-017  -2.1241546853494495E-018   6.8238418452231486E-018   3.8326734791525579E-017  -1.7991474990153836E-017  -1.6738817610880507E-017  -7.7673813450445840E-017  -1.4702463717472674E-016   1.5991907720052099E-003  -1.6041607256086207E-016   3.3306690738754696E-016  0.18998272501579969        6.1756155744774333E-016   1.5612511283791264E-016   9.2043390930703711E-002   1.5959455978986625E-016   4.1633363423443370E-017  0.10566635568801480       -1.4224732503009818E-016   5.4620934842258078E-017  -7.8042592028814475E-017  -4.1103489677582920E-017   3.3101805757757346E-017  -1.0749797987006275E-016   2.8333063008402440E-018  -5.6373300901052434E-017   2.4893028314066265E-017   4.5130408496070740E-018   2.5683549378825693E-017   7.8900661198241186E-017   2.4269472856004841E-017  -4.3315312494766002E-018  -2.6095791308465157E-017   7.3645368976587205E-019   3.5047247316614738E-017  -2.2591218888852958E-017   8.4195881461111030E-017   4.1855139758998005E-016   3.1160066479844087E-016  -2.4101895577349006E-016  -5.9157114903189220E-016  -3.6182918166098761E-017   3.6601320678306863E-016   1.5991907720071985E-003  -6.1062266354383610E-016  -8.9511731360403246E-016  0.18998272501579724       -3.6082248300317588E-016  -2.3245294578089215E-016   9.2043390930700825E-002  -9.4368957093138306E-016  -1.4224732503009818E-016  0.10566635568800939       -9.6101436747558238E-017  -9.0999165403672429E-017   3.4440641752980494E-018   6.8952357868762458E-017   1.7390227950660789E-016  -6.0154222531235486E-018   4.8703740034098525E-017  -4.8636292700193061E-017   3.8115149785500648E-017   4.0154422815331014E-017   1.1910877158829228E-017  -1.4482485217976800E-017  -1.4067555141931832E-017  -1.0550604983003872E-016  -9.8607063783974745E-018  -4.3862744850842354E-018   2.3588917068606924E-017   1.9854766895876365E-018  -6.9697653551611165E-017   2.8550822670911355E-016   2.4447376831711128E-017   1.7408834600127012E-016  -5.3630774366604887E-016  -1.6332882390672763E-017   1.7825568292274208E-016  -4.5898633037033914E-017   9.8257799550160002E-017  -1.7333155581725077E-016  -5.3460160602069569E-017   4.6604479661450059E-017  -7.3505911936457818E-017  -2.6434032620856209E-017   5.4620934842258078E-017  -9.6101436747558238E-017   6.5942751276857688E-031  -3.9894552383381303E-033  -5.9183568882397315E-032  -2.6262806411770882E-032  -3.0397183986322270E-031   2.5380917362715511E-031  -1.5294589176563860E-031   8.4075164097838280E-032  -1.0561201596252217E-032  -8.1006682508558334E-033   1.6935262888677375E-031  -2.9713751216320988E-032   2.7472032325538762E-031   4.1224761940796933E-032   1.8686248783397575E-032   1.4803807556547661E-031  -7.5173494033280068E-032   1.4154800623393854E-018  -1.0515919237228735E-017  -9.9344552157924788E-017  -1.1783996987505834E-017  -6.0662092577673465E-017  -3.0006098751070971E-017  -1.1893062925903893E-017   1.9229383079530770E-017   7.3558673246986293E-018  -1.4028405573622987E-016  -1.6367447929163864E-016   1.8120141648183839E-018  -6.8589332132180223E-017  -7.8096912898007090E-017   4.0404397587659725E-018  -7.8042592028814475E-017  -9.0999165403672429E-017  -3.9894552383381303E-033   1.6126262730025398E-031   5.0784065137502264E-032  -8.7818098833784129E-032  -6.6533273730966246E-032  -1.3869210638274328E-031   2.8391889217966916E-032  -1.3207371442582867E-033  -4.4294715989564356E-032  -4.8828796684451490E-032  -6.2306195490982322E-032  -6.9481426599202977E-033   3.1323967487209579E-032   1.0836895332759379E-031   8.5720787018725865E-033  -1.4995343181391692E-032  -5.7200791066253216E-033   7.3003911756567654E-019   1.5127533794228469E-017  -8.1743034346381365E-017  -7.4546594743820532E-018  -4.9854813418194621E-017   2.5752414520212341E-017  -1.6695250209708927E-016   1.6425224186060580E-016  -1.6696982386444563E-017  -7.3396568416397449E-017   5.6933128538484783E-018  -6.5808659800998988E-018  -4.5250129982248784E-017   1.2324940943542132E-017  -9.2429236756822283E-018  -4.1103489677582920E-017   3.4440641752980494E-018  -5.9183568882397315E-032   5.0784065137502264E-032   9.1484367012750848E-032  -1.1088185858526963E-032   3.1763540565571682E-032  -1.3135532294471502E-031   5.9014988926120364E-032  -3.5957934657873152E-032  -5.1851514103867728E-033  -7.2362970009745878E-034  -3.5121738012024181E-032  -4.4253959837031805E-034   4.2168641774863901E-032   1.2605563761435955E-032  -3.9599548249883037E-033  -2.6408972284915588E-032   1.5987859378989917E-032   3.7721128741860571E-020  -3.2078728796836795E-018   1.4362156961898847E-017   1.2579115641222400E-018   8.7580562846864341E-018  -6.7755554093949352E-018  -3.1415457029805461E-018   5.9616885137663520E-019  -4.1064209910155752E-017   5.9526428762328952E-017   1.2397418651135596E-016  -2.0269518514491725E-017   2.8627319267332114E-017   6.0037314278468337E-017  -2.2850339978403070E-017   3.3101805757757346E-017   6.8952357868762458E-017  -2.6262806411770882E-032  -8.7818098833784129E-032  -1.1088185858526963E-032   6.0865578160849846E-032   6.3574153529180042E-032   1.7333591212134250E-032   6.2379997893659887E-033  -1.9945692736049688E-032   3.0896259647396356E-032   2.5602828270925284E-032   3.8807445879168804E-032  -6.4118689921380415E-033  -3.9892191461308899E-033  -7.7672700097708957E-032  -7.2313240987308903E-033   5.2329439473846635E-033   8.1346115254796306E-033  -5.8466041709650771E-019   3.7438053081985643E-017  -2.4621085777937331E-017   8.5404739907810561E-019  -1.4934205395415161E-017   8.2425197008498997E-017   6.4253668858964742E-017  -3.1659660240864489E-017   1.1998559957855235E-016  -1.9347607697294177E-016   3.1277163864310723E-016   6.2874269191171442E-017  -8.9897525772336629E-017   1.4953463112534789E-016   6.6872296000398415E-017  -1.0749797987006275E-016   1.7390227950660789E-016  -3.0397183986322270E-031  -6.6533273730966246E-032   3.1763540565571682E-032   6.3574153529180042E-032   4.5377061528642414E-031  -4.7882546626569553E-032   1.4977538532097414E-031  -1.0611920409728970E-031   4.6073532918677738E-032   5.7042414300607398E-032  -9.5154246882741947E-032  -2.9320618744548547E-032  -7.6672358316335366E-032  -1.4226421371085125E-031  -1.5522170624995270E-032  -4.6898293725038833E-032   6.7273351904990029E-032  -1.1383415198643063E-016  -7.9812427121612637E-016   5.8690004006571638E-016  -1.1451209544571726E-017   3.5622941894731051E-016   3.5489674016615472E-016  -4.6258285655434994E-018  -7.2486462290860221E-017   8.5635889066459605E-019   5.1083267599549975E-018  -1.0595441788851992E-017   2.1090937745782910E-017   2.2028888843900820E-018  -9.3512133001084463E-018   1.0760593930905829E-018   2.8333063008402440E-018  -6.0154222531235486E-018   2.5380917362715511E-031  -1.3869210638274328E-031  -1.3135532294471502E-031   1.7333591212134250E-032  -4.7882546626569553E-032   1.7026266384518416E-030  -7.6724958524169590E-032   1.6125924266808418E-031   6.9136425922111677E-032   4.5914958266135349E-032  -8.5188291127432979E-032   3.7295327175033400E-032  -1.5367940548283197E-031   3.0881072482924204E-032  -7.1779166752587116E-033  -7.9825009390577945E-032   2.7365745536007489E-032   5.8817043934129875E-017  -8.8649161983220338E-017  -1.1060815465603769E-016  -2.0380639715134528E-017  -6.7733333323681753E-017   2.4222401419570238E-017  -6.5243282853103449E-017   3.1688281090338311E-017   3.7422544453248910E-017  -1.0116066740442416E-016   8.7472795295883122E-017   1.9523441820472733E-017  -5.2762115343731448E-017   4.4182355738521194E-017   2.0854421575893670E-017  -5.6373300901052434E-017   4.8703740034098525E-017  -1.5294589176563860E-031   2.8391889217966916E-032   5.9014988926120364E-032   6.2379997893659887E-033   1.4977538532097414E-031  -7.6724958524169590E-032   1.0419453253182680E-031  -6.2850804315055380E-032   6.4212758273080696E-033   2.4203105102161211E-032  -4.6822175566011656E-032  -1.2341204679095198E-032  -4.9325872763321451E-033  -3.0513824612308196E-032  -4.4742891459351630E-033  -2.5753232933673062E-032   2.5229363078878398E-032  -1.3751860914064614E-018  -4.0765952686754075E-018   9.3019083583507897E-017   9.7213769495821849E-018   5.6764853583044983E-017   6.4930590952918774E-017   4.9082255130945131E-017  -2.7675533784056597E-018  -1.2115159063438028E-017   4.4608400126401830E-017  -8.7439403955529555E-017  -2.0807569921258639E-018   2.4449690195907303E-017  -4.2481258122595679E-017  -6.6284168775777357E-018   2.4893028314066265E-017  -4.8636292700193061E-017   8.4075164097838280E-032  -1.3207371442582867E-033  -3.5957934657873152E-032  -1.9945692736049688E-032  -1.0611920409728970E-031   1.6125924266808418E-031  -6.2850804315055380E-032   5.6222751332263798E-032  -7.1389962623734176E-033  -2.0088946944549493E-032  -2.2285274858601611E-033   1.9399117701873391E-032  -2.5275299149046852E-032   4.5089769209787536E-032   1.9790406631770449E-033  -2.8887769402226645E-033  -9.8933479742836513E-033   2.4862564446259019E-018  -2.5224878161776609E-017   3.1789757813317083E-017   1.0756233519960890E-018   1.9340115465854912E-017   1.2412039922656127E-017   6.2608736141865123E-018   7.7564428660625428E-018  -2.9520934671899426E-017   8.0954007872698137E-018   6.8507281831703023E-017  -1.3564780272318517E-017   4.2828752867610606E-018   3.3608907551259761E-017  -1.6397831253678423E-017   4.5130408496070740E-018   3.8115149785500648E-017  -1.0561201596252217E-032  -4.4294715989564356E-032  -5.1851514103867728E-033   3.0896259647396356E-032   4.6073532918677738E-032   6.9136425922111677E-032   6.4212758273080696E-033  -7.1389962623734176E-033   1.9888848145679625E-032   1.0152116281348700E-032   7.7008064745939827E-033  -4.8462030250492954E-033  -6.9917167316265377E-033  -3.8843874101480988E-032  -5.0481487359430387E-033  -5.3404872007934495E-033   9.2932526216051112E-033   1.0016185512998860E-018  -6.6503163856843018E-017  -1.1685898934009558E-018  -6.3954017263637669E-018  -8.7932334598331773E-019  -2.8733365508497106E-017  -5.7155697076934771E-017   1.9759586133446945E-017   7.7105445784465499E-017   4.6352568127911430E-017   7.2137411845636635E-017   3.5644439759949066E-017   1.9104376811501883E-017   3.6065172684073081E-017   4.2835566502272109E-017   2.5683549378825693E-017   4.0154422815331014E-017  -8.1006682508558334E-033  -4.8828796684451490E-032  -7.2362970009745878E-034   2.5602828270925284E-032   5.7042414300607398E-032   4.5914958266135349E-032   2.4203105102161211E-032  -2.0088946944549493E-032   1.0152116281348700E-032   4.8754697151644203E-032   2.3037958486408045E-032   4.2145562590110975E-033   9.4462502050892388E-033  -4.6156176041575493E-032  -1.0140731225527702E-034   1.9074217950780694E-032   9.5432698322290635E-035  -7.0870988672621051E-024   4.8870974786889968E-019   1.7643733921616383E-018   2.3774182718951575E-019   1.0781207020910456E-018  -2.3880769908389509E-016  -1.2163384421616807E-017  -1.2265960418748984E-017  -3.7369998282828786E-017   1.4189995786557935E-016   2.1452969548665353E-017  -3.1999859564861936E-017   6.7969875721910671E-017   9.6684560228652956E-018  -2.1187844920396507E-017   7.8900661198241186E-017   1.1910877158829228E-017   1.6935262888677375E-031  -6.2306195490982322E-032  -3.5121738012024181E-032   3.8807445879168804E-032  -9.5154246882741947E-032  -8.5188291127432979E-032  -4.6822175566011656E-032  -2.2285274858601611E-033   7.7008064745939827E-033   2.3037958486408045E-032   1.2497121648938971E-031  -1.5632223386092568E-032   9.5488877602454985E-032  -4.8233315841556679E-032   5.4629909033131705E-033   7.6162397079292862E-032  -3.5750122099484557E-032   5.9699655308698559E-024  -3.5992404861672302E-019  -7.2513523513132849E-019  -1.1270219270432679E-019  -4.4349118370292546E-019   1.0993380149194922E-016   1.6761251970348881E-017   6.1526180755462059E-017   3.0456428137458174E-017   4.3585461222142419E-017  -2.6226390396628311E-017   2.1145483712761934E-017   2.2071557148318469E-017  -9.1088303465761514E-018   1.7124893322453458E-017   2.4269472856004841E-017  -1.4482485217976800E-017  -2.9713751216320988E-032  -6.9481426599202977E-033  -4.4253959837031805E-034  -6.4118689921380415E-033  -2.9320618744548547E-032   3.7295327175033400E-032  -1.2341204679095198E-032   1.9399117701873391E-032  -4.8462030250492954E-033   4.2145562590110975E-033  -1.5632223386092568E-032   2.7360371449872644E-032  -3.6498952910910207E-032   1.5250003921132556E-032  -2.4180546378811416E-033  -1.1011606418034456E-032   3.2986095517112927E-033  -5.7998605410839776E-024   5.3575814302019608E-019   4.1619921477113618E-018   5.0264913519417457E-019   2.5416454590545627E-018  -3.8918882156354084E-016  -1.0725863662436423E-016   1.8506842672440389E-016  -2.7415640000790210E-017  -7.4621552422714567E-018  -2.5855744107865531E-017  -3.5943305899410166E-017  -9.8605707352649224E-018  -1.7318055807425061E-018  -1.5905622566547790E-017  -4.3315312494766002E-018  -1.4067555141931832E-017   2.7472032325538762E-031   3.1323967487209579E-032   4.2168641774863901E-032  -3.9892191461308899E-033  -7.6672358316335366E-032  -1.5367940548283197E-031  -4.9325872763321451E-033  -2.5275299149046852E-032  -6.9917167316265377E-033   9.4462502050892388E-033   9.5488877602454985E-032  -3.6498952910910207E-032   2.1277710429609064E-031  -1.1600550258153131E-032   7.9590339909220755E-033   8.6242580930497198E-032  -3.1712780993715989E-032   2.6519492676775629E-024  -1.9147208794060691E-019  -9.2957984112334126E-019  -1.1903511193665614E-019  -5.6785513119378139E-019   6.8329338575541415E-017  -3.4500778478845416E-017  -1.3295007927715530E-017   2.2173116391798861E-018  -4.6815269364701301E-017  -1.8965895692289944E-016   5.0540646617172201E-018  -2.4668274117651554E-017  -9.2568093906660729E-017   1.3486897121686557E-018  -2.6095791308465157E-017  -1.0550604983003872E-016   4.1224761940796933E-032   1.0836895332759379E-031   1.2605563761435955E-032  -7.7672700097708957E-032  -1.4226421371085125E-031   3.0881072482924204E-032  -3.0513824612308196E-032   4.5089769209787536E-032  -3.8843874101480988E-032  -4.6156176041575493E-032  -4.8233315841556679E-032   1.5250003921132556E-032  -1.1600550258153131E-032   1.1811492896701298E-031   8.5643373158938472E-033  -2.2133797918199851E-032  -1.2585096089910245E-032  -1.4657758835386523E-024   9.2652833144608231E-020   2.3028299118187346E-019   3.3750560201943681E-020   1.4078654041831117E-019  -2.6534852853768961E-017  -1.2355022770870029E-017  -2.4574748083480161E-017   1.0681674647921350E-017   1.3616821063475641E-018  -1.7654828321340328E-017   3.6239166616008081E-018  -6.0765996223129018E-020  -9.9765426172056508E-018   5.8960372292933634E-018   7.3645368976587205E-019  -9.8607063783974745E-018   1.8686248783397575E-032   8.5720787018725865E-033  -3.9599548249883037E-033  -7.2313240987308903E-033  -1.5522170624995270E-032  -7.1779166752587116E-033  -4.4742891459351630E-033   1.9790406631770449E-033  -5.0481487359430387E-033  -1.0140731225527702E-034   5.4629909033131705E-033  -2.4180546378811416E-033   7.9590339909220755E-033   8.5643373158938472E-033   2.7956255274433342E-033   6.5714132035894149E-033  -5.8014573955318654E-033   1.1820357875261062E-024   1.0011321104699607E-019   2.7505164701457668E-018   3.0824710267164446E-019   1.6790514103573781E-018  -2.1998376285318983E-016   5.2249504297991653E-017   2.7260756360729312E-017   3.6106191149542882E-017   6.2856011599401486E-017  -7.9693344425107375E-018   4.6587600371365721E-018   3.3465923548826681E-017  -2.2688727303974329E-018   1.9709591352350758E-017   3.5047247316614738E-017  -4.3862744850842354E-018   1.4803807556547661E-031  -1.4995343181391692E-032  -2.6408972284915588E-032   5.2329439473846635E-033  -4.6898293725038833E-032  -7.9825009390577945E-032  -2.5753232933673062E-032  -2.8887769402226645E-033  -5.3404872007934495E-033   1.9074217950780694E-032   7.6162397079292862E-032  -1.1011606418034456E-032   8.6242580930497198E-032  -2.2133797918199851E-032   6.5714132035894149E-033   7.0396011771946939E-032  -2.7245063091370253E-032   1.0231349849294884E-023  -5.6921700844595113E-019  -4.3574219614207900E-019  -1.0099013356877066E-019  -2.6738019686472387E-019   8.4959856867785133E-017   8.8533591547208187E-018   3.1830421203575063E-017  -4.0773789473177447E-018  -4.0645801552777107E-017   4.2316036051823684E-017   2.9763839295897356E-018  -1.9156463398833322E-017   2.2335102380619427E-017  -2.1241546853494495E-018  -2.2591218888852958E-017   2.3588917068606924E-017  -7.5173494033280068E-032  -5.7200791066253216E-033   1.5987859378989917E-032   8.1346115254796306E-033   6.7273351904990029E-032   2.7365745536007489E-032   2.5229363078878398E-032  -9.8933479742836513E-033   9.2932526216051112E-033   9.5432698322290635E-035  -3.5750122099484557E-032   3.2986095517112927E-033  -3.1712780993715989E-032  -1.2585096089910245E-032  -5.8014573955318654E-033  -2.7245063091370253E-032   1.8909407685950202E-032
