   1.0000477932849223       -8.9582016939666454E-007   1.2010535886247878E-007  -1.4790126037614914E-004  -2.3016239036370865E-005  -1.2630935670732297E-016   3.9617751426320182E-017   8.7624655572356484E-017  -2.4809443777886089E-016  -1.6763105566079950E-017   1.5999218981302146E-016  -1.3294052847810255E-016  -5.7548080695666106E-018   8.5976547253130811E-017  -1.4204857529933738E-016  -9.1559044973707166E-018   9.1714686763865186E-017   9.7903987304423715E-019  -5.8328626027406500E-019   9.1885851848253821E-019   1.4650927699323611E-019  -6.7747882063376308E-019  -5.6511776192083021E-017  -1.5615679532913202E-017  -1.4665746417569533E-018   9.0263873598500382E-019   1.3291592493475166E-018   1.0820809794130679E-027  -4.2072345698399018E-026  -1.8552660142165776E-024   4.4052811570152392E-025  -9.5652712890880103E-025   1.9359859336823168E-024   5.0801787240048301E-025  -8.9582016939666454E-007  0.86984898746630690        4.8069695447428675E-007   8.1988251727541220E-002   2.1720826829081281E-003  -6.6811829325462908E-016   1.5553699762895019E-016   4.4042014710849532E-016  -1.3932477795547057E-015  -6.6909775305622159E-017   9.2845161039576524E-016  -5.9763827211114019E-016  -8.0515587428599823E-018   3.9774242977001242E-016  -6.8871568654403781E-016  -2.1589914047224263E-017   4.5826688936335564E-016  -6.5537204275823186E-017   2.3680253434206192E-017   1.7934430480044337E-017  -8.2679950093592333E-019   3.4783550558035764E-017  -6.6860920622299175E-016   2.5401837563668217E-016  -1.7386384817720140E-017  -9.3620088718459855E-018  -6.3847537484639268E-017  -3.5769328312582494E-019   1.2984143019246365E-019  -1.3191880213023296E-019   1.1150484009729137E-019   1.4291936667231099E-020  -9.2142438766676022E-020  -1.1825919634314189E-019   1.2010535886247878E-007   4.8069695447428675E-007  0.42095003182302215        4.5731254141834411E-002  0.25693048422472370       -9.4720077935755754E-016   1.8619056590987889E-016   6.1391937606957167E-016  -2.1542081521564510E-015   1.3820163581501144E-017   1.4990238035372392E-015  -4.0324817623069936E-016  -5.9574769797776916E-017   2.9656412662186501E-016  -5.0009324710861782E-016  -7.3073861429543206E-017   3.6865861063731941E-016  -1.0108595062087086E-017  -1.2335013600985770E-016  -1.3960795707569402E-016  -8.7903420289481165E-018   7.3982492614151098E-017   9.2065082764958455E-017  -2.1477842540974473E-016   1.0874231329307788E-017  -1.7482928771893801E-017   4.9187247207442295E-018  -5.8850983505218148E-019   1.1610917972448009E-020  -4.7323232090387808E-018   1.0712289608363444E-018  -2.0063056719040971E-018   4.4829124993650235E-018   1.0485841196589177E-018  -1.4790126037614914E-004   8.1988251727541220E-002   4.5731254141834411E-002   1.2696035742744739E-002   2.8117172440177553E-002   4.0914132672637376E-016  -1.2269885290913387E-016  -2.7644254837149201E-016   6.0533435491752294E-016   4.9239964148988214E-017  -3.4927283888078509E-016   4.0316697150339154E-016   9.7453989584867798E-018  -2.4292198634733459E-016   4.2159855457646275E-016   1.9818676595125326E-017  -2.5090826774395966E-016  -7.2755763369571896E-018  -1.1168439206756450E-017  -1.3476456334534522E-017  -1.0329181964610714E-018   1.1315963958655088E-017  -5.3010080116345374E-017   6.1186198929096271E-019  -4.5719280368238215E-019  -2.7818679000412654E-018  -5.4838280472934957E-018  -9.7649206558416793E-020   1.3499679032387198E-020  -5.2654466537235001E-019   1.2688623522259007E-019  -2.1661412665298591E-019   4.7833011895247031E-019   1.0276957957709189E-019  -2.3016239036370865E-005   2.1720826829081281E-003  0.25693048422472370        2.8117172440177553E-002  0.15682516098563040        7.1236839071813947E-017  -4.6819935878226053E-017  -2.6644684413418615E-017   8.3257074757250973E-016   6.8331206999822124E-017  -6.5119800687626856E-016   8.3132588940922679E-016  -1.6683309841767527E-017  -6.0056587277355977E-016   8.9041529988854839E-016  -1.1521459774459707E-017  -6.4685941127524762E-016  -6.3335203429842436E-018  -7.5228682558727743E-017  -8.5166164407171941E-017  -5.3673287707429782E-018   4.5242713760681831E-017   5.4524676785119517E-017  -1.3045728554486517E-016   6.5938054178537337E-018  -1.0694251750701575E-017   2.8427444923400090E-018  -3.6009512245250557E-019   7.4110046075507948E-021  -2.8887436588217037E-018   6.5411223554634060E-019  -1.2245302898746359E-018   2.7359542574525272E-018   6.3971709967544909E-019  -1.2630935670732297E-016  -6.6811829325462908E-016  -9.4720077935755754E-016   4.0914132672637376E-016   7.1236839071813947E-017  0.94629721319616911        1.1102217236513395E-016  -2.2204465359069674E-016  -8.5182909842014479E-008  -2.6084134765234863E-016   2.2864548305214732E-016   5.5131720633310691E-002  -2.0603226762035641E-016  -2.3034246972139884E-016   1.5991907720069357E-003  -2.1886424767099763E-017   2.0319995901676361E-016   2.6968583983441648E-016   1.6908149961430412E-017  -2.5205009798048029E-016   6.8223695342586932E-018   7.2598286262638426E-017  -1.4995896257116042E-016   7.3609276948385659E-018   8.2767824238708486E-017   4.1267146129210124E-018  -1.1945985802814207E-017   8.0675691160705209E-017  -9.0276773464380863E-018  -1.8775367035388891E-017  -3.7703423927427354E-017   9.8254696189542796E-017  -1.4007766093141453E-016  -5.8319608516599293E-017   3.9617751426320182E-017   1.5553699762895019E-016   1.8619056590987889E-016  -1.2269885290913387E-016  -4.6819935878226053E-017   1.1102217236513395E-016  0.94629721319617055        2.7755469856925391E-017   4.6032634175800492E-016  -8.5182908822310583E-008  -3.2754110266767632E-016  -3.2369358123622677E-016   5.5131720633310302E-002   2.5973004042555099E-016  -2.3106229966123535E-016   1.5991907720060039E-003  -9.3869021704056567E-017  -8.0127275310437676E-017   1.2560338962337447E-016  -1.9887086668424506E-016   9.0815025526616948E-018   6.5963134579457111E-017  -2.8691113149881881E-017  -1.4397690506142339E-016   1.3948757355664498E-016  -2.0723671667663254E-019  -5.9664163136769356E-017   3.3933360574061701E-017  -5.9189537328533653E-017  -2.7341795153265166E-016  -9.0248984018746054E-019  -4.7715763696108536E-017  -1.9382421763325250E-016   2.4602325116788428E-017   8.7624655572356484E-017   4.4042014710849532E-016   6.1391937606957167E-016  -2.7644254837149201E-016  -2.6644684413418615E-017  -2.2204465359069674E-016   2.7755469856925391E-017  0.94629721319616944        6.4708098322307826E-016  -1.4862948667708782E-016  -8.5182908313500724E-008  -4.4458649842662031E-016   1.4302426930968964E-016   5.5131720633311593E-002  -3.7913547263479553E-016   1.6866589884315558E-016   1.5991907720068134E-003  -3.0491929868762246E-016  -4.1911024070386458E-017  -1.4329806757724357E-016  -1.3506199002035084E-017   4.1276663810773701E-017   1.3084717084006884E-016   9.6359239394237116E-017   2.4115945080738611E-017   2.6201568142831655E-018  -4.9217468274637470E-018  -2.1397538012443391E-017   3.0452607293293384E-017  -1.1537371312385594E-016  -2.1682845833099354E-017  -2.3220189706004524E-017   8.1041163689516475E-017  -1.9357957918573331E-017  -2.4809443777886089E-016  -1.3932477795547057E-015  -2.1542081521564510E-015   6.0533435491752294E-016   8.3257074757250973E-016  -8.5182909842014479E-008   4.6032634175800492E-016   6.4708098322307826E-016  0.34158799914282612       -4.1633363423443370E-016   1.2836953722228372E-016  0.16532603768924170       -1.5265566588595902E-016   8.1532003370909933E-017  0.18998272501579858       -2.0816681711721685E-017   3.4694469519536142E-018   5.1623598026117968E-017  -7.2571956267058914E-017  -1.5633596373775762E-016  -8.8638886077911941E-017   1.0869267814875381E-016  -1.0737865711834466E-017   6.0351379387134093E-017  -6.2902381881419133E-017  -6.9070520766363589E-017   4.7183311652993019E-017  -1.1325941548675605E-017   3.2767051348783118E-017   1.1362387632211995E-018  -7.8408829206085488E-018  -2.1467803340006183E-017   2.3494887519362866E-018   5.9267478818763610E-017  -1.6763105566079950E-017  -6.6909775305622159E-017   1.3820163581501144E-017   4.9239964148988214E-017   6.8331206999822124E-017  -2.6084134765234863E-016  -8.5182908822310583E-008  -1.4862948667708782E-016  -4.1633363423443370E-016  0.34158799914282451       -7.0776717819853729E-016   9.0205620750793969E-017  0.16532603768924056       -3.3306690738754696E-016   1.2490009027033011E-016  0.18998272501579933       -5.5511151231257827E-017   1.7473917910777779E-016  -1.8237291429220344E-016  -7.3688756378577398E-017   1.3930179502083591E-017  -1.4062125605333118E-016  -4.6485379613089467E-017  -2.0922635112219733E-016  -5.6991997930844063E-017   9.0710404626585942E-018  -3.0309477054898531E-018   4.7714325098028220E-017  -1.5050400101147580E-017   1.8591712846538920E-017   1.9542995694678823E-017   8.0900418968518740E-017  -9.8701483245859461E-019   3.3046670485961587E-017   1.5999218981302146E-016   9.2845161039576524E-016   1.4990238035372392E-015  -3.4927283888078509E-016  -6.5119800687626856E-016   2.2864548305214732E-016  -3.2754110266767632E-016  -8.5182908313500724E-008   1.2836953722228372E-016  -7.0776717819853729E-016  0.34158799914282695        1.6479873021779667E-016  -2.1510571102112408E-016  0.16532603768923929       -2.6020852139652106E-016   2.7061686225238191E-016  0.18998272501580013        5.4890653162369823E-017  -2.0665947670065613E-016  -4.3439029656701681E-016   1.5303296335070497E-016  -4.2191987501420757E-016  -5.1504677638402867E-017  -2.2647885652750759E-017  -1.2944334575146476E-016   5.9166236529537689E-017  -4.2403438852074435E-017   8.9923731387626531E-017  -5.9726901457961523E-017  -2.4001569173322674E-017  -2.7352689916373092E-016   6.6053033890550002E-018   3.7270926778398151E-017   7.4111372868210796E-017  -1.3294052847810255E-016  -5.9763827211114019E-016  -4.0324817623069936E-016   4.0316697150339154E-016   8.3132588940922679E-016   5.5131720633310691E-002  -3.2369358123622677E-016  -4.4458649842662031E-016  0.16532603768924170        9.0205620750793969E-017   1.6479873021779667E-016   8.3228570948562036E-002   2.7755575615628914E-017   2.8622937353617317E-017   9.2043390930704294E-002   1.5959455978986625E-016   6.1582683397176652E-017   4.0697471825843846E-017  -3.4139207796198589E-017  -9.0350008083656172E-017  -4.2503084682957412E-017   5.6836058617788265E-017  -1.3933733088818875E-017   2.9638468710418440E-017  -2.5622187485018254E-017  -3.3189192132288223E-017   2.2140391486820276E-017  -7.8146397597772432E-019   1.5333051223997163E-017  -5.4393144774678683E-019  -5.9915496753719087E-018  -4.6658875389947048E-018  -7.0238614756454198E-018   2.5287287136172336E-017  -5.7548080695666106E-018  -8.0515587428599823E-018  -5.9574769797776916E-017   9.7453989584867798E-018  -1.6683309841767527E-017  -2.0603226762035641E-016   5.5131720633310302E-002   1.4302426930968964E-016  -1.5265566588595902E-016  0.16532603768924056       -2.1510571102112408E-016   2.7755575615628914E-017   8.3228570948561217E-002  -6.2450045135165055E-017   6.2450045135165055E-017   9.2043390930704377E-002   5.2041704279304213E-017   7.9904202552580522E-017  -8.0949411632715470E-017  -4.7251127096573529E-017   7.2711959367866597E-018  -6.4216592499229032E-017  -2.4170135852361663E-017  -1.0965216116017911E-016  -1.9457084017641811E-017   4.3782421781369572E-018  -4.9430208731024662E-018   2.5070352325139287E-017  -1.0732694199869082E-017  -6.9312200559823677E-018   9.4060845643930334E-018   3.6375254191078340E-017  -1.1770006322630874E-017   1.7427686022931523E-017   8.5976547253130811E-017   3.9774242977001242E-016   2.9656412662186501E-016  -2.4292198634733459E-016  -6.0056587277355977E-016  -2.3034246972139884E-016   2.5973004042555099E-016   5.5131720633311593E-002   8.1532003370909933E-017  -3.3306690738754696E-016  0.16532603768923929        2.8622937353617317E-017  -6.2450045135165055E-017   8.3228570948559538E-002  -1.5699247457590104E-016   1.4918621893400541E-016   9.2043390930703434E-002   8.8019115227513948E-018  -1.0246340242481709E-016  -2.1859028115921805E-016   7.3279934234700328E-017  -2.0180127149439341E-016  -1.7304656244363215E-017  -5.3474688593827872E-018  -6.1244606084654798E-017   2.8788668663515954E-017  -2.0809691488544977E-017   4.2275783420870832E-017  -2.7133190075041757E-017  -1.8338312187118248E-017  -1.3364823187394799E-016   1.8440973683406724E-018   2.2760350281318523E-017   3.4741546873685028E-017  -1.4204857529933738E-016  -6.8871568654403781E-016  -5.0009324710861782E-016   4.2159855457646275E-016   8.9041529988854839E-016   1.5991907720069357E-003  -2.3106229966123535E-016  -3.7913547263479553E-016  0.18998272501579858        1.2490009027033011E-016  -2.6020852139652106E-016   9.2043390930704294E-002   6.2450045135165055E-017  -1.5699247457590104E-016  0.10566635568801405        1.8735013540549517E-016  -1.8301332671555315E-016   2.9167525503897540E-017  -4.0334137270509480E-017  -8.7376127227161593E-017  -4.9287207811165413E-017   6.0574847335541440E-017  -6.2255630731147855E-018   3.3578371853247954E-017  -3.4844858616602250E-017  -3.8408326748399976E-017   2.6221992421069434E-017  -6.1628646302662924E-018   1.8208959941941936E-017   6.0021737167001925E-019  -4.4246221328245940E-018  -1.1773806756482354E-017   1.0699964084661013E-018   3.2864533573277139E-017  -9.1559044973707166E-018  -2.1589914047224263E-017  -7.3073861429543206E-017   1.9818676595125326E-017  -1.1521459774459707E-017  -2.1886424767099763E-017   1.5991907720060039E-003   1.6866589884315558E-016  -2.0816681711721685E-017  0.18998272501579933        2.7061686225238191E-016   1.5959455978986625E-016   9.2043390930704377E-002   1.4918621893400541E-016   1.8735013540549517E-016  0.10566635568801538        3.4000580129145419E-016   9.7050158291885154E-017  -1.0121899696499819E-016  -4.1319939230786567E-017   7.7629660890054479E-018  -7.8098557801633764E-017  -2.5902496547823286E-017  -1.1660979826361267E-016  -3.1461794353297433E-017   5.0447362242876399E-018  -1.7865696897922598E-018   2.6594864749118946E-017  -8.4706872048764995E-018   9.8781718252140507E-018   1.0867801555775626E-017   4.4914155762326444E-017  -8.7651511095513628E-019   1.8421311688691941E-017   9.1714686763865186E-017   4.5826688936335564E-016   3.6865861063731941E-016  -2.5090826774395966E-016  -6.4685941127524762E-016   2.0319995901676361E-016  -9.3869021704056567E-017   1.5991907720068134E-003   3.4694469519536142E-018  -5.5511151231257827E-017  0.18998272501580013        6.1582683397176652E-017   5.2041704279304213E-017   9.2043390930703434E-002  -1.8301332671555315E-016   3.4000580129145419E-016  0.10566635568801550        3.0013499913856486E-017  -1.1500967584174102E-016  -2.4183922139867888E-016   8.5090291816417540E-017  -2.3459155348280891E-016  -2.8424485915372909E-017  -1.2433342418645109E-017  -7.1952404460746594E-017   3.2911213073910001E-017  -2.3592052784163690E-017   4.9977174754596186E-017  -3.3167148096279270E-017  -1.3544055191971189E-017  -1.5216548286096393E-016   3.6344629750786512E-018   2.0866119066379920E-017   4.1186182222875143E-017   9.7903987304423715E-019  -6.5537204275823186E-017  -1.0108595062087086E-017  -7.2755763369571896E-018  -6.3335203429842436E-018   2.6968583983441648E-016  -8.0127275310437676E-017  -3.0491929868762246E-016   5.1623598026117968E-017   1.7473917910777779E-016   5.4890653162369823E-017   4.0697471825843846E-017   7.9904202552580522E-017   8.8019115227513948E-018   2.9167525503897540E-017   9.7050158291885154E-017   3.0013499913856486E-017   2.9308639705779579E-031  -1.2860372148996456E-031  -1.3794194741134675E-031   2.4122259173009270E-032  -1.2590138176043072E-031  -6.8039320856196853E-032  -1.3230465192397718E-031  -5.4407463396781366E-032   5.1847669138878074E-033   6.6934433495273684E-033   6.4201037849947934E-032  -1.9728229326055721E-032   6.0925860177852831E-032  -3.8857593980341240E-032   7.8772770655622640E-032  -4.3883614804412949E-032   2.5288731967563444E-032  -5.8328626027406500E-019   2.3680253434206192E-017  -1.2335013600985770E-016  -1.1168439206756450E-017  -7.5228682558727743E-017   1.6908149961430412E-017   1.2560338962337447E-016  -4.1911024070386458E-017  -7.2571956267058914E-017  -1.8237291429220344E-016  -2.0665947670065613E-016  -3.4139207796198589E-017  -8.0949411632715470E-017  -1.0246340242481709E-016  -4.0334137270509480E-017  -1.0121899696499819E-016  -1.1500967584174102E-016  -1.2860372148996456E-031   2.9343476080136960E-031   3.5220445088759021E-031  -7.6711214922001456E-032   2.9473781303376215E-031   8.3045679978932204E-034   1.5919938490161997E-031   1.3737076778975149E-031  -2.1166229855212601E-032   6.1527960989323215E-033  -7.0415916876087927E-032   2.7842197918266422E-032  -2.5780258515819582E-032   1.5657064319725698E-031  -4.5588855332290693E-032  -5.5655792429121583E-032  -7.2301949428288287E-032   9.1885851848253821E-019   1.7934430480044337E-017  -1.3960795707569402E-016  -1.3476456334534522E-017  -8.5166164407171941E-017  -2.5205009798048029E-016  -1.9887086668424506E-016  -1.4329806757724357E-016  -1.5633596373775762E-016  -7.3688756378577398E-017  -4.3439029656701681E-016  -9.0350008083656172E-017  -4.7251127096573529E-017  -2.1859028115921805E-016  -8.7376127227161593E-017  -4.1319939230786567E-017  -2.4183922139867888E-016  -1.3794194741134675E-031   3.5220445088759021E-031   8.1715232051400367E-031  -1.5582822343237633E-031   4.5386651912809965E-031   6.2226753782407502E-032   1.3647438078006211E-031   1.4671576637185873E-031  -4.1431892099662573E-032   4.6502349213161491E-032  -1.4465525640554456E-031   7.4434577453523023E-032   1.0749099154406610E-031   3.6037370073341468E-031  -2.7987556202725707E-032   1.6023966345076313E-032  -1.1555553639815048E-031   1.4650927699323611E-019  -8.2679950093592333E-019  -8.7903420289481165E-018  -1.0329181964610714E-018  -5.3673287707429782E-018   6.8223695342586932E-018   9.0815025526616948E-018  -1.3506199002035084E-017  -8.8638886077911941E-017   1.3930179502083591E-017   1.5303296335070497E-016  -4.2503084682957412E-017   7.2711959367866597E-018   7.3279934234700328E-017  -4.9287207811165413E-017   7.7629660890054479E-018   8.5090291816417540E-017   2.4122259173009270E-032  -7.6711214922001456E-032  -1.5582822343237633E-031   9.2641976942296439E-032  -2.2397212417392552E-031  -2.6702952615321762E-032  -3.2802017074975806E-032  -4.2612396066365067E-032   4.5164294574001008E-032  -3.1994463437628214E-032   4.6396349751391005E-032  -3.6942554224708313E-032  -1.1303160318469771E-032  -1.1970315978405666E-031   1.2452813279015927E-032   1.1927423559049425E-032   1.9240692333815395E-032  -6.7747882063376308E-019   3.4783550558035764E-017   7.3982492614151098E-017   1.1315963958655088E-017   4.5242713760681831E-017   7.2598286262638426E-017   6.5963134579457111E-017   4.1276663810773701E-017   1.0869267814875381E-016  -1.4062125605333118E-016  -4.2191987501420757E-016   5.6836058617788265E-017  -6.4216592499229032E-017  -2.0180127149439341E-016   6.0574847335541440E-017  -7.8098557801633764E-017  -2.3459155348280891E-016  -1.2590138176043072E-031   2.9473781303376215E-031   4.5386651912809965E-031  -2.2397212417392552E-031   6.3998081090448461E-031   6.1022355479177364E-032   1.0046213512014621E-031   1.8167302083687608E-031  -1.0182403810587451E-031   6.1657225735557750E-032  -1.2681406575032583E-031   8.6912248159630149E-032  -4.0149313461581997E-033   3.2360400678235314E-031  -4.5446958072977144E-032  -6.4820277485018719E-032  -8.9709822892888519E-032  -5.6511776192083021E-017  -6.6860920622299175E-016   9.2065082764958455E-017  -5.3010080116345374E-017   5.4524676785119517E-017  -1.4995896257116042E-016  -2.8691113149881881E-017   1.3084717084006884E-016  -1.0737865711834466E-017  -4.6485379613089467E-017  -5.1504677638402867E-017  -1.3933733088818875E-017  -2.4170135852361663E-017  -1.7304656244363215E-017  -6.2255630731147855E-018  -2.5902496547823286E-017  -2.8424485915372909E-017  -6.8039320856196853E-032   8.3045679978932204E-034   6.2226753782407502E-032  -2.6702952615321762E-032   6.1022355479177364E-032   5.9441114489203634E-031  -1.9482952810516507E-031   3.1065107907683999E-032  -4.9482360740868046E-033   5.8421417168180663E-032  -3.6321850247484208E-032   1.7362440839365821E-032  -4.5683053289946226E-033   4.1981982789303891E-032  -2.9114661908424874E-032   3.4772435778848800E-032  -1.1395304578453502E-032  -1.5615679532913202E-017   2.5401837563668217E-016  -2.1477842540974473E-016   6.1186198929096271E-019  -1.3045728554486517E-016   7.3609276948385659E-018  -1.4397690506142339E-016   9.6359239394237116E-017   6.0351379387134093E-017  -2.0922635112219733E-016  -2.2647885652750759E-017   2.9638468710418440E-017  -1.0965216116017911E-016  -5.3474688593827872E-018   3.3578371853247954E-017  -1.1660979826361267E-016  -1.2433342418645109E-017  -1.3230465192397718E-031   1.5919938490161997E-031   1.3647438078006211E-031  -3.2802017074975806E-032   1.0046213512014621E-031  -1.9482952810516507E-031   3.5610168441711960E-031   3.6511291576520839E-033  -1.5179646474082184E-032   3.1232580380201088E-034  -4.3707075337132422E-032   3.1036016479819168E-032   2.2486120173815081E-032   1.9018038983447321E-033  -4.7095720326688231E-032   3.2886864853745113E-032  -2.1421406364476412E-032  -1.4665746417569533E-018  -1.7386384817720140E-017   1.0874231329307788E-017  -4.5719280368238215E-019   6.5938054178537337E-018   8.2767824238708486E-017   1.3948757355664498E-016   2.4115945080738611E-017  -6.2902381881419133E-017  -5.6991997930844063E-017  -1.2944334575146476E-016  -2.5622187485018254E-017  -1.9457084017641811E-017  -6.1244606084654798E-017  -3.4844858616602250E-017  -3.1461794353297433E-017  -7.1952404460746594E-017  -5.4407463396781366E-032   1.3737076778975149E-031   1.4671576637185873E-031  -4.2612396066365067E-032   1.8167302083687608E-031   3.1065107907683999E-032   3.6511291576520839E-033   9.9189482325550692E-032  -1.1083784182603576E-032  -6.7806254578302364E-034  -2.8446613012631586E-032   1.0369802410694790E-032  -3.9220673607290492E-032   9.7877223068744261E-032  -1.1131092504972752E-032  -5.3030951482429903E-032  -4.6450090482958917E-032   9.0263873598500382E-019  -9.3620088718459855E-018  -1.7482928771893801E-017  -2.7818679000412654E-018  -1.0694251750701575E-017   4.1267146129210124E-018  -2.0723671667663254E-019   2.6201568142831655E-018  -6.9070520766363589E-017   9.0710404626585942E-018   5.9166236529537689E-017  -3.3189192132288223E-017   4.3782421781369572E-018   2.8788668663515954E-017  -3.8408326748399976E-017   5.0447362242876399E-018   3.2911213073910001E-017   5.1847669138878074E-033  -2.1166229855212601E-032  -4.1431892099662573E-032   4.5164294574001008E-032  -1.0182403810587451E-031  -4.9482360740868046E-033  -1.5179646474082184E-032  -1.1083784182603576E-032   2.5308353901349889E-032  -1.6534388431755514E-032   1.9446293322151412E-032  -1.7314530544024079E-032  -4.0368279388773417E-033  -4.5542934457254166E-032   8.0911369434163782E-033   5.4251687717042638E-033   1.3746322955370369E-033   1.3291592493475166E-018  -6.3847537484639268E-017   4.9187247207442295E-018  -5.4838280472934957E-018   2.8427444923400090E-018  -1.1945985802814207E-017  -5.9664163136769356E-017  -4.9217468274637470E-018   4.7183311652993019E-017  -3.0309477054898531E-018  -4.2403438852074435E-017   2.2140391486820276E-017  -4.9430208731024662E-018  -2.0809691488544977E-017   2.6221992421069434E-017  -1.7865696897922598E-018  -2.3592052784163690E-017   6.6934433495273684E-033   6.1527960989323215E-033   4.6502349213161491E-032  -3.1994463437628214E-032   6.1657225735557750E-032   5.8421417168180663E-032   3.1232580380201088E-034  -6.7806254578302364E-034  -1.6534388431755514E-032   2.0492027156136921E-032  -1.6177888105878030E-032   1.5751996854227585E-032   2.1001954409460094E-032   3.3348102768248462E-032  -2.6387257725790860E-033   9.3332352834936026E-033  -1.9999000306189666E-033   1.0820809794130679E-027  -3.5769328312582494E-019  -5.8850983505218148E-019  -9.7649206558416793E-020  -3.6009512245250557E-019   8.0675691160705209E-017   3.3933360574061701E-017  -2.1397538012443391E-017  -1.1325941548675605E-017   4.7714325098028220E-017   8.9923731387626531E-017  -7.8146397597772432E-019   2.5070352325139287E-017   4.2275783420870832E-017  -6.1628646302662924E-018   2.6594864749118946E-017   4.9977174754596186E-017   6.4201037849947934E-032  -7.0415916876087927E-032  -1.4465525640554456E-031   4.6396349751391005E-032  -1.2681406575032583E-031  -3.6321850247484208E-032  -4.3707075337132422E-032  -2.8446613012631586E-032   1.9446293322151412E-032  -1.6177888105878030E-032   3.9292613761028834E-032  -2.2492761817694842E-032  -1.2548891644659044E-032  -7.1774676208201944E-032   2.0944561630849192E-032  -1.1135397414772230E-032   1.8507475026766976E-032  -4.2072345698399018E-026   1.2984143019246365E-019   1.1610917972448009E-020   1.3499679032387198E-020   7.4110046075507948E-021  -9.0276773464380863E-018  -5.9189537328533653E-017   3.0452607293293384E-017   3.2767051348783118E-017  -1.5050400101147580E-017  -5.9726901457961523E-017   1.5333051223997163E-017  -1.0732694199869082E-017  -2.7133190075041757E-017   1.8208959941941936E-017  -8.4706872048764995E-018  -3.3167148096279270E-017  -1.9728229326055721E-032   2.7842197918266422E-032   7.4434577453523023E-032  -3.6942554224708313E-032   8.6912248159630149E-032   1.7362440839365821E-032   3.1036016479819168E-032   1.0369802410694790E-032  -1.7314530544024079E-032   1.5751996854227585E-032  -2.2492761817694842E-032   1.9017966955768274E-032   1.7054584805230203E-032   4.5931574731003737E-032  -5.4788298085305567E-033   9.8198637564495923E-033  -1.0334608387535730E-032  -1.8552660142165776E-024  -1.3191880213023296E-019  -4.7323232090387808E-018  -5.2654466537235001E-019  -2.8887436588217037E-018  -1.8775367035388891E-017  -2.7341795153265166E-016  -1.1537371312385594E-016   1.1362387632211995E-018   1.8591712846538920E-017  -2.4001569173322674E-017  -5.4393144774678683E-019  -6.9312200559823677E-018  -1.8338312187118248E-017   6.0021737167001925E-019   9.8781718252140507E-018  -1.3544055191971189E-017   6.0925860177852831E-032  -2.5780258515819582E-032   1.0749099154406610E-031  -1.1303160318469771E-032  -4.0149313461581997E-033  -4.5683053289946226E-033   2.2486120173815081E-032  -3.9220673607290492E-032  -4.0368279388773417E-033   2.1001954409460094E-032  -1.2548891644659044E-032   1.7054584805230203E-032   9.6194272679871968E-032   2.3897245231100092E-032   1.8558516293417073E-032   4.6186017046491735E-032  -6.8146047624006564E-033   4.4052811570152392E-025   1.1150484009729137E-019   1.0712289608363444E-018   1.2688623522259007E-019   6.5411223554634060E-019  -3.7703423927427354E-017  -9.0248984018746054E-019  -2.1682845833099354E-017  -7.8408829206085488E-018   1.9542995694678823E-017  -2.7352689916373092E-016  -5.9915496753719087E-018   9.4060845643930334E-018  -1.3364823187394799E-016  -4.4246221328245940E-018   1.0867801555775626E-017  -1.5216548286096393E-016  -3.8857593980341240E-032   1.5657064319725698E-031   3.6037370073341468E-031  -1.1970315978405666E-031   3.2360400678235314E-031   4.1981982789303891E-032   1.9018038983447321E-033   9.7877223068744261E-032  -4.5542934457254166E-032   3.3348102768248462E-032  -7.1774676208201944E-032   4.5931574731003737E-032   2.3897245231100092E-032   2.2232764335527148E-031  -3.5102522120852057E-033  -2.6034682823681353E-032  -5.6068133951836165E-032  -9.5652712890880103E-025   1.4291936667231099E-020  -2.0063056719040971E-018  -2.1661412665298591E-019  -1.2245302898746359E-018   9.8254696189542796E-017  -4.7715763696108536E-017  -2.3220189706004524E-017  -2.1467803340006183E-017   8.0900418968518740E-017   6.6053033890550002E-018  -4.6658875389947048E-018   3.6375254191078340E-017   1.8440973683406724E-018  -1.1773806756482354E-017   4.4914155762326444E-017   3.6344629750786512E-018   7.8772770655622640E-032  -4.5588855332290693E-032  -2.7987556202725707E-032   1.2452813279015927E-032  -4.5446958072977144E-032  -2.9114661908424874E-032  -4.7095720326688231E-032  -1.1131092504972752E-032   8.0911369434163782E-033  -2.6387257725790860E-033   2.0944561630849192E-032  -5.4788298085305567E-033   1.8558516293417073E-032  -3.5102522120852057E-033   3.3824258482513318E-032  -6.4416997449784114E-033  -1.2909408249543469E-033   1.9359859336823168E-024  -9.2142438766676022E-020   4.4829124993650235E-018   4.7833011895247031E-019   2.7359542574525272E-018  -1.4007766093141453E-016  -1.9382421763325250E-016   8.1041163689516475E-017   2.3494887519362866E-018  -9.8701483245859461E-019   3.7270926778398151E-017  -7.0238614756454198E-018  -1.1770006322630874E-017   2.2760350281318523E-017   1.0699964084661013E-018  -8.7651511095513628E-019   2.0866119066379920E-017  -4.3883614804412949E-032  -5.5655792429121583E-032   1.6023966345076313E-032   1.1927423559049425E-032  -6.4820277485018719E-032   3.4772435778848800E-032   3.2886864853745113E-032  -5.3030951482429903E-032   5.4251687717042638E-033   9.3332352834936026E-033  -1.1135397414772230E-032   9.8198637564495923E-033   4.6186017046491735E-032  -2.6034682823681353E-032  -6.4416997449784114E-033   7.1508924195588305E-032   1.0345607883225354E-032   5.0801787240048301E-025  -1.1825919634314189E-019   1.0485841196589177E-018   1.0276957957709189E-019   6.3971709967544909E-019  -5.8319608516599293E-017   2.4602325116788428E-017  -1.9357957918573331E-017   5.9267478818763610E-017   3.3046670485961587E-017   7.4111372868210796E-017   2.5287287136172336E-017   1.7427686022931523E-017   3.4741546873685028E-017   3.2864533573277139E-017   1.8421311688691941E-017   4.1186182222875143E-017   2.5288731967563444E-032  -7.2301949428288287E-032  -1.1555553639815048E-031   1.9240692333815395E-032  -8.9709822892888519E-032  -1.1395304578453502E-032  -2.1421406364476412E-032  -4.6450090482958917E-032   1.3746322955370369E-033  -1.9999000306189666E-033   1.8507475026766976E-032  -1.0334608387535730E-032  -6.8146047624006564E-033  -5.6068133951836165E-032  -1.2909408249543469E-033   1.0345607883225354E-032   3.4192063417883481E-032
