  0.96399919004540413        1.2282529407404051E-003   3.4437266843308202E-002   2.6940654196946647E-003  -3.8007598892005440E-034  -1.1108450988938967E-034  -1.7100755174071288E-034   1.8119010419162747E-034   1.2326564654246693E-035  -2.5968498974765284E-035  -1.0184961479124846E-034  -7.7520804194801636E-036  -2.4281505452265880E-036   8.0417018698296565E-019   2.5819700335244182E-020   5.5553910299441674E-017   2.8463781592268463E-016   1.7061604415546853E-018  -1.4592917430930378E-018  -1.7522233520837166E-020  -2.4746817508328363E-017  -2.7845536389222050E-017  -3.0729129016123144E-018   2.5780584268878113E-036  -4.0104572511140607E-021  -9.2993087396295965E-036   8.2695851132334813E-037   1.6175041025242720E-018   1.5574798204300478E-035   1.1360373316362287E-033   1.2282529407404051E-003  0.34213766158270548        7.8300951958149151E-002  0.22524856816514463       -1.3887533769927960E-032   6.5479963655238743E-034  -1.0864602563162094E-033  -3.4989867038331956E-032   1.8503623330329313E-033  -1.5790286176234316E-033   6.5599553663653116E-033   1.5183466452764722E-034  -4.9230654688826690E-034   2.2508875578059245E-018  -1.1350931827366015E-018  -1.2776790601876437E-016  -2.7050982927826551E-017  -5.3451523498410000E-018  -4.0845851797371041E-018  -5.1668718320734038E-018   1.1273748059855844E-016   1.3451007911213685E-017  -2.8848378471174863E-017   1.4434211101212155E-034  -6.6569534138351971E-019  -5.8427310127940637E-034   1.3369654340312391E-034  -1.0202498557918686E-017   6.9466533694273213E-034   5.3296113063937403E-032   3.4437266843308202E-002   7.8300951958149151E-002   1.9130019990898733E-002   5.1616748683855448E-002  -3.1899739952284209E-033   1.4583693107861817E-034  -2.5456608363785874E-034  -7.9968415525964723E-033   4.2367167297903405E-034  -3.6209264572653459E-034   1.4968553349515449E-033   3.4454598445625213E-035  -1.1269172096640864E-034   5.4334066944825035E-019  -2.5871596899277293E-019  -2.7256078819086070E-017   3.8978661139146027E-018  -1.1621486395730465E-018  -9.8597606010140566E-019  -1.1824437485290872E-018   2.4909711058753268E-017   2.0900398610190101E-018  -6.7073928195957545E-018   3.3106836928659844E-035  -1.5240714864785006E-019  -1.3397076585931864E-034   3.0609822567414423E-035  -2.2763147508893460E-018   1.5944322651569599E-034   1.2230716347345787E-032   2.6940654196946647E-003  0.22524856816514463        5.1616748683855448E-002  0.14829755633687175       -9.1435945904832947E-033   4.3086976202290413E-034  -7.1560505666499149E-034  -2.3035207848736910E-032   1.2182092660337657E-033  -1.0396035259470826E-033   4.3185442747661802E-033   9.9945116807520719E-035  -3.2411452881773953E-034   1.4834435900244046E-018  -7.4723755432791112E-019  -8.4007284253949643E-017  -1.7252290478123760E-017  -3.5156414853893344E-018  -2.6919388673044180E-018  -3.4016418706071389E-018   7.4172265170684236E-017   8.8010027058318006E-018  -1.8998326351620951E-017   9.5032602070239406E-035  -4.3826805351847385E-019  -3.8467410492923564E-034   8.8020672823006849E-035  -6.7136464376894701E-018   4.5736305445069909E-034   3.5089692474814890E-032  -3.8007598892005440E-034  -1.3887533769927960E-032  -3.1899739952284209E-033  -9.1435945904832947E-033   5.6381485574943558E-064  -2.6539777390442469E-065   4.4157192519461928E-065   1.4201505922561964E-063  -7.5109052369616065E-065   6.4100491921981647E-065  -2.6622881663988936E-064  -6.1602005119714547E-066   1.9983188082150215E-065  -9.1637322605101577E-050   4.6063742773343253E-050   5.1669739724896762E-048   1.0004753405634605E-048   2.1637130273842059E-049   1.6629015897552831E-049   2.0972548421745344E-049  -4.5674532956630903E-048  -5.3642778974489230E-049   1.1719868496388018E-048  -5.8596219755736090E-066   2.7021452221430687E-050   2.3718395818225249E-065  -5.4269264630521624E-066   4.1355773955876395E-049  -2.8201284193771426E-065  -2.1636387148689141E-063  -1.1108450988938967E-034   6.5479963655238743E-034   1.4583693107861817E-034   4.3086976202290413E-034  -2.6539777390442469E-065   1.2665354232417370E-066  -2.0596564451855164E-066  -6.7001405083126411E-065   3.5406442671355757E-066  -3.0196327592019386E-066   1.2569516476715495E-065   2.9156488196391501E-067  -9.4212236862025175E-067   4.2141802198023035E-051  -2.1759140983973726E-051  -2.5111952384701499E-049  -8.5276812153946916E-050  -1.0432836893101213E-050  -7.6472847392361373E-051  -9.8887304882844151E-051   2.1872208551413124E-049   2.9025513081356222E-050  -5.4862015439699192E-050   2.7600653667913946E-067  -1.2738492981807710E-051  -1.1173627240046065E-066   2.5583409188819553E-067  -1.9720680995304059E-050   1.3279449182973830E-066   1.0188951824561263E-064  -1.7100755174071288E-034  -1.0864602563162094E-033  -2.5456608363785874E-034  -7.1560505666499149E-034   4.4157192519461928E-065  -2.0596564451855164E-066   3.4790290684102022E-066   1.1105735512157486E-064  -5.8768223034588647E-066   5.0177340805998541E-066  -2.0809440930306294E-065  -4.8071361313432850E-067   1.5634370274936692E-066  -7.2857084259835803E-051   3.5993132164661385E-051   3.9601806561897589E-049   3.6542138240217468E-050   1.6674477266740092E-050   1.3221049873173701E-050   1.6407255451947213E-050  -3.5363857951958396E-049  -3.7878400844864536E-050   9.2122936656832436E-050  -4.5871634187203670E-067   2.1142006037453616E-051   1.8566112630915717E-066  -4.2461435020364265E-067   3.2111355813840806E-050  -2.2081816384132511E-066  -1.6940589984203020E-064   1.8119010419162747E-034  -3.4989867038331956E-032  -7.9968415525964723E-033  -2.3035207848736910E-032   1.4201505922561964E-063  -6.7001405083126411E-065   1.1105735512157486E-064   3.5784549324122356E-063  -1.8923176359638434E-064   1.6147825028086364E-064  -6.7091596872717671E-064  -1.5530527003934941E-065   5.0347186521816181E-065  -2.2994127757902916E-049   1.1609366402126774E-049   1.3084444354556202E-047   2.8570803183432275E-048   5.4718922375634092E-049   4.1726417268245393E-049   5.2840797867205681E-049  -1.1537485123176642E-047  -1.3844903979094491E-048   2.9493321286410541E-048  -1.4760979399134966E-065   6.8079073505640535E-050   5.9750376022427104E-065  -1.3672819506246948E-065   1.0439195230684869E-048  -7.1038140869808287E-065  -5.4502068931439620E-063   1.2326564654246693E-035   1.8503623330329313E-033   4.2367167297903405E-034   1.2182092660337657E-033  -7.5109052369616065E-065   3.5406442671355757E-066  -5.8768223034588647E-066  -1.8923176359638434E-064   1.0007235724273488E-065  -8.5398842510401943E-066   3.5477068766820335E-065   8.2110927196701832E-067  -2.6625154900759201E-066   1.2178032336929988E-050  -6.1386792486508804E-051  -6.9066914540012295E-049  -1.4461934177895228E-049  -2.8897689823322643E-050  -2.2098931698867342E-050  -2.7943673031081107E-050   6.0956297063760308E-049   7.2581802262339697E-050  -1.5603644077127776E-049   7.8064881676907065E-067  -3.6002492348237194E-051  -3.1599311868462058E-066   7.2306494064929169E-067  -5.5167800193938993E-050   3.7569934742496901E-066   2.8824370113280688E-064  -2.5968498974765284E-035  -1.5790286176234316E-033  -3.6209264572653459E-034  -1.0396035259470826E-033   6.4100491921981647E-065  -3.0196327592019386E-066   5.0177340805998541E-066   1.6147825028086364E-064  -8.5398842510401943E-066   7.2879367317147324E-066  -3.0272767202768172E-065  -7.0057035015026146E-067   2.2720997258723081E-066  -1.0405026708863426E-050   5.2380355535156374E-051   5.8849301066614457E-049   1.1884931934404374E-049   2.4632534614810136E-050   1.8881537526121390E-050   2.3846047970559574E-050  -5.1977469075823774E-049  -6.1491499954334436E-050   1.3320313357591554E-049  -6.6620892860995932E-067   3.0723413091046527E-051   2.6966801329703714E-066  -6.1704159419411667E-067   4.7051585903108680E-050  -3.2062845320687886E-066  -2.4599131747756269E-064  -1.0184961479124846E-034   6.5599553663653116E-033   1.4968553349515449E-033   4.3185442747661802E-033  -2.6622881663988936E-064   1.2569516476715495E-065  -2.0809440930306294E-065  -6.7091596872717671E-064   3.5477068766820335E-065  -3.0272767202768172E-065   1.2579321223876161E-064   2.9122719019513664E-066  -9.4391232739572275E-066   4.3053696031246468E-050  -2.1767527961259928E-050  -2.4570363631953561E-048  -5.5569956100669838E-049  -1.0270938793042258E-049  -7.8127620427896198E-050  -9.9066832139342628E-050   2.1648369260650709E-048   2.6153058680689450E-049  -5.5273634434040981E-049   2.7672666133115354E-066  -1.2763457777720075E-050  -1.1201587461934041E-065   2.5633772960705383E-066  -1.9583215170428864E-049   1.3317421405158435E-065   1.0217468483631429E-063  -7.7520804194801636E-036   1.5183466452764722E-034   3.4454598445625213E-035   9.9945116807520719E-035  -6.1602005119714547E-066   2.9156488196391501E-067  -4.8071361313432850E-067  -1.5530527003934941E-065   8.2110927196701832E-067  -7.0057035015026146E-067   2.9122719019513664E-066   6.7452962352214533E-068  -2.1847128176790776E-067   9.9205224108744048E-052  -5.0399165474939583E-052  -5.7183248478868827E-050  -1.4455479061462295E-050  -2.3869345901548989E-051  -1.8002329203065955E-051  -2.2929754956857063E-051   5.0247387760290428E-050   6.2094039780147039E-051  -1.2776844600055792E-050   6.4038755549104519E-068  -2.9540991153972298E-052  -2.5922811903879055E-067   5.9329183137468924E-068  -4.5419262496276450E-051   3.0816764521795098E-067   2.3643744559100487E-065  -2.4281505452265880E-036  -4.9230654688826690E-034  -1.1269172096640864E-034  -3.2411452881773953E-034   1.9983188082150215E-065  -9.4212236862025175E-067   1.5634370274936692E-066   5.0347186521816181E-065  -2.6625154900759201E-066   2.2720997258723081E-066  -9.4391232739572275E-066  -2.1847128176790776E-067   7.0838705673275280E-067  -3.2393785064228688E-051   1.6332805673856635E-051   1.8380858670949210E-049   3.8728847681475281E-050   7.6900299115007880E-051   5.8783555815606011E-051   7.4346816347190570E-051  -1.6220225728781991E-049  -1.9335718008872025E-050   4.1512360613527969E-050  -2.0769724389809925E-067   9.5787921554777404E-052   8.4072346970626360E-067  -1.9237801734515173E-067   1.4679380427745829E-050  -9.9957239306574696E-067  -7.6689151451723239E-065   8.0417018698296565E-019   2.2508875578059245E-018   5.4334066944825035E-019   1.4834435900244046E-018  -9.1637322605101577E-050   4.2141802198023035E-051  -7.2857084259835803E-051  -2.2994127757902916E-049   1.2178032336929988E-050  -1.0405026708863426E-050   4.3053696031246468E-050   9.9205224108744048E-052  -3.2393785064228688E-051   1.5465781241148819E-035  -7.4429705451392181E-036  -7.9431504785278977E-034   5.7175261747640414E-035  -3.3740358955383353E-035  -2.8065062882230094E-035  -3.3991456622119465E-035   7.2091725001750648E-034   6.5457382373964281E-035  -1.9224259507918607E-034   9.5131260775370311E-052  -4.3808777498219234E-036  -3.8498184747739393E-051   8.7986200305555069E-052  -6.5755141032228008E-035   4.5809325120180241E-051   3.5140966347592070E-049   2.5819700335244182E-020  -1.1350931827366015E-018  -2.5871596899277293E-019  -7.4723755432791112E-019   4.6063742773343253E-050  -2.1759140983973726E-051   3.5993132164661385E-051   1.1609366402126774E-049  -6.1386792486508804E-051   5.2380355535156374E-051  -2.1767527961259928E-050  -5.0399165474939583E-052   1.6332805673856635E-051  -7.4429705451392181E-036   3.7667695282228023E-036   4.2562627321402815E-034   9.8575672617875840E-035   1.7786852458379757E-035   1.3506426421197851E-035   1.7141906731199497E-035  -3.7480353729283480E-034  -4.5490763450467511E-035   9.5616754138322007E-035  -4.7881279694715947E-052   2.2084942213546875E-036   1.9381906079574308E-051  -4.4354764280658464E-052   3.3899620938144673E-035  -2.3042511428330253E-051  -1.7678857945886040E-049   5.5553910299441674E-017  -1.2776790601876437E-016  -2.7256078819086070E-017  -8.4007284253949643E-017   5.1669739724896762E-048  -2.5111952384701499E-049   3.9601806561897589E-049   1.3084444354556202E-047  -6.9066914540012295E-049   5.8849301066614457E-049  -2.4570363631953561E-048  -5.7183248478868827E-050   1.8380858670949210E-049  -7.9431504785278977E-034   4.2562627321402815E-034   5.0968245882539033E-032   2.6646346650733692E-032   2.0963447990054197E-033   1.4414080620109838E-033   1.9295765292461321E-033  -4.3562112151195809E-032  -6.6439062928202919E-033   1.0600606931289375E-032  -5.3783436812086832E-050   2.4850313522689799E-034   2.1777251871953006E-049  -4.9907481978176092E-050   3.9061342756011650E-033  -2.5865579267687061E-049  -1.9848011302306826E-047   2.8463781592268463E-016  -2.7050982927826551E-017   3.8978661139146027E-018  -1.7252290478123760E-017   1.0004753405634605E-048  -8.5276812153946916E-050   3.6542138240217468E-050   2.8570803183432275E-048  -1.4461934177895228E-049   1.1884931934404374E-049  -5.5569956100669838E-049  -1.4455479061462295E-050   3.8728847681475281E-050   5.7175261747640414E-035   9.8575672617875840E-035   2.6646346650733692E-032   8.6240868699402909E-032   9.3222843672459629E-034  -1.0375339539823340E-034   4.0881994034667692E-034  -1.6342549931825377E-032  -9.3024916639164054E-033   1.4038300055462283E-033  -1.0803927546205180E-050   5.2154254996030575E-035   4.4068133101797025E-050  -1.0468173701624880E-050   1.2952367788850368E-033  -5.1059718323696361E-050  -3.9347986522023366E-048   1.7061604415546853E-018  -5.3451523498410000E-018  -1.1621486395730465E-018  -3.5156414853893344E-018   2.1637130273842059E-049  -1.0432836893101213E-050   1.6674477266740092E-050   5.4718922375634092E-049  -2.8897689823322643E-050   2.4632534614810136E-050  -1.0270938793042258E-049  -2.3869345901548989E-051   7.6900299115007880E-051  -3.3740358955383353E-035   1.7786852458379757E-035   2.0963447990054197E-033   9.3222843672459629E-034   8.6594324559454760E-035   6.1227123349735812E-035   8.0722904278996590E-035  -1.8062924568112619E-033  -2.6006668425045441E-034   4.4537827786200935E-034  -2.2513429042803574E-051   1.0397132509135617E-035   9.1150990667440471E-051  -2.0880949059650168E-051   1.6235226425976623E-034  -1.0829213687600373E-050  -8.3094432318307303E-049  -1.4592917430930378E-018  -4.0845851797371041E-018  -9.8597606010140566E-019  -2.6919388673044180E-018   1.6629015897552831E-049  -7.6472847392361373E-051   1.3221049873173701E-050   4.1726417268245393E-049  -2.2098931698867342E-050   1.8881537526121390E-050  -7.8127620427896198E-050  -1.8002329203065955E-051   5.8783555815606011E-051  -2.8065062882230094E-035   1.3506426421197851E-035   1.4414080620109838E-033  -1.0375339539823340E-034   6.1227123349735812E-035   5.0928416890307808E-035   6.1682779077477558E-035  -1.3082163544893648E-033  -1.1878259001515708E-034   3.4885405628171701E-034  -1.7263045261645479E-051   7.9497833061928203E-036   6.9860937443129128E-051  -1.5966463031132788E-051   1.1932291936144743E-034  -8.3128137534349457E-051  -6.3768743066369935E-049  -1.7522233520837166E-020  -5.1668718320734038E-018  -1.1824437485290872E-018  -3.4016418706071389E-018   2.0972548421745344E-049  -9.8887304882844151E-051   1.6407255451947213E-050   5.2840797867205681E-049  -2.7943673031081107E-050   2.3846047970559574E-050  -9.9066832139342628E-050  -2.2929754956857063E-051   7.4346816347190570E-051  -3.3991456622119465E-035   1.7141906731199497E-035   1.9295765292461321E-033   4.0881994034667692E-034   8.0722904278996590E-035   6.1682779077477558E-035   7.8028723232527248E-035  -1.7025581855514278E-033  -2.0316324150621102E-034   4.3565736557494133E-034  -2.1798139194922612E-051   1.0053152002553840E-035   8.8235290773321295E-051  -2.0190492170299376E-051   1.5407717705362356E-034  -1.0490636955318226E-050  -8.0486269734972329E-049  -2.4746817508328363E-017   1.1273748059855844E-016   2.4909711058753268E-017   7.4172265170684236E-017  -4.5674532956630903E-048   2.1872208551413124E-049  -3.5363857951958396E-049  -1.1537485123176642E-047   6.0956297063760308E-049  -5.1977469075823774E-049   2.1648369260650709E-048   5.0247387760290428E-050  -1.6220225728781991E-049   7.2091725001750648E-034  -3.7480353729283480E-034  -4.3562112151195809E-032  -1.6342549931825377E-032  -1.8062924568112619E-033  -1.3082163544893648E-033  -1.7025581855514278E-033   3.7804255771467060E-032   5.1600061513337784E-033  -9.4283307400144102E-033   4.7508298118567090E-050  -2.1931040334969283E-034  -1.9233541491566704E-049   4.4045177220224601E-050  -3.4049741776922492E-033   2.2855727000997829E-049   1.7536907124368764E-047  -2.7845536389222050E-017   1.3451007911213685E-017   2.0900398610190101E-018   8.8010027058318006E-018  -5.3642778974489230E-049   2.9025513081356222E-050  -3.7878400844864536E-050  -1.3844903979094491E-048   7.2581802262339697E-050  -6.1491499954334436E-050   2.6153058680689450E-049   6.2094039780147039E-051  -1.9335718008872025E-050   6.5457382373964281E-035  -4.5490763450467511E-035  -6.6439062928202919E-033  -9.3024916639164054E-033  -2.6006668425045441E-034  -1.1878259001515708E-034  -2.0316324150621102E-034   5.1600061513337784E-033   1.3359473089375210E-033  -1.0482426076991768E-033   5.6151494914091089E-051  -2.6124656484960812E-035  -2.2762078743797409E-050   5.2461865769902229E-051  -4.4897058239401861E-034   2.6931987983778573E-050   2.0679800345288499E-048  -3.0729129016123144E-018  -2.8848378471174863E-017  -6.7073928195957545E-018  -1.8998326351620951E-017   1.1719868496388018E-048  -5.4862015439699192E-050   9.2122936656832436E-050   2.9493321286410541E-048  -1.5603644077127776E-049   1.3320313357591554E-049  -5.5273634434040981E-049  -1.2776844600055792E-050   4.1512360613527969E-050  -1.9224259507918607E-034   9.5616754138322007E-035   1.0600606931289375E-032   1.4038300055462283E-033   4.4537827786200935E-034   3.4885405628171701E-034   4.3565736557494133E-034  -9.4283307400144102E-033  -1.0482426076991768E-033   2.4415852008893493E-033  -1.2176989447682058E-050   5.6135121238543699E-035   4.9286948566708812E-050  -1.1274099892412029E-050   8.5515958203291219E-034  -5.8613115366911451E-050  -4.4967339565035273E-048   2.5780584268878113E-036   1.4434211101212155E-034   3.3106836928659844E-035   9.5032602070239406E-035  -5.8596219755736090E-066   2.7600653667913946E-067  -4.5871634187203670E-067  -1.4760979399134966E-065   7.8064881676907065E-067  -6.6620892860995932E-067   2.7672666133115354E-066   6.4038755549104519E-068  -2.0769724389809925E-067   9.5131260775370311E-052  -4.7881279694715947E-052  -5.3783436812086832E-050  -1.0803927546205180E-050  -2.2513429042803574E-051  -1.7263045261645479E-051  -2.1798139194922612E-051   4.7508298118567090E-050   5.6151494914091089E-051  -1.2176989447682058E-050   6.0899904623585381E-068  -2.8084910400270073E-052  -2.4651035956829285E-067   5.6405059017313126E-068  -4.3007275564408040E-051   2.9309554533354859E-067   2.2486750200157061E-065  -4.0104572511140607E-021  -6.6569534138351971E-019  -1.5240714864785006E-019  -4.3826805351847385E-019   2.7021452221430687E-050  -1.2738492981807710E-051   2.1142006037453616E-051   6.8079073505640535E-050  -3.6002492348237194E-051   3.0723413091046527E-051  -1.2763457777720075E-050  -2.9540991153972298E-052   9.5787921554777404E-052  -4.3808777498219234E-036   2.2084942213546875E-036   2.4850313522689799E-034   5.2154254996030575E-035   1.0397132509135617E-035   7.9497833061928203E-036   1.0053152002553840E-035  -2.1931040334969283E-034  -2.6124656484960812E-035   5.6135121238543699E-035  -2.8084910400270073E-052   1.2952424403759729E-036   1.1368290245198760E-051  -2.6013320276336464E-052   1.9848163687685109E-035  -1.3516284662216877E-051  -1.0369953839245942E-049  -9.2993087396295965E-036  -5.8427310127940637E-034  -1.3397076585931864E-034  -3.8467410492923564E-034   2.3718395818225249E-065  -1.1173627240046065E-066   1.8566112630915717E-066   5.9750376022427104E-065  -3.1599311868462058E-066   2.6966801329703714E-066  -1.1201587461934041E-065  -2.5922811903879055E-067   8.4072346970626360E-067  -3.8498184747739393E-051   1.9381906079574308E-051   2.1777251871953006E-049   4.4068133101797025E-050   9.1150990667440471E-051   6.9860937443129128E-051   8.8235290773321295E-051  -1.9233541491566704E-049  -2.2762078743797409E-050   4.9286948566708812E-050  -2.4651035956829285E-067   1.1368290245198760E-051   9.9782486206103010E-067  -2.2831798352492826E-067   1.7410586788924304E-050  -1.1863870946609678E-066  -9.1021549138257648E-065   8.2695851132334813E-037   1.3369654340312391E-034   3.0609822567414423E-035   8.8020672823006849E-035  -5.4269264630521624E-066   2.5583409188819553E-067  -4.2461435020364265E-067  -1.3672819506246948E-065   7.2306494064929169E-067  -6.1704159419411667E-067   2.5633772960705383E-066   5.9329183137468924E-068  -1.9237801734515173E-067   8.7986200305555069E-052  -4.4354764280658464E-052  -4.9907481978176092E-050  -1.0468173701624880E-050  -2.0880949059650168E-051  -1.5966463031132788E-051  -2.0190492170299376E-051   4.4045177220224601E-050   5.2461865769902229E-051  -1.1274099892412029E-050   5.6405059017313126E-068  -2.6013320276336464E-052  -2.2831798352492826E-067   5.2244492376165169E-068  -3.9862173343858203E-051   2.7145788314326915E-067   2.0826770153509437E-065   1.6175041025242720E-018  -1.0202498557918686E-017  -2.2763147508893460E-018  -6.7136464376894701E-018   4.1355773955876395E-049  -1.9720680995304059E-050   3.2111355813840806E-050   1.0439195230684869E-048  -5.5167800193938993E-050   4.7051585903108680E-050  -1.9583215170428864E-049  -4.5419262496276450E-051   1.4679380427745829E-050  -6.5755141032228008E-035   3.3899620938144673E-035   3.9061342756011650E-033   1.2952367788850368E-033   1.6235226425976623E-034   1.1932291936144743E-034   1.5407717705362356E-034  -3.4049741776922492E-033  -4.4897058239401861E-034   8.5515958203291219E-034  -4.3007275564408040E-051   1.9848163687685109E-035   1.7410586788924304E-050  -3.9862173343858203E-051   3.0707546271756842E-034  -2.0692380078631447E-050  -1.5876618111230056E-048   1.5574798204300478E-035   6.9466533694273213E-034   1.5944322651569599E-034   4.5736305445069909E-034  -2.8201284193771426E-065   1.3279449182973830E-066  -2.2081816384132511E-066  -7.1038140869808287E-065   3.7569934742496901E-066  -3.2062845320687886E-066   1.3317421405158435E-065   3.0816764521795098E-067  -9.9957239306574696E-067   4.5809325120180241E-051  -2.3042511428330253E-051  -2.5865579267687061E-049  -5.1059718323696361E-050  -1.0829213687600373E-050  -8.3128137534349457E-051  -1.0490636955318226E-050   2.2855727000997829E-049   2.6931987983778573E-050  -5.8613115366911451E-050   2.9309554533354859E-067  -1.3516284662216877E-051  -1.1863870946609678E-066   2.7145788314326915E-067  -2.0692380078631447E-050   1.4106037281110441E-066   1.0822353822280131E-064   1.1360373316362287E-033   5.3296113063937403E-032   1.2230716347345787E-032   3.5089692474814890E-032  -2.1636387148689141E-063   1.0188951824561263E-064  -1.6940589984203020E-064  -5.4502068931439620E-063   2.8824370113280688E-064  -2.4599131747756269E-064   1.0217468483631429E-063   2.3643744559100487E-065  -7.6689151451723239E-065   3.5140966347592070E-049  -1.7678857945886040E-049  -1.9848011302306826E-047  -3.9347986522023366E-048  -8.3094432318307303E-049  -6.3768743066369935E-049  -8.0486269734972329E-049   1.7536907124368764E-047   2.0679800345288499E-048  -4.4967339565035273E-048   2.2486750200157061E-065  -1.0369953839245942E-049  -9.1021549138257648E-065   2.0826770153509437E-065  -1.5876618111230056E-048   1.0822353822280131E-064   8.3030684426467016E-063
