  0.96399918373889726        1.2282310153990082E-003   3.4437266503092388E-002   2.6940548587726819E-003  -4.0513324210300115E-032  -4.1779507442771237E-032  -3.8905892415093629E-032   1.1888351218857244E-031   2.4906586016288433E-033  -2.3759075560794405E-032  -1.4912557819829463E-032  -2.8216193149402664E-032   8.7175562963783428E-033  -1.0675414239803138E-017  -3.0207017726130673E-016  -8.5758319783844033E-017   6.2552011837226082E-017  -1.6992612007515182E-017   2.0442841638380761E-017   6.6601118410509847E-017   1.1163666925459449E-016  -1.0441554957348046E-016  -6.8560392332002014E-017  -1.9669190732254242E-032  -7.7148040339362100E-023   2.7125031895037155E-031   2.3963147063472705E-032   3.7092778255186202E-018  -3.0443410947990416E-032  -1.0031318642021441E-032   1.2282310153990082E-003  0.34213747759408536        7.8300885751557983E-002  0.22524863812254833        8.6574448731582243E-033   8.5802673635980945E-032   5.3141325390421833E-032  -6.8332433677998656E-032  -1.5535948349781665E-031  -8.4481017629453732E-032   8.2438674554391437E-032   1.0131143978786193E-031   2.3293643844631592E-033   1.9661520255393702E-018  -7.0871246932955371E-017  -1.2348612455505451E-016   8.2125500143812584E-017  -7.9392392811009331E-017   1.5770207687424903E-017  -1.6375735348532928E-016  -2.9454508930040644E-017  -1.4086366107268901E-016   3.4752232370517475E-016   1.9536690919849611E-031  -1.4569342455328931E-019  -2.0043936628749995E-031  -1.6846622609931389E-031   1.5510172262727700E-017  -1.1394867470645141E-031   2.9498505238858630E-031   3.4437266503092388E-002   7.8300885751557983E-002   1.9129999668991982E-002   5.1616748950905934E-002   5.4475953800962368E-034   1.8145383482831139E-032   1.0776545962955122E-032  -1.1417459968583653E-032  -3.5447244807931274E-032  -2.0165237264720858E-032   1.8327880737537768E-032   2.2173289568663172E-032   8.4167696874396480E-034   7.1469141869204270E-020  -2.6913357891213554E-017  -3.1283656872097923E-017   2.1000965772259939E-017  -1.8761563486904088E-017   4.3314606018856527E-018  -3.5096539999710427E-017  -2.7816519635036699E-018  -3.5919495389589039E-017   7.7059821506145536E-017   4.3989505713244893E-032  -3.3327302039230625E-020  -3.6235732823127337E-032  -3.7684348799459094E-032   3.6790803737415089E-018  -2.7142235797143408E-032   6.7116728086064341E-032   2.6940548587726819E-003  0.22524863812254833        5.1616748950905934E-002  0.14829772821010240        5.6203910777868935E-033   5.6406482155202821E-032   3.4909501305579130E-032  -4.4754143521819409E-032  -1.0227605706433533E-031  -5.5664554207087315E-032   5.4244341121338421E-032   6.6643207561765182E-032   1.5505875622976634E-033   1.2735367125361607E-018  -4.7248898538699463E-017  -8.1464831420148400E-017   5.4189672690887554E-017  -5.2301223383448812E-017   1.0422300865041357E-017  -1.0767940426671833E-016  -1.9173032460203060E-017  -9.2941824940309981E-017   2.2865725511237408E-016   1.2858135016061794E-031  -9.5917428655413156E-020  -1.3142874485485787E-031  -1.1086288489638338E-031   1.0218377989392723E-017  -7.5077662246253332E-032   1.9418381307924077E-031  -4.0513324210300115E-032   8.6574448731582243E-033   5.4475953800962368E-034   5.6203910777868935E-033   1.9243143639538733E-063   3.9412987034054383E-063   2.9890441096893835E-063  -6.7394912019037401E-063  -4.0594265337796034E-063  -1.1511859045133907E-063   2.7256781865369429E-063   3.7656181606613110E-063  -3.0735548931066637E-064   4.9904280817936680E-049   1.0900664163008690E-047   4.6354982086165988E-049  -5.4035567769993024E-049  -1.3062439761994679E-048  -4.5836978969757951E-049  -6.9695991606376041E-048  -5.4450613309925105E-048   8.0590450663431958E-049   1.1729737427739651E-047   5.8003221398669828E-063  -3.7053784886898323E-051  -1.6510626115239341E-062  -5.2961641671044727E-063   2.3880358481192532E-049  -1.6201498233602890E-063   7.9307432685719536E-063  -4.1779507442771237E-032   8.5802673635980945E-032   1.8145383482831139E-032   5.6406482155202821E-032   3.9412987034054383E-063   2.3355475252898939E-062   1.5033945484644253E-062  -2.2337799127693154E-062  -3.9094794528652040E-062  -2.0162435998726920E-062   2.1338312641554026E-062   2.6655091989627214E-062   2.0392873448893099E-064   9.5947125381233055E-049  -4.5962643360432505E-048  -2.7243557985524527E-047   1.7877660103285900E-047  -1.9180912147991765E-047   3.0648664058557265E-048  -4.4001194373613009E-047  -1.2265342919460695E-047  -3.0789727904232069E-047   9.0200888232763073E-047   4.9884301328136514E-062  -3.6557075535768089E-050  -6.2141094319104701E-062  -4.3321290812822706E-062   3.7301918774971620E-048  -2.7265242606387085E-062   7.4461786387868027E-062  -3.8905892415093629E-032   5.3141325390421833E-032   1.0776545962955122E-032   3.4909501305579130E-032   2.9890441096893835E-063   1.5033945484644253E-062   9.8396337595982144E-063  -1.5444998352154997E-062  -2.4254309628774337E-062  -1.2170428037170886E-062   1.3421313289710990E-062   1.6894962851369666E-062   8.5823715000418109E-066   7.3863402050657921E-049   1.2328865336361857E-048  -1.5719942200063683E-047   1.0230900263335646E-047  -1.1653740988152472E-047   1.6226504669774426E-048  -2.8160025614597683E-047  -9.1068485200054315E-048  -1.7664898424627843E-047   5.6808903989511879E-047   3.1170858522988565E-062  -2.2647412649957734E-050  -4.2162815762729533E-062  -2.7162835641802465E-062   2.2608853825720131E-048  -1.6480584625063305E-062   4.6267324916485205E-062   1.1888351218857244E-031  -6.8332433677998656E-032  -1.1417459968583653E-032  -4.4754143521819409E-032  -6.7394912019037401E-063  -2.2337799127693154E-062  -1.5444998352154997E-062   2.8369235218811857E-062   3.1405444087103502E-062   1.3974103390494557E-062  -1.8344270164834055E-062  -2.3765992394556649E-062   6.1104157395844499E-064  -1.7128057019030461E-048  -2.3143314559258738E-047   1.4119831164397110E-047  -8.7086450068198059E-048   1.3791722749828249E-047  -6.3036475333947619E-049   4.1009070732388113E-047   1.9691652548296082E-047   1.5292590995594152E-047  -7.8034653726908317E-047  -4.1536455279429612E-062   2.9153304691866352E-050   7.3641750985607038E-062   3.6682498705363805E-062  -2.6462196097570019E-048   1.9046481388038331E-062  -6.0285567322161219E-062   2.4906586016288433E-033  -1.5535948349781665E-031  -3.5447244807931274E-032  -1.0227605706433533E-031  -4.0594265337796034E-063  -3.9094794528652040E-062  -2.4254309628774337E-062   3.1405444087103502E-062   7.0556044853129577E-062   3.8287386882981488E-062  -3.7482255286261981E-062  -4.6094377660064658E-062  -1.0301888028471147E-063  -9.2658057625224050E-049   3.1227154543343623E-047   5.5803405867815797E-047  -3.7095082621127061E-047   3.5998058270266081E-047  -7.0965480738886522E-048   7.4572219120763724E-047   1.3728205529211260E-047   6.3635482566536626E-047  -1.5802541042738162E-046  -8.8777591984241217E-062   6.6158603102671610E-050   9.1876535175139817E-062   7.6575669452042172E-062  -7.0313824387757739E-048   5.1647403891803045E-062  -1.3398334637930913E-061  -2.3759075560794405E-032  -8.4481017629453732E-032  -2.0165237264720858E-032  -5.5664554207087315E-032  -1.1511859045133907E-063  -2.0162435998726920E-062  -1.2170428037170886E-062   1.3974103390494557E-062   3.8287386882981488E-062   2.1430883006062978E-062  -1.9985810169134349E-062  -2.4320546289674889E-062  -7.8708060617087170E-064  -2.2556016636187145E-049   2.4843360653323086E-047   3.2567223972452590E-047  -2.1793366237576094E-047   2.0010197091688776E-047  -4.3900347194947551E-048   3.8800338376995550E-047   4.5540423533365566E-048   3.7310554674823722E-047  -8.4112092290606240E-047  -4.7744590452065049E-062   3.5963955275088211E-050   4.2875204620092678E-062   4.1000109569730666E-062  -3.9186901949236285E-048   2.8867142522128637E-062  -7.2568234054855861E-062  -1.4912557819829463E-032   8.2438674554391437E-032   1.8327880737537768E-032   5.4244341121338421E-032   2.7256781865369429E-063   2.1338312641554026E-062   1.3421313289710990E-062  -1.8344270164834055E-062  -3.7482255286261981E-062  -1.9985810169134349E-062   2.0103692642024972E-062   2.4862075456327335E-062   4.2386381642874457E-064   6.4228051968171448E-049  -1.2314952976708529E-047  -2.8408240219803491E-047   1.8806092031172900E-047  -1.8866159548182424E-047   3.4782373154614777E-048  -4.0517654871074711E-047  -8.8600284193390449E-048  -3.2302028277068825E-047   8.4837491448738646E-047   4.7395404095061624E-062  -3.5112141488635524E-050  -5.2586989349428075E-062  -4.0979853681574318E-062   3.6795643029847755E-048  -2.6982311305479138E-062   7.1252174435335293E-062  -2.8216193149402664E-032   1.0131143978786193E-031   2.2173289568663172E-032   6.6643207561765182E-032   3.7656181606613110E-063   2.6655091989627214E-062   1.6894962851369666E-062  -2.3765992394556649E-062  -4.6094377660064658E-062  -2.4320546289674889E-062   2.4862075456327335E-062   3.0846977411536575E-062   4.3155114293851124E-064   8.9891064251220650E-049  -1.2037878285235996E-047  -3.4036513345034196E-047   2.2472687972923717E-047  -2.3013803182686174E-047   4.0653698076881939E-048  -5.0482697124280008E-047  -1.2034736354075540E-047  -3.8630944237893693E-047   1.0497558477926421E-046   5.8454662356110122E-062  -4.3154972130847977E-050  -6.7415937241458821E-062  -5.0613455077802426E-062   4.4844479887331568E-048  -3.2851273374235776E-062   8.7677779345754484E-062   8.7175562963783428E-033   2.3293643844631592E-033   8.4167696874396480E-034   1.5505875622976634E-033  -3.0735548931066637E-064   2.0392873448893099E-064   8.5823715000418109E-066   6.1104157395844499E-064  -1.0301888028471147E-063  -7.8708060617087170E-064   4.2386381642874457E-064   4.3155114293851124E-064   9.4542006595872620E-065  -8.3124519231017862E-050  -3.2092598606584639E-048  -1.6115039754005173E-048   1.1215941163046765E-048  -6.9146941298399993E-049   2.9154686498164436E-049  -5.0788656162692810E-049   8.0900059705578446E-049  -1.8978097598957279E-048   1.7353471124814232E-048   1.1460734660735093E-063  -9.8789196295408681E-052   1.0924617536436379E-063  -9.2500513419027746E-064   1.3860581347921356E-049  -1.0471381749695441E-063   1.9081430060820704E-063  -1.0675414239803138E-017   1.9661520255393702E-018   7.1469141869204270E-020   1.2735367125361607E-018   4.9904280817936680E-049   9.5947125381233055E-049   7.3863402050657921E-049  -1.7128057019030461E-048  -9.2658057625224050E-049  -2.2556016636187145E-049   6.4228051968171448E-049   8.9891064251220650E-049  -8.3124519231017862E-050   1.2967625588594893E-034   2.9372863314441918E-033   2.3578092857647910E-034  -2.1795241637494632E-034  -2.7109739110316676E-034  -1.3528302012135782E-034  -1.6856121527981036E-033  -1.4075347739365410E-033   3.4197602334471479E-034   2.7706712388595688E-033   1.3484449559431698E-048  -8.4219332070795731E-037  -4.1656834714507930E-048  -1.2403687211515117E-048   4.8644666175204732E-035  -3.2200117964193977E-049   1.8180789908362199E-048  -3.0207017726130673E-016  -7.0871246932955371E-017  -2.6913357891213554E-017  -4.7248898538699463E-017   1.0900664163008690E-047  -4.5962643360432505E-048   1.2328865336361857E-048  -2.3143314559258738E-047   3.1227154543343623E-047   2.4843360653323086E-047  -1.2314952976708529E-047  -1.2037878285235996E-047  -3.2092598606584639E-048   2.9372863314441918E-033   1.0917552259982536E-031   5.2290395731942452E-032  -3.6503705578730926E-032   2.1676506541285187E-032  -9.6493772522371173E-033   1.2885019357288581E-032  -2.8883988408307856E-032   6.1711858018499228E-032  -5.0130604452224627E-032  -3.4091028155142158E-047   3.0039717056285401E-035  -4.3631130099849908E-047   2.7204596989079988E-047  -4.3567173164985005E-033   3.3007036729448059E-047  -5.7631731417385859E-047  -8.5758319783844033E-017  -1.2348612455505451E-016  -3.1283656872097923E-017  -8.1464831420148400E-017   4.6354982086165988E-049  -2.7243557985524527E-047  -1.5719942200063683E-047   1.4119831164397110E-047   5.5803405867815797E-047   3.2567223972452590E-047  -2.8408240219803491E-047  -3.4036513345034196E-047  -1.6115039754005173E-048   2.3578092857647910E-034   5.2290395731942452E-032   5.2119796072396757E-032  -3.5151040638987279E-032   3.0133384022610448E-032  -7.4960819511956404E-033   5.3157868545447648E-032   7.4150714047661455E-034   6.0037463853806097E-032  -1.1925154128259864E-031  -6.8710066916565769E-047   5.2545004986813832E-035   4.8273917507729188E-047   5.8629450511016712E-047  -5.9213650333521426E-033   4.3785063297512779E-047  -1.0548610737857557E-046   6.2552011837226082E-017   8.2125500143812584E-017   2.1000965772259939E-017   5.4189672690887554E-017  -5.4035567769993024E-049   1.7877660103285900E-047   1.0230900263335646E-047  -8.7086450068198059E-048  -3.7095082621127061E-047  -2.1793366237576094E-047   1.8806092031172900E-047   2.2472687972923717E-047   1.1215941163046765E-048  -2.1795241637494632E-034  -3.6503705578730926E-032  -3.5151040638987279E-032   2.3733846820466761E-032  -2.0136094923565524E-032   5.1020198481648911E-033  -3.4968517679101268E-032   1.4644515954214348E-034  -4.0523186232645348E-032   7.8909687900178242E-032   4.5579619126693770E-047  -3.4942951547995535E-035  -3.0548280272618570E-047  -3.8851394240492033E-047   3.9589667619480247E-033  -2.9291540221847977E-047   7.0090956731431336E-047  -1.6992612007515182E-017  -7.9392392811009331E-017  -1.8761563486904088E-017  -5.2301223383448812E-017  -1.3062439761994679E-048  -1.9180912147991765E-047  -1.1653740988152472E-047   1.3791722749828249E-047   3.5998058270266081E-047   2.0010197091688776E-047  -1.8866159548182424E-047  -2.3013803182686174E-047  -6.9146941298399993E-049  -2.7109739110316676E-034   2.1676506541285187E-032   3.0133384022610448E-032  -2.0136094923565524E-032   1.8712433504581812E-032  -4.0127752511561490E-033   3.6835107623742045E-032   4.8981880400623488E-033   3.4488089494600304E-032  -7.9432050957601421E-032  -4.4981489002826579E-047   3.3800172181708984E-035   4.1797916379320438E-047   3.8666485806300120E-047  -3.6624306938023450E-033   2.6962131489962132E-047  -6.8258543825813203E-047   2.0442841638380761E-017   1.5770207687424903E-017   4.3314606018856527E-018   1.0422300865041357E-017  -4.5836978969757951E-049   3.0648664058557265E-048   1.6226504669774426E-048  -6.3036475333947619E-049  -7.0965480738886522E-048  -4.3900347194947551E-048   3.4782373154614777E-048   4.0653698076881939E-048   2.9154686498164436E-049  -1.3528302012135782E-034  -9.6493772522371173E-033  -7.4960819511956404E-033   5.1020198481648911E-033  -4.0127752511561490E-033   1.1580200964540208E-033  -6.1272092821904739E-033   1.0054375660724482E-033  -8.6903054334867177E-033   1.4542137914035158E-032   8.5742950132620414E-048  -6.7060454950521216E-036  -3.4873648426052298E-048  -7.2455918476458368E-048   7.9217834732617742E-034  -5.8874139364228932E-048   1.3362268628138390E-047   6.6601118410509847E-017  -1.6375735348532928E-016  -3.5096539999710427E-017  -1.0767940426671833E-016  -6.9695991606376041E-048  -4.4001194373613009E-047  -2.8160025614597683E-047   4.1009070732388113E-047   7.4572219120763724E-047   3.8800338376995550E-047  -4.0517654871074711E-047  -5.0482697124280008E-047  -5.0788656162692810E-049  -1.6856121527981036E-033   1.2885019357288581E-032   5.3157868545447648E-032  -3.4968517679101268E-032   3.6835107623742045E-032  -6.1272092821904739E-033   8.3062197821692323E-032   2.1886097424420542E-032   6.0179250690817868E-032  -1.7120021333209407E-031  -9.4928312196835537E-047   6.9764359914411037E-035   1.1489223940412153E-046   8.2345382476869247E-047  -7.1689876414308136E-033   5.2445935998850201E-047  -1.4196175117976247E-046   1.1163666925459449E-016  -2.9454508930040644E-017  -2.7816519635036699E-018  -1.9173032460203060E-017  -5.4450613309925105E-048  -1.2265342919460695E-047  -9.1068485200054315E-048   1.9691652548296082E-047   1.3728205529211260E-047   4.5540423533365566E-048  -8.8600284193390449E-048  -1.2034736354075540E-047   8.0900059705578446E-049  -1.4075347739365410E-033  -2.8883988408307856E-032   7.4150714047661455E-034   1.4644515954214348E-034   4.8981880400623488E-033   1.0054375660724482E-033   2.1886097424420542E-032   1.5488461110447722E-032   8.2093823754691363E-035  -3.8009946686147131E-032  -1.9180346936413421E-047   1.2594385399553119E-035   4.8781419145445399E-047   1.7351019676744703E-047  -9.1175545008441887E-034   6.3283446316830987E-048  -2.6680711898061673E-047  -1.0441554957348046E-016  -1.4086366107268901E-016  -3.5919495389589039E-017  -9.2941824940309981E-017   8.0590450663431958E-049  -3.0789727904232069E-047  -1.7664898424627843E-047   1.5292590995594152E-047   6.3635482566536626E-047   3.7310554674823722E-047  -3.2302028277068825E-047  -3.8630944237893693E-047  -1.8978097598957279E-048   3.4197602334471479E-034   6.1711858018499228E-032   6.0037463853806097E-032  -4.0523186232645348E-032   3.4488089494600304E-032  -8.6903054334867177E-033   6.0179250690817868E-032   8.2093823754691363E-035   6.9196438486356975E-032  -1.3555602894517606E-031  -7.8240031164353719E-047   5.9936332682937057E-035   5.3208326060371716E-047   6.6712134743055569E-047  -6.7796192267018584E-033   5.0151984569398595E-047  -1.2025479625127157E-046  -6.8560392332002014E-017   3.4752232370517475E-016   7.7059821506145536E-017   2.2865725511237408E-016   1.1729737427739651E-047   9.0200888232763073E-047   5.6808903989511879E-047  -7.8034653726908317E-047  -1.5802541042738162E-046  -8.4112092290606240E-047   8.4837491448738646E-047   1.0497558477926421E-046   1.7353471124814232E-048   2.7706712388595688E-033  -5.0130604452224627E-032  -1.1925154128259864E-031   7.8909687900178242E-032  -7.9432050957601421E-032   1.4542137914035158E-032  -1.7120021333209407E-031  -3.8009946686147131E-032  -1.3555602894517606E-031   3.5804708378821550E-031   1.9991689516228719E-046  -1.4801875770230155E-034  -2.2328882403633334E-046  -1.7289678149781191E-046   1.5489707991580850E-032  -1.1356714845866957E-046   3.0043087978971306E-046  -1.9669190732254242E-032   1.9536690919849611E-031   4.3989505713244893E-032   1.2858135016061794E-031   5.8003221398669828E-063   4.9884301328136514E-062   3.1170858522988565E-062  -4.1536455279429612E-062  -8.8777591984241217E-062  -4.7744590452065049E-062   4.7395404095061624E-062   5.8454662356110122E-062   1.1460734660735093E-063   1.3484449559431698E-048  -3.4091028155142158E-047  -6.8710066916565769E-047   4.5579619126693770E-047  -4.4981489002826579E-047   8.5742950132620414E-048  -9.4928312196835537E-047  -1.9180346936413421E-047  -7.8240031164353719E-047   1.9991689516228719E-046   1.1198862244787264E-061  -8.3203096707227856E-050  -1.2020173005373713E-061  -9.6716524985665266E-062   8.7793933755480069E-048  -6.4432160879866661E-062   1.6867634388139770E-061  -7.7148040339362100E-023  -1.4569342455328931E-019  -3.3327302039230625E-020  -9.5917428655413156E-020  -3.7053784886898323E-051  -3.6557075535768089E-050  -2.2647412649957734E-050   2.9153304691866352E-050   6.6158603102671610E-050   3.5963955275088211E-050  -3.5112141488635524E-050  -4.3154972130847977E-050  -9.8789196295408681E-052  -8.4219332070795731E-037   3.0039717056285401E-035   5.2545004986813832E-035  -3.4942951547995535E-035   3.3800172181708984E-035  -6.7060454950521216E-036   6.9764359914411037E-035   1.2594385399553119E-035   5.9936332682937057E-035  -1.4801875770230155E-034  -8.3203096707227856E-050   6.2041272606971054E-038   8.5479487659281396E-050   7.1749839833933049E-050  -6.6030531199663410E-036   4.8509212996989525E-050  -1.2561949596310160E-049   2.7125031895037155E-031  -2.0043936628749995E-031  -3.6235732823127337E-032  -1.3142874485485787E-031  -1.6510626115239341E-062  -6.2141094319104701E-062  -4.2162815762729533E-062   7.3641750985607038E-062   9.1876535175139817E-062   4.2875204620092678E-062  -5.2586989349428075E-062  -6.7415937241458821E-062   1.0924617536436379E-063  -4.1656834714507930E-048  -4.3631130099849908E-047   4.8273917507729188E-047  -3.0548280272618570E-047   4.1797916379320438E-047  -3.4873648426052298E-048   1.1489223940412153E-046   4.8781419145445399E-047   5.3208326060371716E-047  -2.2328882403633334E-046  -1.2020173005373713E-061   8.5479487659281396E-050   1.9415660708239269E-061   1.0562631225782542E-061  -8.0557672351798044E-048   5.8282677148489901E-062  -1.7594425388865154E-061   2.3963147063472705E-032  -1.6846622609931389E-031  -3.7684348799459094E-032  -1.1086288489638338E-031  -5.2961641671044727E-063  -4.3321290812822706E-062  -2.7162835641802465E-062   3.6682498705363805E-062   7.6575669452042172E-062   4.1000109569730666E-062  -4.0979853681574318E-062  -5.0613455077802426E-062  -9.2500513419027746E-064  -1.2403687211515117E-048   2.7204596989079988E-047   5.8629450511016712E-047  -3.8851394240492033E-047   3.8666485806300120E-047  -7.2455918476458368E-048   8.2345382476869247E-047   1.7351019676744703E-047   6.6712134743055569E-047  -1.7289678149781191E-046  -9.6716524985665266E-062   7.1749839833933049E-050   1.0562631225782542E-061   8.3577779561337885E-062  -7.5439921170566495E-048   5.5342130735229598E-062  -1.4553132612443050E-061   3.7092778255186202E-018   1.5510172262727700E-017   3.6790803737415089E-018   1.0218377989392723E-017   2.3880358481192532E-049   3.7301918774971620E-048   2.2608853825720131E-048  -2.6462196097570019E-048  -7.0313824387757739E-048  -3.9186901949236285E-048   3.6795643029847755E-048   4.4844479887331568E-048   1.3860581347921356E-049   4.8644666175204732E-035  -4.3567173164985005E-033  -5.9213650333521426E-033   3.9589667619480247E-033  -3.6624306938023450E-033   7.9217834732617742E-034  -7.1689876414308136E-033  -9.1175545008441887E-034  -6.7796192267018584E-033   1.5489707991580850E-032   8.7793933755480069E-048  -6.6030531199663410E-036  -8.0557672351798044E-048  -7.5439921170566495E-048   7.1697244405109318E-034  -5.2794852445226491E-048   1.3330571107485858E-047  -3.0443410947990416E-032  -1.1394867470645141E-031  -2.7142235797143408E-032  -7.5077662246253332E-032  -1.6201498233602890E-063  -2.7265242606387085E-062  -1.6480584625063305E-062   1.9046481388038331E-062   5.1647403891803045E-062   2.8867142522128637E-062  -2.6982311305479138E-062  -3.2851273374235776E-062  -1.0471381749695441E-063  -3.2200117964193977E-049   3.3007036729448059E-047   4.3785063297512779E-047  -2.9291540221847977E-047   2.6962131489962132E-047  -5.8874139364228932E-048   5.2445935998850201E-047   6.3283446316830987E-048   5.0151984569398595E-047  -1.1356714845866957E-046  -6.4432160879866661E-062   4.8509212996989525E-050   5.8282677148489901E-062   5.5342130735229598E-062  -5.2794852445226491E-048   3.8886289618216584E-062  -9.7899058551752304E-062  -1.0031318642021441E-032   2.9498505238858630E-031   6.7116728086064341E-032   1.9418381307924077E-031   7.9307432685719536E-063   7.4461786387868027E-062   4.6267324916485205E-062  -6.0285567322161219E-062  -1.3398334637930913E-061  -7.2568234054855861E-062   7.1252174435335293E-062   8.7677779345754484E-062   1.9081430060820704E-063   1.8180789908362199E-048  -5.7631731417385859E-047  -1.0548610737857557E-046   7.0090956731431336E-047  -6.8258543825813203E-047   1.3362268628138390E-047  -1.4196175117976247E-046  -2.6680711898061673E-047  -1.2025479625127157E-046   3.0043087978971306E-046   1.6867634388139770E-061  -1.2561949596310160E-049  -1.7594425388865154E-061  -1.4553132612443050E-061   1.3330571107485858E-047  -9.7899058551752304E-062   2.5445862996253824E-061
