  0.96399918373889593        1.2282310153969725E-003   3.4437266503092596E-002   2.6940548587728133E-003  -2.8686612140890926E-020   8.9841510051664156E-020  -8.8460713896859776E-022  -1.6114402354363707E-021   4.2953800516929876E-019   1.5533355114339441E-022   1.5440575699728352E-020  -5.4859733721192574E-019   4.9505257546013325E-022   1.8898810289433295E-019  -1.6834719892803804E-017  -5.4309527433878591E-017  -3.0892220743151341E-016  -1.2200178625139656E-016  -1.0899670019833308E-018   1.0622870611255581E-017   7.4744555718316970E-017   1.3464937823268135E-016   7.7254033141591396E-017   2.0727326769446322E-025   4.5474053191047247E-023   1.9734084265112716E-029   1.5286120746866837E-033   3.2829801586280569E-018  -3.1868810230907305E-032   7.5536194113799342E-025   1.2282310153969725E-003  0.34213747759408225        7.8300885751557539E-002  0.22524863812254875       -3.2216459860380795E-019   3.7580005462069344E-018  -5.9369999161612854E-021   2.7443143127228842E-018  -5.5121077242547872E-017   8.4985929729593571E-020  -1.3606015940639391E-018   2.4541336684018272E-017  -3.8149337234274982E-020  -1.2317644921704606E-017   7.3695050145147742E-017   3.5648332372007499E-017   1.2710618562434001E-017  -2.2499734892421430E-017  -9.1610897504273066E-018  -8.4088865721183773E-017   4.9775861205333276E-017   6.7766210075518302E-017  -3.9131748806880088E-017   1.1037382569099509E-023   5.9922641726728850E-021   1.0474487554462534E-027   2.4641407432997320E-033  -1.2862690472922387E-017  -1.0239795996691517E-030   4.0223324449741669E-023   3.4437266503092596E-002   7.8300885751557539E-002   1.9129999668991982E-002   5.1616748950906240E-002  -7.4705376737212824E-020   8.6275359824722594E-019  -1.3893178565222356E-021   6.2765201731267642E-019  -1.2592666844890503E-017   1.9444400534256432E-020  -3.1066435516011754E-019   5.5939208764261091E-018  -8.7083864533614907E-021  -2.8107281435339183E-018   1.6259838959037696E-017   6.2295800686273182E-018  -8.0383943246114062E-018  -9.4691378928846590E-018  -2.1340426847616379E-018  -1.8857322037401243E-017   1.4033613208913892E-017   2.0271101756568660E-017  -6.2133769161989486E-018   2.5319330526946652E-024   1.3722264042806307E-021   2.4028297202705030E-028   6.1778644408959703E-034  -2.8257707817903222E-018  -2.3534481057668208E-031   9.2270757115092839E-024   2.6940548587728133E-003  0.22524863812254875        5.1616748950906240E-002  0.14829772821010428       -2.1215319642398398E-019   2.4742556791875068E-018  -3.9103545410104612E-021   1.8067163965970950E-018  -3.6288125516060853E-017   5.5950797478995343E-020  -8.9572196918091565E-019   1.6155717997993716E-017  -2.5114650980113493E-020  -8.1089528896644260E-018   4.8484215806000049E-017   2.3362860569536378E-017   7.7638277060721066E-018  -1.5051320869132780E-017  -6.0333359979763432E-018  -5.5339134642604445E-017   3.2916132222620840E-017   4.4877245382127099E-017  -2.5611291784497347E-017   7.2668670992789150E-024   3.9450965406468498E-021   6.8962656947033229E-028   1.6252570098788249E-033  -8.4617322522318742E-018  -6.7419938272127893E-031   2.6482506267697526E-023  -2.8686612140890926E-020  -3.2216459860380795E-019  -7.4705376737212824E-020  -2.1215319642398398E-019   3.0414388482590361E-037  -3.5408010830494374E-036   5.6150713062634951E-039  -2.5837827526054807E-036   5.1885369143565785E-035  -8.0020449352068530E-038   1.2805936279903233E-036  -2.3090509826587096E-035   3.5904253377177277E-038   1.1591920663497738E-035  -6.8904644778070337E-035  -3.2012653938694732E-035  -3.1450082024779024E-036   2.4668133794513317E-035   8.6564834055951882E-036   7.8868037490255706E-035  -4.8999584127133418E-035  -6.7648651964397133E-035   3.4637105894570838E-035  -1.0397843701616524E-041  -5.6431395086271301E-039  -9.8675827317461777E-046  -2.3636941620557756E-051   1.2016733092946747E-035   9.6500812437110030E-049  -3.7892665053144563E-041   8.9841510051664156E-020   3.7580005462069344E-018   8.6275359824722594E-019   2.4742556791875068E-018  -3.5408010830494374E-036   4.1283513186671816E-035  -6.5279731230628474E-038   3.0142339645928893E-035  -6.0539417676970171E-034   9.3346427435879193E-037  -1.4943088962526274E-035   2.6950892370973732E-034  -4.1897808169732831E-037  -1.3527719090606927E-034   8.0810404710916774E-034   3.8724579091080073E-034   1.1514102885839014E-034  -2.5679106548518676E-034  -1.0070812883132154E-034  -9.2275761643499621E-034   5.5263840255723485E-034   7.5498191633163924E-034  -4.2368900348410220E-034   1.2124667846456888E-040   6.5820270649928725E-038   1.1506327470635136E-044   2.7186220998035643E-050  -1.4101870474298385E-034  -1.1249512609477549E-047   4.4185697611809646E-040  -8.8460713896859776E-022  -5.9369999161612854E-021  -1.3893178565222356E-021  -3.9103545410104612E-021   5.6150713062634951E-039  -6.5279731230628474E-038   1.0379593339651282E-040  -4.7610924331273728E-038   9.5593617761716621E-037  -1.4745989729289990E-039   2.3591873345709164E-038  -4.2528761392939304E-037   6.6142700690091574E-040   2.1353522404908828E-037  -1.2634930853477305E-036  -5.6984301420956448E-037   5.6129256208372620E-038   4.9961546573266538E-037   1.5991605394304901E-037   1.4493831056318516E-036  -9.3052083844083967E-037  -1.2962907014391662E-036   6.0973072427468482E-037  -1.9167823257409938E-043  -1.0400326267662848E-040  -1.8190341398038409E-047  -4.4120438056339403E-053   2.2022068148983563E-037   1.7794031361919626E-050  -6.9852935598289393E-043  -1.6114402354363707E-021   2.7443143127228842E-018   6.2765201731267642E-019   1.8067163965970950E-018  -2.5837827526054807E-036   3.0142339645928893E-035  -4.7610924331273728E-038   2.2012518878776232E-035  -4.4213839096807816E-034   6.8168127693183725E-037  -1.0913744809026733E-035   1.9685575627618227E-034  -3.0600665036677581E-037  -9.8803668897284981E-035   5.9131770726693103E-034   2.8658569329050939E-034   1.0562701224554998E-034  -1.7902251648744860E-034  -7.3469323498203762E-035  -6.7461397787016994E-034   3.9836980189532651E-034   5.4196036637677598E-034  -3.1479946750171772E-034   8.8529807056551345E-041   4.8064184488849030E-038   8.4014871517916471E-045   1.9747014070318139E-050  -1.0321234139782926E-034  -8.2130937225455418E-048   3.2262750071670074E-040   4.2953800516929876E-019  -5.5121077242547872E-017  -1.2592666844890503E-017  -3.6288125516060853E-017   5.1885369143565785E-035  -6.0539417676970171E-034   9.5593617761716621E-037  -4.4213839096807816E-034   8.8808536579272389E-033  -1.3692008772730579E-035   2.1921700030046863E-034  -3.9542195272550120E-033   6.1465739267827562E-036   1.9846226507930823E-033  -1.1883989584410973E-032  -5.7786613877240030E-033  -2.2488737163507995E-033   3.5455345259252182E-033   1.4752366465427521E-033   1.3554497500344324E-032  -7.9707571758098819E-033  -1.0830198898600482E-032   6.3548091325702053E-033  -1.7781012738113084E-039  -9.6538596898108467E-037  -1.6874195454583109E-043  -3.9600359337650812E-049   2.0744488351540839E-033   1.6495293359207540E-046  -6.4799008273942827E-039   1.5533355114339441E-022   8.4985929729593571E-020   1.9444400534256432E-020   5.5950797478995343E-020  -8.0020449352068530E-038   9.3346427435879193E-037  -1.4745989729289990E-039   6.8168127693183725E-037  -1.3692008772730579E-035   2.1110274917511935E-038  -3.3797253829337819E-037   6.0960937996190868E-036  -9.4762798499228460E-039  -3.0597025155063739E-036   1.8308287166662428E-035   8.8633963121508435E-036   3.2052775320604262E-036  -5.5699268132658492E-036  -2.2754231743232122E-036  -2.0889120771574377E-035   1.2352591858353576E-035   1.6812044793642359E-035  -9.7322329152826027E-036   2.7416268901223044E-042   1.4884568386236816E-039   2.6018066752087969E-046   6.1184912277387040E-052  -3.1955711577041909E-036  -2.5434910097048251E-049   9.9912589992524919E-042   1.5440575699728352E-020  -1.3606015940639391E-018  -3.1066435516011754E-019  -8.9572196918091565E-019   1.2805936279903233E-036  -1.4943088962526274E-035   2.3591873345709164E-038  -1.0913744809026733E-035   2.1921700030046863E-034  -3.3797253829337819E-037   5.4112262948510633E-036  -9.7608642495470407E-035   1.5172441347708881E-037   4.8989341095806024E-035  -2.9342868781675454E-034  -1.4291293645044340E-034  -5.7061499465926218E-035   8.6905644912577987E-035   3.6409246916044494E-035   3.3463230315154999E-034  -1.9637492974661865E-034  -2.6665670724888804E-034   1.5724970572217801E-034  -4.3889582193053698E-041  -2.3829343060685651E-038  -4.1651245758104581E-045  -9.7672747440462638E-051   5.1222136460482647E-035   4.0715355467392924E-048  -1.5994597391975522E-040  -5.4859733721192574E-019   2.4541336684018272E-017   5.5939208764261091E-018   1.6155717997993716E-017  -2.3090509826587096E-035   2.6950892370973732E-034  -4.2528761392939304E-037   1.9685575627618227E-034  -3.9542195272550120E-033   6.0960937996190868E-036  -9.7608642495470407E-035   1.7607573652892735E-033  -2.7368488031096454E-036  -8.8369205296304774E-034   5.2973998899965816E-033   2.5929904396287874E-033   1.1157923815600080E-033  -1.5333676534545580E-033  -6.5642184702431262E-034  -6.0388645258750251E-033   3.5211465290163218E-033   4.7720613646188204E-033  -2.8580166299386762E-033   7.9159476750831517E-040   4.2980604950950398E-037   7.5122383729919495E-044   1.7574771348050494E-049  -9.2483268341204168E-034  -7.3430883477612221E-047   2.8847938329257129E-039   4.9505257546013325E-022  -3.8149337234274982E-020  -8.7083864533614907E-021  -2.5114650980113493E-020   3.5904253377177277E-038  -4.1897808169732831E-037   6.6142700690091574E-040  -3.0600665036677581E-037   6.1465739267827562E-036  -9.4762798499228460E-039   1.5172441347708881E-037  -2.7368488031096454E-036   4.2541778980763838E-039   1.3736066088192160E-036  -8.2284257589099651E-036  -4.0105838687409321E-036  -1.6198336274795960E-036   2.4288542074451479E-036   1.0207954789675622E-036   9.3833187485640240E-036  -5.5012691667315377E-036  -7.4680142756360330E-036   4.4140458990185580E-036  -1.2305907769946359E-042  -6.6813940793383200E-040  -1.1678315106618564E-046  -2.7376258334312518E-052   1.4364105271613714E-036   1.1415826014413331E-049  -4.4846186837141419E-042   1.8898810289433295E-019  -1.2317644921704606E-017  -2.8107281435339183E-018  -8.1089528896644260E-018   1.1591920663497738E-035  -1.3527719090606927E-034   2.1353522404908828E-037  -9.8803668897284981E-035   1.9846226507930823E-033  -3.0597025155063739E-036   4.8989341095806024E-035  -8.8369205296304774E-034   1.3736066088192160E-036   4.4351668158002141E-034  -2.6573082713033714E-033  -1.2965818231371170E-033  -5.3235274910835332E-034   7.8054141818116114E-034   3.2956213407798777E-034   3.0300130409638969E-033  -1.7739934557243441E-033  -2.4072062148074220E-033   1.4275455940028980E-033  -3.9732765921493345E-040  -2.1572789838327915E-037  -3.7706420803132830E-044  -8.8346419965694071E-050   4.6388839300321135E-034   3.6858527490410266E-047  -1.4479736703596475E-039  -1.6834719892803804E-017   7.3695050145147742E-017   1.6259838959037696E-017   4.8484215806000049E-017  -6.8904644778070337E-035   8.0810404710916774E-034  -1.2634930853477305E-036   5.9131770726693103E-034  -1.1883989584410973E-032   1.8308287166662428E-035  -2.9342868781675454E-034   5.2973998899965816E-033  -8.2284257589099651E-036  -2.6573082713033714E-033   1.6176926151370823E-032   8.6441176337842297E-033   8.2182678080553770E-033  -2.6837263407945301E-033  -1.9545118365764590E-033  -1.8306189106539619E-032   9.3988778351531616E-033   1.2212485102946044E-032  -9.8016416093829789E-033   2.3744344776797635E-039   1.2902847927089639E-036   2.2533294704491863E-043   5.0380859142060272E-049  -2.8296246470638513E-033  -2.2006104493742399E-046   8.6531066403887514E-039  -5.4309527433878591E-017   3.5648332372007499E-017   6.2295800686273182E-018   2.3362860569536378E-017  -3.2012653938694732E-035   3.8724579091080073E-034  -5.6984301420956448E-037   2.8658569329050939E-034  -5.7786613877240030E-033   8.8633963121508435E-036  -1.4291293645044340E-034   2.5929904396287874E-033  -4.0105838687409321E-036  -1.2965818231371170E-033   8.6441176337842297E-033   6.7884329852857002E-033   1.8772000668835281E-032   4.5406552017809871E-033  -8.9482739983018473E-034  -9.3783998507589343E-033   9.7550678515576576E-034  -5.2924742068368445E-034  -8.4477800540033777E-033   1.1405507274087850E-039   6.2299883483484492E-037   1.0823477832601043E-043   1.7092391137330047E-049  -1.5282022790851271E-033  -1.0509944170975536E-046   4.1564874406612249E-039  -3.0892220743151341E-016   1.2710618562434001E-017  -8.0383943246114062E-018   7.7638277060721066E-018  -3.1450082024779024E-036   1.1514102885839014E-034   5.6129256208372620E-038   1.0562701224554998E-034  -2.2488737163507995E-033   3.2052775320604262E-036  -5.7061499465926218E-035   1.1157923815600080E-033  -1.6198336274795960E-036  -5.3235274910835332E-034   8.2182678080553770E-033   1.8772000668835281E-032   9.9498806646420616E-032   3.8240756307128952E-032  -1.5378190738225675E-036  -6.6254173244853136E-033  -2.2049737292590917E-032  -4.0560647742930918E-032  -2.6259312570270199E-032   3.5631230681848111E-040   2.1493612393215759E-037   3.3793617154998619E-044  -3.9555253233430358E-049  -1.5448772112805951E-033  -2.9005446081480349E-047   1.2985022317625935E-039  -1.2200178625139656E-016  -2.2499734892421430E-017  -9.4691378928846590E-018  -1.5051320869132780E-017   2.4668133794513317E-035  -2.5679106548518676E-034   4.9961546573266538E-037  -1.7902251648744860E-034   3.5455345259252182E-033  -5.5699268132658492E-036   8.6905644912577987E-035  -1.5333676534545580E-033   2.4288542074451479E-036   7.8054141818116114E-034  -2.6837263407945301E-033   4.5406552017809871E-033   3.8240756307128952E-032   1.6899565518398160E-032   7.3614792200949088E-034   4.1481702808182762E-033  -1.2704073929996344E-032  -2.1455440355756233E-032  -7.2150604491859570E-033  -7.4704680879934045E-040  -3.9709551482185092E-037  -7.0902892796663700E-044  -3.5425953858237139E-049   4.2482545496555841E-034   7.0904900310184632E-047  -2.7224485364088604E-039  -1.0899670019833308E-018  -9.1610897504273066E-018  -2.1340426847616379E-018  -6.0333359979763432E-018   8.6564834055951882E-036  -1.0070812883132154E-034   1.5991605394304901E-037  -7.3469323498203762E-035   1.4752366465427521E-033  -2.2754231743232122E-036   3.6409246916044494E-035  -6.5642184702431262E-034   1.0207954789675622E-036   3.2956213407798777E-034  -1.9545118365764590E-033  -8.9482739983018473E-034  -1.5378190738225675E-036   7.3614792200949088E-034   2.4645693832981454E-034   2.2395879093173546E-033  -1.4145669615846653E-033  -1.9618959380413071E-033   9.6292574718976456E-034  -2.9572133187369746E-040  -1.6047543354348819E-037  -2.8064055189813191E-044  -6.7646469903019937E-050   3.4076140125497243E-034   2.7449042796133063E-047  -1.0776916540593213E-039   1.0622870611255581E-017  -8.4088865721183773E-017  -1.8857322037401243E-017  -5.5339134642604445E-017   7.8868037490255706E-035  -9.2275761643499621E-034   1.4493831056318516E-036  -6.7461397787016994E-034   1.3554497500344324E-032  -2.0889120771574377E-035   3.3463230315154999E-034  -6.0388645258750251E-033   9.3833187485640240E-036   3.0300130409638969E-033  -1.8306189106539619E-032  -9.3783998507589343E-033  -6.6254173244853136E-033   4.1481702808182762E-033   2.2395879093173546E-033   2.0790755297822437E-032  -1.1388627795778146E-032  -1.5132051043532985E-032   1.0494703517725739E-032  -2.7108136320338689E-039  -1.4724776403279230E-036  -2.5725577266827146E-043  -5.8840121418234971E-049   3.1990573552524434E-033   2.5134916408114776E-046  -9.8789668270308732E-039   7.4744555718316970E-017   4.9775861205333276E-017   1.4033613208913892E-017   3.2916132222620840E-017  -4.8999584127133418E-035   5.5263840255723485E-034  -9.3052083844083967E-037   3.9836980189532651E-034  -7.9707571758098819E-033   1.2352591858353576E-035  -1.9637492974661865E-034   3.5211465290163218E-033  -5.5012691667315377E-036  -1.7739934557243441E-033   9.3988778351531616E-033   9.7550678515576576E-034  -2.2049737292590917E-032  -1.2704073929996344E-032  -1.4145669615846653E-033  -1.1388627795778146E-032   1.3009376885248899E-032   2.0255398849087963E-032   2.9345399103192672E-034   1.6187412020984136E-039   8.7363790928973108E-037   1.5362364596003416E-043   4.7605072783498436E-049  -1.6138149636975613E-033  -1.5115438543135138E-046   5.8991479251308108E-039   1.3464937823268135E-016   6.7766210075518302E-017   2.0271101756568660E-017   4.4877245382127099E-017  -6.7648651964397133E-035   7.5498191633163924E-034  -1.2962907014391662E-036   5.4196036637677598E-034  -1.0830198898600482E-032   1.6812044793642359E-035  -2.6665670724888804E-034   4.7720613646188204E-033  -7.4680142756360330E-036  -2.4072062148074220E-033   1.2212485102946044E-032  -5.2924742068368445E-034  -4.0560647742930918E-032  -2.1455440355756233E-032  -1.9618959380413071E-033  -1.5132051043532985E-032   2.0255398849087963E-032   3.2161992568839233E-032   3.0401051430443525E-033   2.2095182515693943E-039   1.1902119585743156E-036   2.0969241172748425E-043   6.9996062140621919E-049  -2.0835055663039541E-033  -2.0674758719521396E-046   8.0521055413684346E-039   7.7254033141591396E-017  -3.9131748806880088E-017  -6.2133769161989486E-018  -2.5611291784497347E-017   3.4637105894570838E-035  -4.2368900348410220E-034   6.0973072427468482E-037  -3.1479946750171772E-034   6.3548091325702053E-033  -9.7322329152826027E-036   1.5724970572217801E-034  -2.8580166299386762E-033   4.4140458990185580E-036   1.4275455940028980E-033  -9.8016416093829789E-033  -8.4477800540033777E-033  -2.6259312570270199E-032  -7.2150604491859570E-033   9.6292574718976456E-034   1.0494703517725739E-032   2.9345399103192672E-034   3.0401051430443525E-033   1.0689301666570804E-032  -1.2489335181434757E-039  -6.8343743102648432E-037  -1.1851879638923831E-043  -1.5981975225821727E-049   1.7384436743886903E-033   1.1485352413232161E-046  -4.5514647966738039E-039   2.0727326769446322E-025   1.1037382569099509E-023   2.5319330526946652E-024   7.2668670992789150E-024  -1.0397843701616524E-041   1.2124667846456888E-040  -1.9167823257409938E-043   8.8529807056551345E-041  -1.7781012738113084E-039   2.7416268901223044E-042  -4.3889582193053698E-041   7.9159476750831517E-040  -1.2305907769946359E-042  -3.9732765921493345E-040   2.3744344776797635E-039   1.1405507274087850E-039   3.5631230681848111E-040  -7.4704680879934045E-040  -2.9572133187369746E-040  -2.7108136320338689E-039   1.6187412020984136E-039   2.2095182515693943E-039  -1.2489335181434757E-039   3.5609600663698681E-046   1.9331509196783976E-043   3.3793559221064449E-050   7.9757684584899699E-056  -4.1437244937400161E-040  -3.3038567395465838E-053   1.2977139390015120E-045   4.5474053191047247E-023   5.9922641726728850E-021   1.3722264042806307E-021   3.9450965406468498E-021  -5.6431395086271301E-039   6.5820270649928725E-038  -1.0400326267662848E-040   4.8064184488849030E-038  -9.6538596898108467E-037   1.4884568386236816E-039  -2.3829343060685651E-038   4.2980604950950398E-037  -6.6813940793383200E-040  -2.1572789838327915E-037   1.2902847927089639E-036   6.2299883483484492E-037   2.1493612393215759E-037  -3.9709551482185092E-037  -1.6047543354348819E-037  -1.4724776403279230E-036   8.7363790928973108E-037   1.1902119585743156E-036  -6.8343743102648432E-037   1.9331509196783976E-043   1.0495030816920694E-040   1.8345623949832415E-047   4.3195231232795666E-053  -2.2519697734855974E-037  -1.7934884198397412E-050   7.0449453179181451E-043   1.9734084265112716E-029   1.0474487554462534E-027   2.4028297202705030E-028   6.8962656947033229E-028  -9.8675827317461777E-046   1.1506327470635136E-044  -1.8190341398038409E-047   8.4014871517916471E-045  -1.6874195454583109E-043   2.6018066752087969E-046  -4.1651245758104581E-045   7.5122383729919495E-044  -1.1678315106618564E-046  -3.7706420803132830E-044   2.2533294704491863E-043   1.0823477832601043E-043   3.3793617154998619E-044  -7.0902892796663700E-044  -2.8064055189813191E-044  -2.5725577266827146E-043   1.5362364596003416E-043   2.0969241172748425E-043  -1.1851879638923831E-043   3.3793559221064449E-050   1.8345623949832415E-047   3.2070133476578253E-054   7.5691132037556308E-060  -3.9323768170658402E-044  -3.1353653538321666E-057   1.2315322843356725E-049   1.5286120746866837E-033   2.4641407432997320E-033   6.1778644408959703E-034   1.6252570098788249E-033  -2.3636941620557756E-051   2.7186220998035643E-050  -4.4120438056339403E-053   1.9747014070318139E-050  -3.9600359337650812E-049   6.1184912277387040E-052  -9.7672747440462638E-051   1.7574771348050494E-049  -2.7376258334312518E-052  -8.8346419965694071E-050   5.0380859142060272E-049   1.7092391137330047E-049  -3.9555253233430358E-049  -3.5425953858237139E-049  -6.7646469903019937E-050  -5.8840121418234971E-049   4.7605072783498436E-049   6.9996062140621919E-049  -1.5981975225821727E-049   7.9757684584899699E-056   4.3195231232795666E-053   7.5691132037556308E-060   2.0143177494890621E-065  -8.7391089982590738E-050  -7.4193473504751356E-063   2.9065942060843668E-055   3.2829801586280569E-018  -1.2862690472922387E-017  -2.8257707817903222E-018  -8.4617322522318742E-018   1.2016733092946747E-035  -1.4101870474298385E-034   2.2022068148983563E-037  -1.0321234139782926E-034   2.0744488351540839E-033  -3.1955711577041909E-036   5.1222136460482647E-035  -9.2483268341204168E-034   1.4364105271613714E-036   4.6388839300321135E-034  -2.8296246470638513E-033  -1.5282022790851271E-033  -1.5448772112805951E-033   4.2482545496555841E-034   3.4076140125497243E-034   3.1990573552524434E-033  -1.6138149636975613E-033  -2.0835055663039541E-033   1.7384436743886903E-033  -4.1437244937400161E-040  -2.2519697734855974E-037  -3.9323768170658402E-044  -8.7391089982590738E-050   4.9507128924726777E-034   3.8399244830049896E-047  -1.5100896769602508E-039  -3.1868810230907305E-032  -1.0239795996691517E-030  -2.3534481057668208E-031  -6.7419938272127893E-031   9.6500812437110030E-049  -1.1249512609477549E-047   1.7794031361919626E-050  -8.2130937225455418E-048   1.6495293359207540E-046  -2.5434910097048251E-049   4.0715355467392924E-048  -7.3430883477612221E-047   1.1415826014413331E-049   3.6858527490410266E-047  -2.2006104493742399E-046  -1.0509944170975536E-046  -2.9005446081480349E-047   7.0904900310184632E-047   2.7449042796133063E-047   2.5134916408114776E-046  -1.5115438543135138E-046  -2.0674758719521396E-046   1.1485352413232161E-046  -3.3038567395465838E-053  -1.7934884198397412E-050  -3.1353653538321666E-057  -7.4193473504751356E-063   3.8399244830049896E-047   3.0654821227935533E-060  -1.2040182600797286E-052   7.5536194113799342E-025   4.0223324449741669E-023   9.2270757115092839E-024   2.6482506267697526E-023  -3.7892665053144563E-041   4.4185697611809646E-040  -6.9852935598289393E-043   3.2262750071670074E-040  -6.4799008273942827E-039   9.9912589992524919E-042  -1.5994597391975522E-040   2.8847938329257129E-039  -4.4846186837141419E-042  -1.4479736703596475E-039   8.6531066403887514E-039   4.1564874406612249E-039   1.2985022317625935E-039  -2.7224485364088604E-039  -1.0776916540593213E-039  -9.8789668270308732E-039   5.8991479251308108E-039   8.0521055413684346E-039  -4.5514647966738039E-039   1.2977139390015120E-045   7.0449453179181451E-043   1.2315322843356725E-049   2.9065942060843668E-055  -1.5100896769602508E-039  -1.2040182600797286E-052   4.7292343527895686E-045
