  0.98378720007758558        1.7891016233433128E-006   1.8046645740154257E-002   1.8896956133482765E-003   3.9541327415328288E-019   2.1348804524930199E-020  -2.1947197502503753E-021   2.1455144107736664E-019   3.3165979190602263E-020  -5.6583863121169021E-022  -2.7453219714048087E-020   3.6219987535723231E-022   5.0847724507486987E-023  -1.3113619501526029E-026  -1.1947233568007178E-024   4.4473563746660558E-017   1.1605023974706005E-019   6.0134146637121363E-018   1.5792232605507371E-026   1.0004118059892021E-024   4.2848122250877660E-017  -4.3500302398366007E-020  -5.2863279435182513E-018   3.5775594124570646E-036   3.5313461412495687E-029   3.1076941148232744E-038  -8.4497483264881157E-037  -4.5485721067204727E-035   4.8362289590303064E-038   5.2214873540708053E-035   1.7891016233433128E-006  0.31659116822792255       0.12829997625150966       0.17885322469658546        3.1773577554388865E-017  -1.2998237531551330E-017  -1.4071348699479171E-018   1.3101158329033777E-016  -5.6294386075650484E-017  -5.7132035348712254E-018   7.2988107837845348E-017  -2.6371871885731876E-017  -2.8721199742542673E-018   3.3148146433255940E-027  -8.9006685616246214E-024   2.3867014086990607E-017   9.2438406776638634E-019   1.0918814189552082E-017  -3.9919050484458514E-027  -2.2281261136373824E-023   1.7709437547748452E-017   2.7718567974796021E-018  -1.9002126473692720E-017  -1.8485816638899664E-032   8.6598802358780787E-024  -1.3685518267006617E-032   2.6445227345981561E-033   2.7428589718057683E-032  -1.4772036126260615E-034  -3.2563169253604781E-032   1.8046645740154257E-002  0.12829997625150966        5.2325156939093398E-002   7.2515707971920293E-002   1.2883633242168324E-017  -5.2672005026730957E-018  -5.7028776480055579E-019   5.3096947684511075E-017  -2.2812935634601429E-017  -2.3153108801600549E-018   2.9578243541528388E-017  -1.0687308767004922E-017  -1.1639381382742492E-018   1.1027957222684606E-027  -3.6289497109620930E-024   1.0488003616974950E-017   3.7673939728187959E-019   4.5352027591732237E-018  -1.3280548944092349E-027  -9.0112267997421578E-024   7.9628030406750709E-018   1.1225090440874887E-018  -7.7976629233221554E-018  -7.4913917096652274E-033   3.5094546562989925E-024  -5.5461150381055573E-033   1.0716888032820177E-033   1.1114720534651237E-032  -5.9863429684917709E-035  -1.3195407716256261E-032   1.8896956133482765E-003  0.17885322469658546        7.2515707971920293E-002  0.10104395551108881        1.7950744042047455E-017  -7.3431096974695706E-018  -7.9494301622019673E-019   7.4013353652742701E-017  -3.1802567920097454E-017  -3.2275859291013565E-018   4.1233435498989643E-017  -1.4898375225454803E-017  -1.6225590916391733E-018   1.8474769450061344E-027  -5.0305869220699766E-024   1.3568676554414603E-017   5.2243909356684535E-019   6.1799576550515910E-018  -2.2248461338575402E-027  -1.2585528854173748E-023   1.0086929604186082E-017   1.5658335657739463E-018  -1.0745102440644951E-017  -1.0443265671643980E-032   4.8922637547390720E-024  -7.7314191090809082E-033   1.4939800717089913E-033   1.5495264783312151E-032  -8.3452211289741730E-035  -1.8395952142825965E-032   3.9541327415328288E-019   3.1773577554388865E-017   1.2883633242168324E-017   1.7950744042047455E-017   3.1890039948866368E-033  -1.3045145444268938E-033  -1.4122310266634240E-034   1.3148610304087870E-032  -5.6497778918880130E-033  -5.7338612595435335E-034   7.3251877924742181E-033  -2.6467214997898631E-033  -2.8825036000401936E-034   3.2741153923043510E-043  -8.9376477052552192E-040   2.4131973900613455E-033   9.2819230401473491E-035   1.0982448669701845E-033  -3.9428924902484290E-043  -2.2357797429784156E-039   1.7945605163702072E-033   2.7817033759586767E-034  -1.9092064219360471E-033  -1.8552635678519112E-048   8.6911892107922895E-040  -1.3734996610086502E-048   2.6540803175152998E-049   2.7527571993455256E-048  -1.4825423349156118E-050  -3.2680687995593108E-048   2.1348804524930199E-020  -1.2998237531551330E-017  -5.2672005026730957E-018  -7.3431096974695706E-018  -1.3045145444268938E-033   5.3366721363244859E-034   5.7772484007062801E-035  -5.3789188578416974E-033   2.3112711476914891E-033   2.3456615467128865E-034  -2.9966627308886990E-033   1.0827461181733286E-033   1.1792021336496509E-034  -1.3638141590245658E-043   3.6540743977144349E-040  -9.7893610267716189E-034  -3.7949775262370837E-035  -4.4816122299684073E-034   1.6423894583409280E-043   9.1482028367448173E-040  -7.2616077231629567E-034  -1.1380466881638668E-034   7.8005243289121586E-034   7.5896956432950379E-049  -3.5554744317320929E-040   5.6188433467693686E-049  -1.0857580387497626E-049  -1.1261326111762872E-048   6.0649344510890102E-051   1.3369424432735354E-048  -2.1947197502503753E-021  -1.4071348699479171E-018  -5.7028776480055579E-019  -7.9494301622019673E-019  -1.4122310266634240E-034   5.7772484007062801E-035   6.2542176782126018E-036  -5.8230025401552990E-034   2.5020840129334328E-034   2.5393153995727558E-035  -3.2440605527742519E-034   1.1721356715084666E-034   1.2765549152441999E-035  -1.4704020203339848E-044   3.9562953967219628E-041  -1.0617922421029055E-034  -4.1088155602547690E-036  -4.8543602752300684E-035   1.7707491609025297E-044   9.9030037912384149E-041  -7.8807378863093508E-035  -1.2319818499620416E-035   8.4469427674265522E-035   8.2162856110423769E-050  -3.8490080150044047E-041   6.0827249219586234E-050  -1.1753958804059365E-050  -1.2191020085458357E-049   6.5656423038077352E-052   1.4473156125944747E-049   2.1455144107736664E-019   1.3101158329033777E-016   5.3096947684511075E-017   7.4013353652742701E-017   1.3148610304087870E-032  -5.3789188578416974E-033  -5.8230025401552990E-034   5.4215187883638278E-032  -2.3295704638555822E-032  -2.3642348637354063E-033   3.0203892627177796E-032  -1.0913193423059824E-032  -1.1885390951289666E-033   1.3688847260659513E-042  -3.6835294177338806E-039   9.8863002745644290E-033   3.8255332764203242E-034   4.5197245988994708E-033  -1.6484957491441697E-042  -9.2202017898415861E-039   7.3378220770288520E-033   1.1470387994538334E-033  -7.8645984159940407E-033  -7.6497896845537787E-048   3.5836268782230632E-039  -5.6633336264102446E-048   1.0943547581521568E-048   1.1350474007633013E-047  -6.1129548042969793E-050  -1.3475261421139525E-047   3.3165979190602263E-020  -5.6294386075650484E-017  -2.2812935634601429E-017  -3.1802567920097454E-017  -5.6497778918880130E-033   2.3112711476914891E-033   2.5020840129334328E-034  -2.3295704638555822E-032   1.0009938944853919E-032   1.0158883508082806E-033  -1.2978318519810293E-032   4.6892917174270128E-033   5.1070354335550683E-034  -5.8986724740756582E-043   1.5826240573187126E-039  -4.2423788723134865E-033  -1.6436460765581291E-034  -1.9413148768244310E-033   7.1035466419828824E-043   3.9619573248096822E-039  -3.1475300222823084E-033  -4.9287681170095227E-034   3.3786668416191280E-033   3.2870396994785272E-048  -1.5398491506979197E-039   2.4334786546598287E-048  -4.7023356307326023E-049  -4.8771926252463403E-048   2.6266770563500734E-050   5.7901936958403044E-048  -5.6583863121169021E-022  -5.7132035348712254E-018  -2.3153108801600549E-018  -3.2275859291013565E-018  -5.7338612595435335E-034   2.3456615467128865E-034   2.5393153995727558E-035  -2.3642348637354063E-033   1.0158883508082806E-033   1.0310045888259919E-034  -1.3171432205523362E-033   4.7590674254843792E-034   5.1830270786811557E-035  -5.9812025738682243E-044   1.6062209347504571E-040  -4.3072820438648671E-034  -1.6681495817580892E-035  -1.9704415848655658E-034   7.2029344984574639E-044   4.0208704748191000E-040  -3.1960770998870292E-034  -5.0020898151990052E-035   3.4291520006926721E-034   3.3359500495635661E-049  -1.5627617993822820E-040   2.4696883289145321E-049  -4.7723051063846016E-050  -4.9497624578184692E-049   2.6657612921253789E-051   5.8763485327356496E-049  -2.7453219714048087E-020   7.2988107837845348E-017   2.9578243541528388E-017   4.1233435498989643E-017   7.3251877924742181E-033  -2.9966627308886990E-033  -3.2440605527742519E-034   3.0203892627177796E-032  -1.2978318519810293E-032  -1.3171432205523362E-033   1.6826951192134719E-032  -6.0798696452590948E-033  -6.6214924496788864E-034   7.6458116461867957E-043  -2.0519594633973631E-039   5.5011306724563284E-033   2.1310766113696773E-034   2.5170937892723457E-033  -9.2075598167560166E-043  -5.1368333233256517E-039   4.0815860677160646E-033   6.3903542920588570E-034  -4.3806713251956399E-033  -4.2617891676546810E-048   1.9964810647725665E-039  -3.1551103893781696E-048   6.0967815155469002E-049   6.3234905909306556E-048  -3.4056004023110187E-050  -7.5072358847223627E-048   3.6219987535723231E-022  -2.6371871885731876E-017  -1.0687308767004922E-017  -1.4898375225454803E-017  -2.6467214997898631E-033   1.0827461181733286E-033   1.1721356715084666E-034  -1.0913193423059824E-032   4.6892917174270128E-033   4.7590674254843792E-034  -6.0798696452590948E-033   2.1967625652174558E-033   2.3924602962389385E-034  -2.7612906899695779E-043   7.4142022271974491E-040  -1.9880861636672611E-033  -7.7000629086529892E-035  -9.0952815031020282E-034   3.3253172293390843E-043   1.8560174373688485E-039  -1.4751642362525712E-033  -2.3089418418420535E-034   1.5828640389570300E-033   1.5398584598512410E-048  -7.2136330715386457E-040   1.1399962180415196E-048  -2.2028730393070264E-049  -2.2847866085730820E-048   1.2305025664584295E-050   2.7124942909077598E-048   5.0847724507486987E-023  -2.8721199742542673E-018  -1.1639381382742492E-018  -1.6225590916391733E-018  -2.8825036000401936E-034   1.1792021336496509E-034   1.2765549152441999E-035  -1.1885390951289666E-033   5.1070354335550683E-034   5.1830270786811557E-035  -6.6214924496788864E-034   2.3924602962389385E-034   2.6055916828417610E-035  -3.0072943847395062E-044   8.0746921382616991E-041  -2.1651888852779978E-034  -8.3860186459942475E-036  -9.9055241173293662E-035   3.6215701112508144E-044   2.0213601383005798E-040  -1.6065736976333956E-034  -2.5146330700661382E-035   1.7238722480239775E-034   1.6770361468278216E-049  -7.8562567426085340E-041   1.2415523337256798E-049  -2.3991151204519218E-050  -2.4883259321802836E-049   1.3401214052279969E-051   2.9541357863171467E-049  -1.3113619501526029E-026   3.3148146433255940E-027   1.1027957222684606E-027   1.8474769450061344E-027   3.2741153923043510E-043  -1.3638141590245658E-043  -1.4704020203339848E-044   1.3688847260659513E-042  -5.8986724740756582E-043  -5.9812025738682243E-044   7.6458116461867957E-043  -2.7612906899695779E-043  -3.0072943847395062E-044   2.0950873983876990E-052  -7.7268260797269693E-050  -3.4292416321301945E-043   8.1317569500537620E-045   3.4167113207225024E-044  -2.5230339739806849E-052  -2.4662912023594607E-049  -3.8572976769967505E-043   2.9602317949302379E-044  -1.2849457028155250E-043  -1.9360171819800837E-058   9.0672002865935058E-050  -1.4329336516295344E-058   2.7700493555196317E-059   2.8779482043836985E-058  -1.5473370121060436E-060  -3.4164565762104665E-058  -1.1947233568007178E-024  -8.9006685616246214E-024  -3.6289497109620930E-024  -5.0305869220699766E-024  -8.9376477052552192E-040   3.6540743977144349E-040   3.9562953967219628E-041  -3.6835294177338806E-039   1.5826240573187126E-039   1.6062209347504571E-040  -2.0519594633973631E-039   7.4142022271974491E-040   8.0746921382616991E-041  -7.7268260797269693E-050   2.5168484822999872E-046  -7.2500588672322872E-040  -2.6129125664977585E-041  -3.1427476849231661E-040   9.3051224140786657E-050   6.2520208267283343E-046  -5.4991747328257075E-040  -7.7875352038800381E-041   5.4064663310699585E-040   5.1970720578797055E-055  -2.4346452542006949E-046   3.8475558616941921E-055  -7.4347272208735549E-056  -7.7107406598633722E-055   4.1529619055609668E-057   9.1541982485940512E-055   4.4473563746660558E-017   2.3867014086990607E-017   1.0488003616974950E-017   1.3568676554414603E-017   2.4131973900613455E-033  -9.7893610267716189E-034  -1.0617922421029055E-034   9.8863002745644290E-033  -4.2423788723134865E-033  -4.3072820438648671E-034   5.5011306724563284E-033  -1.9880861636672611E-033  -2.1651888852779978E-034  -3.4292416321301945E-043  -7.2500588672322872E-040   3.8097557362540427E-033   7.4932967944707545E-035   1.0949837556729358E-033   4.1297051137397811E-043  -1.6344977316162784E-039   3.2720727808940809E-033   2.0699613345652585E-034  -1.6714933918534225E-033  -1.3934328986658780E-048   6.5284603402473166E-040  -1.0317119945447771E-048   1.9932506205336224E-049   2.0657093308807565E-048  -1.1134043497537578E-050  -2.4524868911800676E-048   1.1605023974706005E-019   9.2438406776638634E-019   3.7673939728187959E-019   5.2243909356684535E-019   9.2819230401473491E-035  -3.7949775262370837E-035  -4.1088155602547690E-036   3.8255332764203242E-034  -1.6436460765581291E-034  -1.6681495817580892E-035   2.1310766113696773E-034  -7.7000629086529892E-035  -8.3860186459942475E-036   8.1317569500537620E-045  -2.6129125664977585E-041   7.4932967944707545E-035   2.7127084037412699E-036   3.2590113885421479E-035  -9.7927652416448528E-045  -6.4938888080661172E-041   5.6762324309526999E-035   8.0881447309568062E-036  -5.6106028413668958E-035  -5.3974521695283931E-050   2.5285148839784152E-041  -3.9959014230399843E-050   7.7213858596187908E-051   8.0080714375240777E-050  -4.3130865579911022E-052  -9.5071881579754962E-050   6.0134146637121363E-018   1.0918814189552082E-017   4.5352027591732237E-018   6.1799576550515910E-018   1.0982448669701845E-033  -4.4816122299684073E-034  -4.8543602752300684E-035   4.5197245988994708E-033  -1.9413148768244310E-033  -1.9704415848655658E-034   2.5170937892723457E-033  -9.0952815031020282E-034  -9.9055241173293662E-035   3.4167113207225024E-044  -3.1427476849231661E-040   1.0949837556729358E-033   3.2590113885421479E-035   4.1333191856172516E-034  -4.1146153368595965E-044  -7.6233573546215246E-040   8.7268179441911244E-034   9.5331716415887784E-035  -6.8767019557398684E-034  -6.3752906591076851E-049   2.9866782880480205E-040  -4.7199491407481302E-049   9.1200864663692963E-050   9.4569711058288663E-049  -5.0943808129883396E-051  -1.1227407158831321E-048   1.5792232605507371E-026  -3.9919050484458514E-027  -1.3280548944092349E-027  -2.2248461338575402E-027  -3.9428924902484290E-043   1.6423894583409280E-043   1.7707491609025297E-044  -1.6484957491441697E-042   7.1035466419828824E-043   7.2029344984574639E-044  -9.2075598167560166E-043   3.3253172293390843E-043   3.6215701112508144E-044  -2.5230339739806849E-052   9.3051224140786657E-050   4.1297051137397811E-043  -9.7927652416448528E-045  -4.1146153368595965E-044   3.0383937389722139E-052   2.9700605798456070E-049   4.6451967084089345E-043  -3.5648944264637831E-044   1.5474111798003995E-043   2.3314717696765930E-058  -1.0919284030617526E-049   1.7256274312488110E-058  -3.3358649567353380E-059  -3.4658034316872412E-058   1.8633990418469756E-060   4.1143085577442948E-058   1.0004118059892021E-024  -2.2281261136373824E-023  -9.0112267997421578E-024  -1.2585528854173748E-023  -2.2357797429784156E-039   9.1482028367448173E-040   9.9030037912384149E-041  -9.2202017898415861E-039   3.9619573248096822E-039   4.0208704748191000E-040  -5.1368333233256517E-039   1.8560174373688485E-039   2.0213601383005798E-040  -2.4662912023594607E-049   6.2520208267283343E-046  -1.6344977316162784E-039  -6.4938888080661172E-041  -7.6233573546215246E-040   2.9700605798456070E-049   1.5691428013409724E-045  -1.2027888481826708E-039  -1.9512381480782619E-040   1.3319679085083025E-039   1.3010106873810569E-054  -6.0947075186042254E-046   9.6316850185201530E-055  -1.8611883217945564E-055  -1.9304337167901463E-054   1.0396410624561315E-056   2.2918054003515002E-054   4.2848122250877660E-017   1.7709437547748452E-017   7.9628030406750709E-018   1.0086929604186082E-017   1.7945605163702072E-033  -7.2616077231629567E-034  -7.8807378863093508E-035   7.3378220770288520E-033  -3.1475300222823084E-033  -3.1960770998870292E-034   4.0815860677160646E-033  -1.4751642362525712E-033  -1.6065736976333956E-034  -3.8572976769967505E-043  -5.4991747328257075E-040   3.2720727808940809E-033   5.6762324309526999E-035   8.7268179441911244E-034   4.6451967084089345E-043  -1.2027888481826708E-039   2.8568378087244592E-033   1.5315648090907666E-034  -1.2931754768563201E-033  -1.0338969535378250E-048   4.8441471439927637E-040  -7.6553410344638980E-049   1.4789153204903818E-049   1.5323092104293826E-048  -8.2610205308429417E-051  -1.8192323380553671E-048  -4.3500302398366007E-020   2.7718567974796021E-018   1.1225090440874887E-018   1.5658335657739463E-018   2.7817033759586767E-034  -1.1380466881638668E-034  -1.2319818499620416E-035   1.1470387994538334E-033  -4.9287681170095227E-034  -5.0020898151990052E-035   6.3903542920588570E-034  -2.3089418418420535E-034  -2.5146330700661382E-035   2.9602317949302379E-044  -7.7875352038800381E-041   2.0699613345652585E-034   8.0881447309568062E-036   9.5331716415887784E-035  -3.5648944264637831E-044  -1.9512381480782619E-040   1.5315648090907666E-034   2.4270416443212430E-035  -1.6613586061112160E-034  -1.6184939193564791E-049   7.5820018045150463E-041  -1.1982108839611511E-049   2.3153679242427333E-050   2.4014808254109323E-049  -1.2933411210755443E-051  -2.8510326530121852E-049  -5.2863279435182513E-018  -1.9002126473692720E-017  -7.7976629233221554E-018  -1.0745102440644951E-017  -1.9092064219360471E-033   7.8005243289121586E-034   8.4469427674265522E-035  -7.8645984159940407E-033   3.3786668416191280E-033   3.4291520006926721E-034  -4.3806713251956399E-033   1.5828640389570300E-033   1.7238722480239775E-034  -1.2849457028155250E-043   5.4064663310699585E-040  -1.6714933918534225E-033  -5.6106028413668958E-035  -6.8767019557398684E-034   1.5474111798003995E-043   1.3319679085083025E-039  -1.2931754768563201E-033  -1.6613586061112160E-034   1.1689317578344217E-033   1.1095178808247800E-048  -5.1977481631123077E-040   8.2141825367944970E-049  -1.5872234495282369E-049  -1.6460468305662652E-048   8.8660631675097770E-051   1.9541932441354630E-048   3.5775594124570646E-036  -1.8485816638899664E-032  -7.4913917096652274E-033  -1.0443265671643980E-032  -1.8552635678519112E-048   7.5896956432950379E-049   8.2162856110423769E-050  -7.6497896845537787E-048   3.2870396994785272E-048   3.3359500495635661E-049  -4.2617891676546810E-048   1.5398584598512410E-048   1.6770361468278216E-049  -1.9360171819800837E-058   5.1970720578797055E-055  -1.3934328986658780E-048  -5.3974521695283931E-050  -6.3752906591076851E-049   2.3314717696765930E-058   1.3010106873810569E-054  -1.0338969535378250E-048  -1.6184939193564791E-049   1.1095178808247800E-048   1.0793902529961331E-063  -5.0565200244678926E-055   7.9909993332007879E-064  -1.5441417289604683E-064  -1.6015605776678579E-063   8.6254192930000100E-066   1.9013696479936636E-063   3.5313461412495687E-029   8.6598802358780787E-024   3.5094546562989925E-024   4.8922637547390720E-024   8.6911892107922895E-040  -3.5554744317320929E-040  -3.8490080150044047E-041   3.5836268782230632E-039  -1.5398491506979197E-039  -1.5627617993822820E-040   1.9964810647725665E-039  -7.2136330715386457E-040  -7.8562567426085340E-041   9.0672002865935058E-050  -2.4346452542006949E-046   6.5284603402473166E-040   2.5285148839784152E-041   2.9866782880480205E-040  -1.0919284030617526E-049  -6.0947075186042254E-046   4.8441471439927637E-040   7.5820018045150463E-041  -5.1977481631123077E-040  -5.0565200244678926E-055   2.3687813567124406E-046  -3.7434698454175526E-055   7.2336983670877253E-056   7.5026825140784681E-055  -4.0406706362369535E-057  -8.9071703309037480E-055   3.1076941148232744E-038  -1.3685518267006617E-032  -5.5461150381055573E-033  -7.7314191090809082E-033  -1.3734996610086502E-048   5.6188433467693686E-049   6.0827249219586234E-050  -5.6633336264102446E-048   2.4334786546598287E-048   2.4696883289145321E-049  -3.1551103893781696E-048   1.1399962180415196E-048   1.2415523337256798E-049  -1.4329336516295344E-058   3.8475558616941921E-055  -1.0317119945447771E-048  -3.9959014230399843E-050  -4.7199491407481302E-049   1.7256274312488110E-058   9.6316850185201530E-055  -7.6553410344638980E-049  -1.1982108839611511E-049   8.2141825367944970E-049   7.9909993332007879E-064  -3.7434698454175526E-055   5.9159391997162949E-064  -1.1431672091308569E-064  -1.1856757385816608E-063   6.3856162365503193E-066   1.4076319689346371E-063  -8.4497483264881157E-037   2.6445227345981561E-033   1.0716888032820177E-033   1.4939800717089913E-033   2.6540803175152998E-049  -1.0857580387497626E-049  -1.1753958804059365E-050   1.0943547581521568E-048  -4.7023356307326023E-049  -4.7723051063846016E-050   6.0967815155469002E-049  -2.2028730393070264E-049  -2.3991151204519218E-050   2.7700493555196317E-059  -7.4347272208735549E-056   1.9932506205336224E-049   7.7213858596187908E-051   9.1200864663692963E-050  -3.3358649567353380E-059  -1.8611883217945564E-055   1.4789153204903818E-049   2.3153679242427333E-050  -1.5872234495282369E-049  -1.5441417289604683E-064   7.2336983670877253E-056  -1.1431672091308569E-064   2.2090005766480262E-065   2.2911422994996761E-064  -1.2339253477060220E-066  -2.7200397403393865E-064  -4.5485721067204727E-035   2.7428589718057683E-032   1.1114720534651237E-032   1.5495264783312151E-032   2.7527571993455256E-048  -1.1261326111762872E-048  -1.2191020085458357E-049   1.1350474007633013E-047  -4.8771926252463403E-048  -4.9497624578184692E-049   6.3234905909306556E-048  -2.2847866085730820E-048  -2.4883259321802836E-049   2.8779482043836985E-058  -7.7107406598633722E-055   2.0657093308807565E-048   8.0080714375240777E-050   9.4569711058288663E-049  -3.4658034316872412E-058  -1.9304337167901463E-054   1.5323092104293826E-048   2.4014808254109323E-049  -1.6460468305662652E-048  -1.6015605776678579E-063   7.5026825140784681E-055  -1.1856757385816608E-063   2.2911422994996761E-064   2.3763398343808448E-063  -1.2798088864387337E-065  -2.8211860235676139E-063   4.8362289590303064E-038  -1.4772036126260615E-034  -5.9863429684917709E-035  -8.3452211289741730E-035  -1.4825423349156118E-050   6.0649344510890102E-051   6.5656423038077352E-052  -6.1129548042969793E-050   2.6266770563500734E-050   2.6657612921253789E-051  -3.4056004023110187E-050   1.2305025664584295E-050   1.3401214052279969E-051  -1.5473370121060436E-060   4.1529619055609668E-057  -1.1134043497537578E-050  -4.3130865579911022E-052  -5.0943808129883396E-051   1.8633990418469756E-060   1.0396410624561315E-056  -8.2610205308429417E-051  -1.2933411210755443E-051   8.8660631675097770E-051   8.6254192930000100E-066  -4.0406706362369535E-057   6.3856162365503193E-066  -1.2339253477060220E-066  -1.2798088864387337E-065   6.8925820112377054E-068   1.5193866532992931E-065   5.2214873540708053E-035  -3.2563169253604781E-032  -1.3195407716256261E-032  -1.8395952142825965E-032  -3.2680687995593108E-048   1.3369424432735354E-048   1.4473156125944747E-049  -1.3475261421139525E-047   5.7901936958403044E-048   5.8763485327356496E-049  -7.5072358847223627E-048   2.7124942909077598E-048   2.9541357863171467E-049  -3.4164565762104665E-058   9.1541982485940512E-055  -2.4524868911800676E-048  -9.5071881579754962E-050  -1.1227407158831321E-048   4.1143085577442948E-058   2.2918054003515002E-054  -1.8192323380553671E-048  -2.8510326530121852E-049   1.9541932441354630E-048   1.9013696479936636E-063  -8.9071703309037480E-055   1.4076319689346371E-063  -2.7200397403393865E-064  -2.8211860235676139E-063   1.5193866532992931E-065   3.3493065562944800E-063
