  0.98378720007758269        1.7891016206708335E-006   1.8046645740155891E-002   1.8896956133490279E-003   6.6612599563510031E-020   1.8786558026995190E-020  -5.1338180962293632E-020   3.0814587683131387E-020   5.3017015745060044E-021  -2.2439276251131118E-020  -2.5105433953852387E-021  -2.1448587299052194E-021   3.0107321159381131E-021   1.1893211549633999E-023  -8.5401900670481163E-021  -3.6840411705673687E-016  -8.7923285203400010E-020   5.5246329966262714E-018  -1.4322541781578324E-023   9.7151072533327468E-021  -5.5288528604826249E-017   2.2340134392516990E-019  -4.3547796212045170E-018   4.6733335482720104E-036   2.8972995809153936E-028  -9.0360905716017907E-035  -1.1186955400916666E-035   2.8598989446813060E-035   1.4341560103578515E-036   1.0139449254217636E-035   1.7891016206708335E-006  0.31659116822792105       0.12829997625150869       0.17885322469658685        4.3303986716287374E-018   2.2819569725013740E-019   1.1290366400265117E-017   4.7055121044568400E-018   1.8227990198529059E-018  -4.3555742689117261E-018   4.1178153859632104E-018  -2.4286104952274041E-019   4.8000595989606741E-017  -1.7917723131405093E-026  -1.3426657468166214E-021   4.1020274073723468E-018  -1.2202967562565430E-020   1.0957809035168353E-017   2.1577631669067490E-026   2.1723787341587208E-021  -3.1196196731600663E-018  -1.1807219688372638E-020  -1.9639795928213224E-017   5.5727781591848611E-032   3.7350454988258903E-025  -1.4730448962034078E-033   5.9986893029052093E-032   3.1978202607733879E-035   1.4612354698707075E-033   9.3525595576565753E-033   1.8046645740155891E-002  0.12829997625150869        5.2325156939092968E-002   7.2515707971920709E-002   1.7561347311825700E-018   9.2821903394791542E-020   4.5745282179865033E-018   1.9074944217670602E-018   7.3879445592027431E-019  -1.7655269658419105E-018   1.6687164853207668E-018  -9.8459837012095021E-020   1.9452504847281329E-017   2.1089971737489282E-025  -7.0077653033392684E-022  -5.0953891981878708E-018  -6.5581102204140142E-021   4.5420397122363915E-018  -2.5397849867708100E-025   1.0585731941548200E-021  -2.2784144163923146E-018  -6.8700524474692446E-022  -8.0389935478452900E-018   2.2584010809673027E-032   1.5136965269257321E-025  -5.9861534899676771E-034   2.4309743253698195E-032   1.3483905576929792E-035   5.9219831619817002E-034   3.7903512977717477E-033   1.8896956133490279E-003  0.17885322469658685        7.2515707971920709E-002  0.10104395551109085        2.4465187797567498E-018   1.2895165122923801E-019   6.3782170808057017E-018   2.6583645122898632E-018   1.0297719313721156E-018  -2.4606565346746684E-018   2.3262904791935411E-018  -1.3720466336365516E-019   2.7117190581125878E-017   1.2710374093641940E-026  -7.7491352715980786E-022   1.6101100760633932E-018  -7.0626714080898252E-021   6.2010488141265500E-018  -1.5306619516179353E-026   1.2459025005777174E-021  -1.8685237588779147E-018  -6.2414155880266559E-021  -1.1103555414083052E-017   3.1482546236830905E-032   2.1100610093706089E-025  -8.3234711546839934E-034   3.3888634077866596E-032   1.8120489279170644E-035   8.2550484255193485E-034   5.2836014851578232E-033   6.6612599563510031E-020   4.3303986716287374E-018   1.7561347311825700E-018   2.4465187797567498E-018   5.9236584686354514E-035   3.1225788526212670E-036   1.5442845882718932E-034   6.4365039698205085E-035   2.4932975502363532E-035  -5.9577951745736715E-035   5.6324148525802402E-035  -3.3220481294785618E-036   6.5656214283372971E-034   5.5991569198005015E-043  -1.8943302877464683E-038   3.1172750646567053E-035  -1.7286580991208872E-037   1.5025708377382596E-034  -6.7428514653742941E-043   3.0371811149484185E-038  -4.6413025631421367E-035  -1.4638052682294907E-037  -2.6893188860500261E-034   7.6225627557348748E-049   5.1088909997037029E-042  -2.0154724560502195E-050   8.2051219671358818E-049   4.3934011236073243E-052   1.9987173767777593E-050   1.2792690286801484E-049   1.8786558026995190E-020   2.2819569725013740E-019   9.2821903394791542E-020   1.2895165122923801E-019   3.1225788526212670E-036   1.6483984180782413E-037   8.1369998693950234E-036   3.3922732054396874E-036   1.3139560509762467E-036  -3.1398816816652056E-036   2.9680311072545671E-036  -1.7509270638980019E-037   3.4598394176362027E-035   2.1418417298921404E-043  -1.1308533263809330E-039  -4.0779219133357424E-036  -1.0474655603545929E-038   8.0037682656424144E-036  -2.5793384350295375E-043   1.7513367943757171E-039  -3.3043159552152517E-036  -4.2447076812194722E-039  -1.4239317091601017E-035   4.0168101957639999E-050   2.6922377650921809E-043  -1.0634810628564942E-051   4.3237722896324273E-050   2.3595653463410941E-053   1.0532709067267055E-051   6.7414225020401148E-051  -5.1338180962293632E-020   1.1290366400265117E-017   4.5745282179865033E-018   6.3782170808057017E-018   1.5442845882718932E-034   8.1369998693950234E-036   4.0264301887135262E-034   1.6780773378756278E-034   6.5004912787504714E-035  -1.5532858632936063E-034   1.4685086336974763E-034  -8.6608694491376636E-036   1.7118110839033786E-033  -1.2603965255326390E-042  -4.7436319960030314E-038   1.6553647599787406E-034  -4.3059187356883151E-037   3.9049192180122492E-034   1.5178475404192157E-042   7.6964397935069807E-038  -1.0836401059813475E-034  -4.3274502564299125E-037  -7.0017259202229419E-034   1.9873801416276840E-048   1.3320012956338574E-041  -5.2527435048188533E-050   2.1392706434614561E-048   1.1389217084873337E-051   5.2110930186739781E-050   3.3353317443706744E-049   3.0814587683131387E-020   4.7055121044568400E-018   1.9074944217670602E-018   2.6583645122898632E-018   6.4365039698205085E-035   3.3922732054396874E-036   1.6780773378756278E-034   6.9939251090656231E-035   2.7092528595410247E-035  -6.4737843572412979E-035   6.1203239327238122E-035  -3.6097243392780502E-036   7.1343560800124266E-034   1.0589048766772054E-043  -2.0223383786520421E-038   4.9439312747594807E-035  -1.8412497479077719E-037   1.6303941741936828E-034  -1.2751988204054988E-043   3.2592223302523911E-038  -4.8097355411240242E-035  -1.6849992906870616E-037  -2.9204365792488090E-034   8.2828524713804471E-049   5.5514278558860429E-042  -2.1896775666085754E-050   8.9158815970654616E-049   4.7618881081894097E-052   2.1718468512561889E-050   1.3900792744453461E-049   5.3017015745060044E-021   1.8227990198529059E-018   7.3879445592027431E-019   1.0297719313721156E-018   2.4932975502363532E-035   1.3139560509762467E-036   6.5004912787504714E-035   2.7092528595410247E-035   1.0494939879933517E-035  -2.5077688429537522E-035   2.3708638421148720E-035  -1.3983034822980283E-036   2.7636729248254513E-034  -3.9193864124343583E-044  -7.7764398766789294E-039   2.1636251923886370E-035  -7.0732467643076657E-038   6.3120178054596368E-035   4.7199678081879362E-044   1.2559898274824173E-038  -1.8258835191578504E-035  -6.6779426007432279E-038  -1.1310112084733257E-034   3.2085719148250089E-049   2.1504839222479406E-042  -8.4816599971708372E-051   3.4537928143359076E-049   1.8427088559610705E-052   8.4131879774445436E-051   5.3848165335361521E-050  -2.2439276251131118E-020  -4.3555742689117261E-018  -1.7655269658419105E-018  -2.4606565346746684E-018  -5.9577951745736715E-035  -3.1398816816652056E-036  -1.5532858632936063E-034  -6.4737843572412979E-035  -2.5077688429537522E-035   5.9923304242271683E-035  -5.6651714457601884E-035   3.3412643997759201E-036  -6.6037906779099387E-034  -2.4468486057535000E-044   1.8666606269637304E-038  -4.8040825097294238E-035   1.6988832086207615E-037  -1.5088039679291896E-034   2.9466466011175679E-044  -3.0108338752325602E-038   4.4178566461367112E-035   1.5735049277641414E-037   2.7029813086840597E-034  -7.6668760016844962E-049  -5.1385794826808335E-042   2.0267805374333802E-050  -8.2528292268047052E-049  -4.4059891825991854E-052  -2.0103308422495152E-050  -1.2867017340615128E-049  -2.5105433953852387E-021   4.1178153859632104E-018   1.6687164853207668E-018   2.3262904791935411E-018   5.6324148525802402E-035   2.9680311072545671E-036   1.4685086336974763E-034   6.1203239327238122E-035   2.3708638421148720E-035  -5.6651714457601884E-035   5.3559313463689043E-035  -3.1588222254221360E-036   6.2433071514279624E-034  -2.6368277166020736E-043  -1.7441693054001810E-038   5.4302807995146058E-035  -1.5849423408782316E-037   1.4251101868081841E-034   3.1754312100014043E-043   2.8230518582924897E-038  -4.0433646779139862E-035  -1.5414868758628861E-037  -2.5543827862622925E-034   7.2483611654462544E-049   4.8580715511335457E-042  -1.9159262395046497E-050   7.8023326377703195E-049   4.1585814252312353E-052   1.9005889429407905E-050   1.2164617742049085E-049  -2.1448587299052194E-021  -2.4286104952274041E-019  -9.8459837012095021E-020  -1.3720466336365516E-019  -3.3220481294785618E-036  -1.7509270638980019E-037  -8.6608694491376636E-036  -3.6097243392780502E-036  -1.3983034822980283E-036   3.3412643997759201E-036  -3.1588222254221360E-036   1.8630642246199272E-037  -3.6821864218993200E-035  -1.2168149555458079E-044   1.0485831501162951E-039  -2.3440336288764140E-036   9.5526172866557701E-039  -8.4179095210144983E-036   1.4653639152488242E-044  -1.6876262845975253E-039   2.5135625264413716E-036   8.5707166422009332E-039   1.5075421386870727E-035  -4.2749488582142332E-050  -2.8652064393100441E-043   1.1301880466314043E-051  -4.6016671689478130E-050  -2.4593191050085063E-053  -1.1209351333858728E-051  -7.1744875268213273E-051   3.0107321159381131E-021   4.8000595989606741E-017   1.9452504847281329E-017   2.7117190581125878E-017   6.5656214283372971E-034   3.4598394176362027E-035   1.7118110839033786E-033   7.1343560800124266E-034   2.7636729248254513E-034  -6.6037906779099387E-034   6.2433071514279624E-034  -3.6821864218993200E-035   7.2777052836603166E-033  -2.6835129424439980E-042  -2.0359470332079138E-037   6.2091113091036171E-034  -1.8504218895973870E-036   1.6614052683728719E-033   3.2316524497323965E-042   3.2939655023381070E-037  -4.7314126291411549E-034  -1.7895528721942271E-036  -2.9777386209514305E-033   8.4492778127781271E-048   5.6629631689056275E-041  -2.2333886629427496E-049   9.0950313709484725E-048   4.8485180580232080E-051   2.2154810914214729E-049   1.4180068389173116E-048   1.1893211549633999E-023  -1.7917723131405093E-026   2.1089971737489282E-025   1.2710374093641940E-026   5.5991569198005015E-043   2.1418417298921404E-043  -1.2603965255326390E-042   1.0589048766772054E-043  -3.9193864124343583E-044  -2.4468486057535000E-044  -2.6368277166020736E-043  -1.2168149555458079E-044  -2.6835129424439980E-042   1.4378056655925504E-046  -1.0316808405841341E-043  -4.4539477705327725E-039  -1.0622317310593444E-042   6.6167543090692695E-041  -1.7314946121405761E-046   1.1732489162430810E-043  -6.6821795205010190E-040   2.7014151683706284E-042  -5.1532981142487244E-041  -3.1012673791517974E-057  -1.7661690435124929E-050  -1.0089233557991073E-057  -3.5343444627261336E-057   3.4392721964415029E-058  -6.5461769638992651E-059  -4.0737637336130334E-058  -8.5401900670481163E-021  -1.3426657468166214E-021  -7.0077653033392684E-022  -7.7491352715980786E-022  -1.8943302877464683E-038  -1.1308533263809330E-039  -4.7436319960030314E-038  -2.0223383786520421E-038  -7.7764398766789294E-039   1.8666606269637304E-038  -1.7441693054001810E-038   1.0485831501162951E-039  -2.0359470332079138E-037  -1.0316808405841341E-043   7.9830936410811665E-041   3.1806918217522400E-036   8.1500769413976886E-040  -9.4430542968012687E-038   1.2424139504165157E-043  -9.3549082780382544E-041   4.9318572619592362E-037  -1.8892562795476798E-039   1.2109508592020340E-037  -2.3637981482096842E-052  -1.5865326670878389E-045   7.0315394566308600E-054  -2.5430485052392791E-052  -3.8388392160496328E-055  -6.2094897551202474E-054  -3.9751842945939800E-053  -3.6840411705673687E-016   4.1020274073723468E-018  -5.0953891981878708E-018   1.6101100760633932E-018   3.1172750646567053E-035  -4.0779219133357424E-036   1.6553647599787406E-034   4.9439312747594807E-035   2.1636251923886370E-035  -4.8040825097294238E-035   5.4302807995146058E-035  -2.3440336288764140E-036   6.2091113091036171E-034  -4.4539477705327725E-039   3.1806918217522400E-036   1.3801145026989441E-031   3.2766972556925058E-035  -1.9268373623126400E-033   5.3637196959122784E-039  -3.6099172160548785E-036   2.0663768753660943E-032  -8.3811325047491416E-035   1.3762463493848299E-033   7.2042494104098850E-049   4.7317397822647007E-042   1.4748785923533030E-050   7.8155795296773135E-049  -1.0295214266245745E-050   1.8399059331330496E-050   1.1740262108932920E-049  -8.7923285203400010E-020  -1.2202967562565430E-020  -6.5581102204140142E-021  -7.0626714080898252E-021  -1.7286580991208872E-037  -1.0474655603545929E-038  -4.3059187356883151E-037  -1.8412497479077719E-037  -7.0732467643076657E-038   1.6988832086207615E-037  -1.5849423408782316E-037   9.5526172866557701E-039  -1.8504218895973870E-036  -1.0622317310593444E-042   8.1500769413976886E-040   3.2766972556925058E-035   8.3282522395404056E-039  -9.1611041257225756E-037   1.2792052244529296E-042  -9.5199338155536233E-040   5.0615006454939407E-036  -1.9510765418105004E-038   1.1461997847557743E-036  -2.1484099940127919E-051  -1.4422392004879726E-044   6.4853342021845495E-053  -2.3111572996283150E-051  -3.7885340370724152E-054  -5.6450576761923664E-053  -3.6139471676359127E-052   5.5246329966262714E-018   1.0957809035168353E-017   4.5420397122363915E-018   6.2010488141265500E-018   1.5025708377382596E-034   8.0037682656424144E-036   3.9049192180122492E-034   1.6303941741936828E-034   6.3120178054596368E-035  -1.5088039679291896E-034   1.4251101868081841E-034  -8.4179095210144983E-036   1.6614052683728719E-033   6.6167543090692695E-041  -9.4430542968012687E-038  -1.9268373623126400E-033  -9.1611041257225756E-037   4.1029401612724144E-034  -7.9683052516626138E-041   1.2974630965237463E-037  -4.1845488081892390E-034   8.4586669144549771E-037  -7.0422400392130041E-034   1.9288666221168708E-048   1.2929302164078018E-041  -5.1492208386709886E-050   2.0761931883440279E-048   1.2674249817796591E-051   5.0584084084162029E-050   3.2376611987259335E-049  -1.4322541781578324E-023   2.1577631669067490E-026  -2.5397849867708100E-025  -1.5306619516179353E-026  -6.7428514653742941E-043  -2.5793384350295375E-043   1.5178475404192157E-042  -1.2751988204054988E-043   4.7199678081879362E-044   2.9466466011175679E-044   3.1754312100014043E-043   1.4653639152488242E-044   3.2316524497323965E-042  -1.7314946121405761E-046   1.2424139504165157E-043   5.3637196959122784E-039   1.2792052244529296E-042  -7.9683052516626138E-041   2.0851730269377349E-046  -1.4128989930898974E-043   8.0470943424299986E-040  -3.2532114187078808E-042   6.2059206839323003E-041   3.7347382099761303E-057   2.1269301242536430E-050   1.2150079780837349E-057   4.2562764503623785E-057  -4.1417845403809352E-058   7.8833116424249627E-059   4.9058785374709594E-058   9.7151072533327468E-021   2.1723787341587208E-021   1.0585731941548200E-021   1.2459025005777174E-021   3.0371811149484185E-038   1.7513367943757171E-039   7.6964397935069807E-038   3.2592223302523911E-038   1.2559898274824173E-038  -3.0108338752325602E-038   2.8230518582924897E-038  -1.6876262845975253E-039   3.2939655023381070E-037   1.1732489162430810E-043  -9.3549082780382544E-041  -3.6099172160548785E-036  -9.5199338155536233E-040   1.2974630965237463E-037  -1.4128989930898974E-043   1.1084488564628732E-040  -5.6739122395169317E-037   2.1251149878820239E-039  -1.7776716774910347E-037   3.8243477997367880E-052   2.5657460973057448E-045  -1.0999958796849499E-053   4.1150300159308380E-052   5.0184631458266215E-055   1.0040756374144745E-053   6.4274807008861790E-053  -5.5288528604826249E-017  -3.1196196731600663E-018  -2.2784144163923146E-018  -1.8685237588779147E-018  -4.6413025631421367E-035  -3.3043159552152517E-036  -1.0836401059813475E-034  -4.8097355411240242E-035  -1.8258835191578504E-035   4.4178566461367112E-035  -4.0433646779139862E-035   2.5135625264413716E-036  -4.7314126291411549E-034  -6.6821795205010190E-040   4.9318572619592362E-037   2.0663768753660943E-032   5.0615006454939407E-036  -4.1845488081892390E-034   8.0470943424299986E-040  -5.6739122395169317E-037   3.1379358350308333E-033  -1.2438738672981400E-035   4.3825714328448281E-034  -5.4937423222284082E-049  -3.6965957107157871E-042   1.9592844905137378E-050  -5.9044988308298297E-049  -1.9223496357148046E-051  -1.4478827634532765E-050  -9.2724926234872606E-050   2.2340134392516990E-019  -1.1807219688372638E-020  -6.8700524474692446E-022  -6.2414155880266559E-021  -1.4638052682294907E-037  -4.2447076812194722E-039  -4.3274502564299125E-037  -1.6849992906870616E-037  -6.6779426007432279E-038   1.5735049277641414E-037  -1.5414868758628861E-037   8.5707166422009332E-039  -1.7895528721942271E-036   2.7014151683706284E-042  -1.8892562795476798E-039  -8.3811325047491416E-035  -1.9510765418105004E-038   8.4586669144549771E-037  -3.2532114187078808E-042   2.1251149878820239E-039  -1.2438738672981400E-035   5.1171025060869653E-038  -2.5640827562669723E-037  -2.0773694568699711E-051  -1.3864482184815308E-044   3.4419445479667853E-053  -2.2398194417273015E-051   5.3016828580792879E-054  -5.4172758256084347E-053  -3.4651179750792448E-052  -4.3547796212045170E-018  -1.9639795928213224E-017  -8.0389935478452900E-018  -1.1103555414083052E-017  -2.6893188860500261E-034  -1.4239317091601017E-035  -7.0017259202229419E-034  -2.9204365792488090E-034  -1.1310112084733257E-034   2.7029813086840597E-034  -2.5543827862622925E-034   1.5075421386870727E-035  -2.9777386209514305E-033  -5.1532981142487244E-041   1.2109508592020340E-037   1.3762463493848299E-033   1.1461997847557743E-036  -7.0422400392130041E-034   6.2059206839323003E-041  -1.7776716774910347E-037   4.3825714328448281E-034  -2.5640827562669723E-037   1.2376342878510684E-033  -3.4571032788542101E-048  -2.3171701977370731E-041   9.1780572061337731E-050  -3.7212477907546893E-048  -2.1103648682568892E-051  -9.0654343906101586E-050  -5.8023253522359225E-049   4.6733335482720104E-036   5.5727781591848611E-032   2.2584010809673027E-032   3.1482546236830905E-032   7.6225627557348748E-049   4.0168101957639999E-050   1.9873801416276840E-048   8.2828524713804471E-049   3.2085719148250089E-049  -7.6668760016844962E-049   7.2483611654462544E-049  -4.2749488582142332E-050   8.4492778127781271E-048  -3.1012673791517974E-057  -2.3637981482096842E-052   7.2042494104098850E-049  -2.1484099940127919E-051   1.9288666221168708E-048   3.7347382099761303E-057   3.8243477997367880E-052  -5.4937423222284082E-049  -2.0773694568699711E-051  -3.4571032788542101E-048   9.8094513016420780E-063   6.5745928729890405E-056  -2.5929229623238496E-064   1.0559158916663014E-062   5.6290717537026253E-066   2.5721315466551311E-064   1.6462790589464874E-063   2.8972995809153936E-028   3.7350454988258903E-025   1.5136965269257321E-025   2.1100610093706089E-025   5.1088909997037029E-042   2.6922377650921809E-043   1.3320012956338574E-041   5.5514278558860429E-042   2.1504839222479406E-042  -5.1385794826808335E-042   4.8580715511335457E-042  -2.8652064393100441E-043   5.6629631689056275E-041  -1.7661690435124929E-050  -1.5865326670878389E-045   4.7317397822647007E-042  -1.4422392004879726E-044   1.2929302164078018E-041   2.1269301242536430E-050   2.5657460973057448E-045  -3.6965957107157871E-042  -1.3864482184815308E-044  -2.3171701977370731E-041   6.5745928729890405E-056   4.4064929601611681E-049  -1.7378796031415910E-057   7.0770693125331346E-056   3.7735263735038712E-059   1.7239212056364018E-057   1.1033865856031695E-056  -9.0360905716017907E-035  -1.4730448962034078E-033  -5.9861534899676771E-034  -8.3234711546839934E-034  -2.0154724560502195E-050  -1.0634810628564942E-051  -5.2527435048188533E-050  -2.1896775666085754E-050  -8.4816599971708372E-051   2.0267805374333802E-050  -1.9159262395046497E-050   1.1301880466314043E-051  -2.2333886629427496E-049  -1.0089233557991073E-057   7.0315394566308600E-054   1.4748785923533030E-050   6.4853342021845495E-053  -5.1492208386709886E-050   1.2150079780837349E-057  -1.0999958796849499E-053   1.9592844905137378E-050   3.4419445479667853E-053   9.1780572061337731E-050  -2.5929229623238496E-064  -1.7378796031415910E-057   6.8621256600824615E-066  -2.7910775900320450E-064  -1.5141570162932517E-067  -6.7990112385344488E-066  -4.3516796378837792E-065  -1.1186955400916666E-035   5.9986893029052093E-032   2.4309743253698195E-032   3.3888634077866596E-032   8.2051219671358818E-049   4.3237722896324273E-050   2.1392706434614561E-048   8.9158815970654616E-049   3.4537928143359076E-049  -8.2528292268047052E-049   7.8023326377703195E-049  -4.6016671689478130E-050   9.0950313709484725E-048  -3.5343444627261336E-057  -2.5430485052392791E-052   7.8155795296773135E-049  -2.3111572996283150E-051   2.0761931883440279E-048   4.2562764503623785E-057   4.1150300159308380E-052  -5.9044988308298297E-049  -2.2398194417273015E-051  -3.7212477907546893E-048   1.0559158916663014E-062   7.0770693125331346E-056  -2.7910775900320450E-064   1.1366164754917681E-062   6.0588138088861344E-066   2.7687118065597978E-064   1.7720991885547132E-063   2.8598989446813060E-035   3.1978202607733879E-035   1.3483905576929792E-035   1.8120489279170644E-035   4.3934011236073243E-052   2.3595653463410941E-053   1.1389217084873337E-051   4.7618881081894097E-052   1.8427088559610705E-052  -4.4059891825991854E-052   4.1585814252312353E-052  -2.4593191050085063E-053   4.8485180580232080E-051   3.4392721964415029E-058  -3.8388392160496328E-055  -1.0295214266245745E-050  -3.7885340370724152E-054   1.2674249817796591E-051  -4.1417845403809352E-058   5.0184631458266215E-055  -1.9223496357148046E-051   5.3016828580792879E-054  -2.1103648682568892E-051   5.6290717537026253E-066   3.7735263735038712E-059  -1.5141570162932517E-067   6.0588138088861344E-066   4.0614211472558408E-069   1.4763774746256713E-067   9.4497542843852032E-067   1.4341560103578515E-036   1.4612354698707075E-033   5.9219831619817002E-034   8.2550484255193485E-034   1.9987173767777593E-050   1.0532709067267055E-051   5.2110930186739781E-050   2.1718468512561889E-050   8.4131879774445436E-051  -2.0103308422495152E-050   1.9005889429407905E-050  -1.1209351333858728E-051   2.2154810914214729E-049  -6.5461769638992651E-059  -6.2094897551202474E-054   1.8399059331330496E-050  -5.6450576761923664E-053   5.0584084084162029E-050   7.8833116424249627E-059   1.0040756374144745E-053  -1.4478827634532765E-050  -5.4172758256084347E-053  -9.0654343906101586E-050   2.5721315466551311E-064   1.7239212056364018E-057  -6.7990112385344488E-066   2.7687118065597978E-064   1.4763774746256713E-067   6.7443756080012902E-066   4.3167017149028743E-065   1.0139449254217636E-035   9.3525595576565753E-033   3.7903512977717477E-033   5.2836014851578232E-033   1.2792690286801484E-049   6.7414225020401148E-051   3.3353317443706744E-049   1.3900792744453461E-049   5.3848165335361521E-050  -1.2867017340615128E-049   1.2164617742049085E-049  -7.1744875268213273E-051   1.4180068389173116E-048  -4.0737637336130334E-058  -3.9751842945939800E-053   1.1740262108932920E-049  -3.6139471676359127E-052   3.2376611987259335E-049   4.9058785374709594E-058   6.4274807008861790E-053  -9.2724926234872606E-050  -3.4651179750792448E-052  -5.8023253522359225E-049   1.6462790589464874E-063   1.1033865856031695E-056  -4.3516796378837792E-065   1.7720991885547132E-063   9.4497542843852032E-067   4.3167017149028743E-065   2.7628819688729917E-064
