  0.98378720098967343        1.7786461510865321E-006   1.8046640608313715E-002   1.8896892968046275E-003   9.0619600499136375E-019   5.7161455939923634E-019  -5.7052306851166877E-019  -1.3468071570302426E-018  -5.2101506985914211E-017  -3.6325770614179513E-018  -1.1895170614274106E-019  -1.9175799385780283E-018  -2.9964696641158937E-019  -2.3293446892598844E-036   1.6304275005427951E-018  -1.4994115287550952E-017   1.5671519870553384E-017  -1.8329561775107352E-018   2.7601869323497852E-036  -1.9522191352066618E-018   3.9514011049352636E-018  -4.3927157873721384E-018   1.5518280594081009E-018  -1.1241039116701757E-021   2.3671018954313734E-020   2.7065488075175062E-022   6.8020516675966012E-022  -9.3165210131250262E-022  -1.0708136768993850E-022  -2.4816115452733349E-021   1.7786461510865321E-006  0.31659110121870104       0.12829995475954467       0.17885324800107757        6.5646974630217929E-018  -4.4088907925258272E-017  -4.1572647449623752E-018   1.5392318997716139E-017  -1.8062352457745102E-016  -8.4627665939570912E-018   2.6312738247373433E-018  -8.2941675555994754E-017  -7.5307133063591393E-018  -1.8570016143760579E-035   6.7046875456589038E-019   1.0037611186076466E-017   3.2355062405780424E-017   3.4054829641156911E-017  -3.7941119625245255E-035   3.5877531424117176E-019   1.1084204108597325E-018  -3.8867154612439889E-017  -5.3970073679847664E-017  -6.8377995737599699E-020   1.8377744745535475E-018  -1.9292344892573488E-020   3.3715893972837835E-020  -6.7737137476977449E-020  -6.8796717304672329E-021  -1.3517356528845629E-019   1.8046640608313715E-002  0.12829995475954467        5.2325150491535119E-002   7.2515720606581541E-002   2.6769948680168620E-018  -1.7856736582946669E-017  -1.6952149227695394E-018   6.2130993787369071E-018  -7.4154184150634073E-017  -3.4962065171672155E-018   1.0641532046614239E-018  -3.3647649903282738E-017  -3.0573508734698239E-018  -7.5683077982299017E-036   3.0161782920789329E-019   3.7927438351660447E-018   1.3399497552357559E-017   1.3767245483990344E-017  -1.5325172933026056E-035   1.0958508502785353E-019   5.2167399762125289E-019  -1.5831660600412968E-017  -2.1843141659026517E-017  -2.7731100268244449E-020   7.4520031204556781E-019  -7.8133420540338904E-021   1.3675990042219129E-020  -2.7467859463547920E-020  -2.7899811486685100E-021  -5.4825196833091907E-020   1.8896892968046275E-003  0.17885324800107757        7.2515720606581541E-002  0.10104400322658585        3.7103639920541891E-018  -2.4906249032335245E-017  -2.3496776956306456E-018   8.6930668661661355E-018  -1.0214049073837000E-016  -4.7878829156898093E-018   1.4862690736265531E-018  -4.6860297786450032E-017  -4.2549352384222280E-018  -1.0495315218978128E-035   3.8190106090293885E-019   5.6418072935524014E-018   1.8308578274327621E-017   1.9235230208838526E-017  -2.1428949502895797E-035   1.9893667333058888E-019   6.3377090175357493E-019  -2.1965830855996248E-017  -3.0486578928158698E-017  -3.8631248867593313E-020   1.0382677006642823E-018  -1.0898392165220850E-020   1.9048578538974651E-020  -3.8268836437202320E-020  -3.8867696831658039E-021  -7.6368978633825088E-020   9.0619600499136375E-019   6.5646974630217929E-018   2.6769948680168620E-018   3.7103639920541891E-018   1.3695741107923770E-034  -9.1368197114751947E-034  -8.6728744057519476E-035   3.1792791965834545E-034  -3.7933214140496969E-033  -1.7882619916969479E-034   5.4451387769001682E-035  -1.7216088957584401E-033  -1.5642960897573640E-034  -3.8720534637815267E-052   1.5404324156780670E-035   1.9432458516713625E-034   6.8533546850867246E-034   7.0445786142474286E-034  -7.8418822033207793E-052   5.6412347533340572E-036   2.6623331481064143E-035  -8.0997856622506710E-034  -1.1176706730884368E-033  -1.4188918798559206E-036   3.8129097983926959E-035  -3.9978840176782482E-037   6.9974469269344757E-037  -1.4054260548508042E-036  -1.4275252235028838E-037  -2.8051862427689558E-036   5.7161455939923634E-019  -4.4088907925258272E-017  -1.7856736582946669E-017  -2.4906249032335245E-017  -9.1368197114751947E-034   6.1402137787600914E-033   5.7861472641367888E-034  -2.1443382377583421E-033   2.5123592711438974E-032   1.1764248609199425E-033  -3.6650393001748407E-034   1.1549456304737469E-032   1.0485632350656841E-033   2.5847317828616082E-051  -9.2422648513462586E-035  -1.4065673142708641E-033  -4.4967005175436226E-033  -4.7435875395079445E-033   5.2853365749279160E-051  -5.1098338755982023E-035  -1.5206324334019243E-034   5.4101395853900710E-033   7.5168481962135804E-033   9.5217596081340923E-036  -2.5591722257233755E-034   2.6868356152777399E-036  -4.6949260287730699E-036   9.4326246815203104E-036   9.5801023220904888E-037   1.8823012710766278E-035  -5.7052306851166877E-019  -4.1572647449623752E-018  -1.6952149227695394E-018  -2.3496776956306456E-018  -8.6728744057519476E-035   5.7861472641367888E-034   5.4921282013399331E-035  -2.0134067704264123E-034   2.4020417002537955E-033   1.1323395767405401E-034  -3.4483157005587350E-035   1.0902469099624371E-033   9.9062082701711233E-035   2.4519988796192930E-052  -9.7496370407040568E-036  -1.2311212154431945E-034  -4.3395309222950234E-034  -4.4612243210081787E-034   4.9661690408546904E-052  -3.5791038516426047E-036  -1.6846462989049139E-035   5.1292495874726773E-034   7.0779919385736749E-034   8.9854621781639296E-037  -2.4146158591011809E-035   2.5317728477322241E-037  -4.4312914053080632E-037   8.9001929039900698E-037   9.0401368777104240E-038   1.7764484189124290E-036  -1.3468071570302426E-018   1.5392318997716139E-017   6.2130993787369071E-018   8.6930668661661355E-018   3.1792791965834545E-034  -2.1443382377583421E-033  -2.0134067704264123E-034   7.5020202170259446E-034  -8.7103913052278436E-033  -4.0647735274331989E-034   1.2809258055242746E-034  -4.0299103987468663E-033  -3.6572499937838521E-034  -8.9966528100154875E-052   3.0365272560292493E-035   5.0854624199195026E-034   1.5516128727816302E-033   1.6582189520237000E-033  -1.8484356858253448E-051   2.0116037362525369E-035   4.8480391920125416E-035  -1.8836655479202728E-033  -2.6260919711565831E-033  -3.3229261707129592E-036   8.9318225668526491E-035  -9.3834376830807747E-037   1.6382995164653708E-036  -3.2920318100212539E-036  -3.3433569255382575E-037  -6.5685969184036984E-036  -5.2101506985914211E-017  -1.8062352457745102E-016  -7.4154184150634073E-017  -1.0214049073837000E-016  -3.7933214140496969E-033   2.5123592711438974E-032   2.4020417002537955E-033  -8.7103913052278436E-033   1.0580965247213589E-031   5.0206057654636927E-033  -1.4949103525301946E-033   4.7421929362160977E-032   4.3123361993541588E-033   1.0718035625092495E-050  -4.6886579076739152E-034  -4.9326424265465823E-033  -1.9289351564567969E-032  -1.9332091405874225E-032   2.1500215274572980E-050  -1.0130283425273017E-034  -8.4164525473207997E-034   2.2407353585507696E-032   3.0709142696227490E-032   3.9070950702520495E-035  -1.0497515752449664E-033   1.0992449244590154E-035  -1.9271814602733494E-035   3.8695132375441691E-035   3.9307020007970443E-036   7.7251447096364094E-035  -3.6325770614179513E-018  -8.4627665939570912E-018  -3.4962065171672155E-018  -4.7878829156898093E-018  -1.7882619916969479E-034   1.1764248609199425E-033   1.1323395767405401E-034  -4.0647735274331989E-034   5.0206057654636927E-033   2.3963013690962535E-034  -6.9897059071310941E-035   2.2241847742407163E-033   2.0240903893601160E-034   5.0499380615640814E-052  -2.3942402544184375E-035  -2.1295004643239536E-034  -9.2274484138058224E-034  -9.0354770783130548E-034   1.0040079740260915E-051  -2.3820199894196428E-036  -4.4219185469155136E-035   1.0551730397943360E-033   1.4369378232455848E-033   1.8319549115155129E-036  -4.9212739156746591E-035   5.1470207056113775E-037  -9.0376723851247090E-037   1.8141135958175429E-036   1.8429509406662758E-037   3.6224719904704225E-036  -1.1895170614274106E-019   2.6312738247373433E-018   1.0641532046614239E-018   1.4862690736265531E-018   5.4451387769001682E-035  -3.6650393001748407E-034  -3.4483157005587350E-035   1.2809258055242746E-034  -1.4949103525301946E-033  -6.9897059071310941E-035   2.1883610999292301E-035  -6.8911875102037277E-034  -6.2553554205983804E-035  -1.5405873247189681E-052   5.3752838760864307E-036   8.5238488326475309E-035   2.6701654039567731E-034   2.8326052912338015E-034  -3.1567266075729975E-052   3.2179545237766427E-036   8.7345497223709361E-036  -3.2250420786495062E-034  -4.4874749829106556E-034  -5.6817203234750455E-037   1.5271376914498906E-035  -1.6037661183592022E-037   2.8013963415906710E-037  -5.6286895910838886E-037  -5.7165858446896319E-038  -1.1231638689870739E-036  -1.9175799385780283E-018  -8.2941675555994754E-017  -3.3647649903282738E-017  -4.6860297786450032E-017  -1.7216088957584401E-033   1.1549456304737469E-032   1.0902469099624371E-033  -4.0299103987468663E-033   4.7421929362160977E-032   2.2241847742407163E-033  -6.8911875102037277E-034   2.1733094419727736E-032   1.9735072038770482E-033   4.8695786396763349E-051  -1.7882903589748242E-034  -2.6004702244648169E-033  -8.5070344999537510E-033  -8.9182345041224160E-033   9.9345717896151612E-051  -9.0188938508897218E-035  -2.9808808121054163E-034   1.0191116675166810E-032   1.4136249396148806E-032   1.7916103098027906E-035  -4.8151287556906478E-034   5.0537502758901303E-036  -8.8343363397585332E-036   1.7747833720218782E-035   1.8025697428727992E-036   3.5418091344281771E-035  -2.9964696641158937E-019  -7.5307133063591393E-018  -3.0573508734698239E-018  -4.2549352384222280E-018  -1.5642960897573640E-034   1.0485632350656841E-033   9.9062082701711233E-035  -3.6572499937838521E-034   4.3123361993541588E-033   2.0240903893601160E-034  -6.2553554205983804E-035   1.9735072038770482E-033   1.7922338678003752E-034   4.4243202545569376E-052  -1.6444889939733767E-035  -2.3419705674698212E-034  -7.7439844421714855E-034  -8.0949974340659919E-034   9.0166005435029365E-052  -7.9396103518480254E-036  -2.7569225251369582E-035   9.2586589258238906E-034   1.2833067676000783E-033   1.6268411341723956E-036  -4.3722119446751006E-035   4.5882215925892923E-037  -8.0220288676058199E-037   1.6115385095251226E-036   1.6367849823799456E-037   3.2161123766428735E-036  -2.3293446892598844E-036  -1.8570016143760579E-035  -7.5683077982299017E-036  -1.0495315218978128E-035  -3.8720534637815267E-052   2.5847317828616082E-051   2.4519988796192930E-052  -8.9966528100154875E-052   1.0718035625092495E-050   5.0499380615640814E-052  -1.5405873247189681E-052   4.8695786396763349E-051   4.4243202545569376E-052   1.0947604829022442E-069  -4.3187351965708008E-053  -5.5326706592953187E-052  -1.9349273689804162E-051  -1.9931850975221600E-051   2.2189445307875058E-069  -1.6422249844895890E-053  -7.4371103533567359E-053   2.2901975685200308E-051   3.1620020448278064E-051   4.0134507437655778E-054  -1.0785280085775377E-052   1.1309736719413065E-054  -1.9792546662002500E-054   3.9754048180073260E-054   4.0378851632375580E-055   7.9346350884673160E-054   1.6304275005427951E-018   6.7046875456589038E-019   3.0161782920789329E-019   3.8190106090293885E-019   1.5404324156780670E-035  -9.2422648513462586E-035  -9.7496370407040568E-036   3.0365272560292493E-035  -4.6886579076739152E-034  -2.3942402544184375E-035   5.3752838760864307E-036  -1.7882903589748242E-034  -1.6444889939733767E-035  -4.3187351965708008E-053   4.1219920348523651E-036  -3.5923340247328645E-036   9.4492746276184559E-035   6.9082407933866854E-035  -7.5775966825883720E-053  -2.4755971995228100E-036   8.8960045997409396E-036  -8.9591548328303124E-035  -1.1172414235140872E-034  -1.4667155051279194E-037   3.9312057470337931E-036  -4.0408113755707552E-038   7.2529666506011116E-038  -1.4499541374947196E-037  -1.4746998718932725E-038  -2.9037871134224554E-037  -1.4994115287550952E-017   1.0037611186076466E-017   3.7927438351660447E-018   5.6418072935524014E-018   1.9432458516713625E-034  -1.4065673142708641E-033  -1.2311212154431945E-034   5.0854624199195026E-034  -4.9326424265465823E-033  -2.1295004643239536E-034   8.5238488326475309E-035  -2.6004702244648169E-033  -2.3419705674698212E-034  -5.5326706592953187E-052  -3.5923340247328645E-036   5.4677562653486005E-034   7.8697530427583320E-034   1.1076575954019230E-033  -1.2450060401678744E-051   4.1129413926283098E-035  -2.5081512251646521E-035  -1.1653469625550394E-033  -1.7347930435864448E-033  -2.1508169404870082E-036   5.7906544868444628E-035  -6.1579607636448363E-037   1.0586077301082466E-036  -2.1334315026710164E-036  -2.1649048742293905E-037  -4.2479051013568939E-036   1.5671519870553384E-017   3.2355062405780424E-017   1.3399497552357559E-017   1.8308578274327621E-017   6.8533546850867246E-034  -4.4967005175436226E-033  -4.3395309222950234E-034   1.5516128727816302E-033  -1.9289351564567969E-032  -9.2274484138058224E-034   2.6701654039567731E-034  -8.5070344999537510E-033  -7.7439844421714855E-034  -1.9349273689804162E-051   9.4492746276184559E-035   7.8697530427583320E-034   3.5562695302541772E-033   3.4511433183192792E-033  -3.8335446618108384E-051   5.5681109201694144E-036   1.7622279276111791E-034  -4.0421266413758321E-033  -5.4909232548603074E-033  -7.0060131841841883E-036   1.8819427484676128E-034  -1.9673310947280478E-036   3.4565383689552560E-036  -6.9374529562179392E-036  -7.0479568736955848E-037  -1.3854023321763493E-035  -1.8329561775107352E-018   3.4054829641156911E-017   1.3767245483990344E-017   1.9235230208838526E-017   7.0445786142474286E-034  -4.7435875395079445E-033  -4.4612243210081787E-034   1.6582189520237000E-033  -1.9332091405874225E-032  -9.0354770783130548E-034   2.8326052912338015E-034  -8.9182345041224160E-033  -8.0949974340659919E-034  -1.9931850975221600E-051   6.9082407933866854E-035   1.1076575954019230E-033   3.4511433183192792E-033   3.6665997001860987E-033  -4.0863649746364792E-051   4.2230155234674790E-035   1.1186685746146169E-034  -4.1726475914789583E-033  -5.8083038182010954E-033  -7.3531381000293346E-036   1.9764023193813567E-034  -2.0757287412810310E-036   3.6254584050200385E-036  -7.2845613482488711E-036  -7.3982781247298858E-037  -1.4535624058073288E-035   2.7601869323497852E-036  -3.7941119625245255E-035  -1.5325172933026056E-035  -2.1428949502895797E-035  -7.8418822033207793E-052   5.2853365749279160E-051   4.9661690408546904E-052  -1.8484356858253448E-051   2.1500215274572980E-050   1.0040079740260915E-051  -3.1567266075729975E-052   9.9345717896151612E-051   9.0166005435029365E-052   2.2189445307875058E-069  -7.5775966825883720E-053  -1.2450060401678744E-051  -3.8335446618108384E-051  -4.0863649746364792E-051   4.5547100730186544E-069  -4.8474308537727368E-053  -1.2174886508611133E-052   4.6456183149676825E-051   6.4722722888894704E-051   8.1914478423542554E-054  -2.2017739172365661E-052   2.3128056571985344E-054  -4.0386943594023881E-054   8.1151856726601497E-054   8.2417780818640446E-055   1.6192598591169611E-053  -1.9522191352066618E-018   3.5877531424117176E-019   1.0958508502785353E-019   1.9893667333058888E-019   5.6412347533340572E-036  -5.1098338755982023E-035  -3.5791038516426047E-036   2.0116037362525369E-035  -1.0130283425273017E-034  -2.3820199894196428E-036   3.2179545237766427E-036  -9.0188938508897218E-035  -7.9396103518480254E-036  -1.6422249844895890E-053  -2.4755971995228100E-036   4.1129413926283098E-035   5.5681109201694144E-036   4.2230155234674790E-035  -4.8474308537727368E-053   4.2805557734532944E-036  -6.5850112106686371E-036  -3.5329568182936554E-035  -6.4241361114009183E-035  -7.5259126199696128E-038   2.0356967856640296E-036  -2.2400256251499757E-038   3.6858952662763917E-038  -7.4914769736566609E-038  -7.5839393839712730E-039  -1.4826179315319048E-037   3.9514011049352636E-018   1.1084204108597325E-018   5.2167399762125289E-019   6.3377090175357493E-019   2.6623331481064143E-035  -1.5206324334019243E-034  -1.6846462989049139E-035   4.8480391920125416E-035  -8.4164525473207997E-034  -4.4219185469155136E-035   8.7345497223709361E-036  -2.9808808121054163E-034  -2.7569225251369582E-035  -7.4371103533567359E-053   8.8960045997409396E-036  -2.5081512251646521E-035   1.7622279276111791E-034   1.1186685746146169E-034  -1.2174886508611133E-052  -6.5850112106686371E-036   1.9751534366944002E-035  -1.5372072750188116E-034  -1.8272103193017031E-034  -2.4391235091362511E-037   6.5292849106893046E-036  -6.6457105784354821E-038   1.2077436114464881E-037  -2.4089566447171545E-037  -2.4516429095271657E-038  -4.8322195795847664E-037  -4.3927157873721384E-018  -3.8867154612439889E-017  -1.5831660600412968E-017  -2.1965830855996248E-017  -8.0997856622506710E-034   5.4101395853900710E-033   5.1292495874726773E-034  -1.8836655479202728E-033   2.2407353585507696E-032   1.0551730397943360E-033  -3.2250420786495062E-034   1.0191116675166810E-032   9.2586589258238906E-034   2.2901975685200308E-051  -8.9591548328303124E-035  -1.1653469625550394E-033  -4.0421266413758321E-033  -4.1726475914789583E-033   4.6456183149676825E-051  -3.5329568182936554E-035  -1.5372072750188116E-034   4.7912423507904192E-033   6.6188505793935892E-033   8.3996250952059801E-036  -2.2572494861920416E-034   2.3672674732364748E-036  -4.1422582329357189E-036   8.3200891548709425E-036   8.4507926247302358E-037   1.6606021561297228E-035   1.5518280594081009E-018  -5.3970073679847664E-017  -2.1843141659026517E-017  -3.0486578928158698E-017  -1.1176706730884368E-033   7.5168481962135804E-033   7.0779919385736749E-034  -2.6260919711565831E-033   3.0709142696227490E-032   1.4369378232455848E-033  -4.4874749829106556E-034   1.4136249396148806E-032   1.2833067676000783E-033   3.1620020448278064E-051  -1.1172414235140872E-034  -1.7347930435864448E-033  -5.4909232548603074E-033  -5.8083038182010954E-033   6.4722722888894704E-051  -6.4241361114009183E-035  -1.8272103193017031E-034   6.6188505793935892E-033   9.2028617178033734E-033   1.1654794364421683E-035  -3.1325266300563813E-034   3.2892412787079292E-036  -5.7465595667848491E-036   1.1545849287838174E-035   1.1726258953298751E-036   2.3039460337333445E-035  -1.1241039116701757E-021  -6.8377995737599699E-020  -2.7731100268244449E-020  -3.8631248867593313E-020  -1.4188918798559206E-036   9.5217596081340923E-036   8.9854621781639296E-037  -3.3229261707129592E-036   3.9070950702520495E-035   1.8319549115155129E-036  -5.6817203234750455E-037   1.7916103098027906E-035   1.6268411341723956E-036   4.0134507437655778E-054  -1.4667155051279194E-037  -2.1508169404870082E-036  -7.0060131841841883E-036  -7.3531381000293346E-036   8.1914478423542554E-054  -7.5259126199696128E-038  -2.4391235091362511E-037   8.3996250952059801E-036   1.1654794364421683E-035   1.4769703398292828E-038  -3.9695332858503936E-037   4.1664909646579186E-039  -7.2828047110096259E-039   1.4631069694236456E-038   1.4860078868781467E-039   2.9197897754282280E-038   2.3671018954313734E-020   1.8377744745535475E-018   7.4520031204556781E-019   1.0382677006642823E-018   3.8129097983926959E-035  -2.5591722257233755E-034  -2.4146158591011809E-035   8.9318225668526491E-035  -1.0497515752449664E-033  -4.9212739156746591E-035   1.5271376914498906E-035  -4.8151287556906478E-034  -4.3722119446751006E-035  -1.0785280085775377E-052   3.9312057470337931E-036   5.7906544868444628E-035   1.8819427484676128E-034   1.9764023193813567E-034  -2.2017739172365661E-052   2.0356967856640296E-036   6.5292849106893046E-036  -2.2572494861920416E-034  -3.1325266300563813E-034  -3.9695332858503936E-037   1.0668635864625829E-035  -1.1198330342266196E-037   1.9573319299302629E-037  -3.9322859251291405E-037  -3.9938267680059250E-038  -7.8472647115301014E-037   2.7065488075175062E-022  -1.9292344892573488E-020  -7.8133420540338904E-021  -1.0898392165220850E-020  -3.9978840176782482E-037   2.6868356152777399E-036   2.5317728477322241E-037  -9.3834376830807747E-037   1.0992449244590154E-035   5.1470207056113775E-037  -1.6037661183592022E-037   5.0537502758901303E-036   4.5882215925892923E-037   1.1309736719413065E-054  -4.0408113755707552E-038  -6.1579607636448363E-037  -1.9673310947280478E-036  -2.0757287412810310E-036   2.3128056571985344E-054  -2.2400256251499757E-038  -6.6457105784354821E-038   2.3672674732364748E-036   3.2892412787079292E-036   4.1664909646579186E-039  -1.1198330342266196E-037   1.1757063375680261E-039  -2.0543830825948548E-039   4.1274914799105596E-039   4.1920215763748937E-040   8.2364882192863104E-039   6.8020516675966012E-022   3.3715893972837835E-020   1.3675990042219129E-020   1.9048578538974651E-020   6.9974469269344757E-037  -4.6949260287730699E-036  -4.4312914053080632E-037   1.6382995164653708E-036  -1.9271814602733494E-035  -9.0376723851247090E-037   2.8013963415906710E-037  -8.8343363397585332E-036  -8.0220288676058199E-037  -1.9792546662002500E-054   7.2529666506011116E-038   1.0586077301082466E-036   3.4565383689552560E-036   3.6254584050200385E-036  -4.0386943594023881E-054   3.6858952662763917E-038   1.2077436114464881E-037  -4.1422582329357189E-036  -5.7465595667848491E-036  -7.2828047110096259E-039   1.9573319299302629E-037  -2.0543830825948548E-039   3.5911000440687269E-039  -7.2144224240140288E-039  -7.3273603211623313E-040  -1.4397247662921678E-038  -9.3165210131250262E-022  -6.7737137476977449E-020  -2.7467859463547920E-020  -3.8268836437202320E-020  -1.4054260548508042E-036   9.4326246815203104E-036   8.9001929039900698E-037  -3.2920318100212539E-036   3.8695132375441691E-035   1.8141135958175429E-036  -5.6286895910838886E-037   1.7747833720218782E-035   1.6115385095251226E-036   3.9754048180073260E-054  -1.4499541374947196E-037  -2.1334315026710164E-036  -6.9374529562179392E-036  -7.2845613482488711E-036   8.1151856726601497E-054  -7.4914769736566609E-038  -2.4089566447171545E-037   8.3200891548709425E-036   1.1545849287838174E-035   1.4631069694236456E-038  -3.9322859251291405E-037   4.1274914799105596E-039  -7.2144224240140288E-039   1.4493770891602596E-038   1.4720607994363383E-039   2.8923787905882379E-038  -1.0708136768993850E-022  -6.8796717304672329E-021  -2.7899811486685100E-021  -3.8867696831658039E-021  -1.4275252235028838E-037   9.5801023220904888E-037   9.0401368777104240E-038  -3.3433569255382575E-037   3.9307020007970443E-036   1.8429509406662758E-037  -5.7165858446896319E-038   1.8025697428727992E-036   1.6367849823799456E-037   4.0378851632375580E-055  -1.4746998718932725E-038  -2.1649048742293905E-037  -7.0479568736955848E-037  -7.3982781247298858E-037   8.2417780818640446E-055  -7.5839393839712730E-039  -2.4516429095271657E-038   8.4507926247302358E-037   1.1726258953298751E-036   1.4860078868781467E-039  -3.9938267680059250E-038   4.1920215763748937E-040  -7.3273603211623313E-040   1.4720607994363383E-039   1.4951011024907753E-040   2.9376543143339718E-039  -2.4816115452733349E-021  -1.3517356528845629E-019  -5.4825196833091907E-020  -7.6368978633825088E-020  -2.8051862427689558E-036   1.8823012710766278E-035   1.7764484189124290E-036  -6.5685969184036984E-036   7.7251447096364094E-035   3.6224719904704225E-036  -1.1231638689870739E-036   3.5418091344281771E-035   3.2161123766428735E-036   7.9346350884673160E-054  -2.9037871134224554E-037  -4.2479051013568939E-036  -1.3854023321763493E-035  -1.4535624058073288E-035   1.6192598591169611E-053  -1.4826179315319048E-037  -4.8322195795847664E-037   1.6606021561297228E-035   2.3039460337333445E-035   2.9197897754282280E-038  -7.8472647115301014E-037   8.2364882192863104E-039  -1.4397247662921678E-038   2.8923787905882379E-038   2.9376543143339718E-039   5.7720742288480769E-038
