  0.98378720098967587        1.7786461509539341E-006   1.8046640608312754E-002   1.8896892968036634E-003   1.2212728605852215E-016  -3.0034129879872161E-018  -1.3208720144219887E-019   3.3973547365365063E-017  -9.2373652772445458E-017   3.6626695386526079E-019  -6.0252552798886740E-017  -4.1278101362275333E-018  -2.1068467420565846E-020  -4.2381100474970346E-075   9.7507565797283679E-030  -2.4216841391955943E-017  -2.5558627319021251E-021   6.0031835128815263E-018   5.1037945450546681E-075  -1.1742464844952423E-029   1.6633939631768661E-017   7.8855562882886124E-022  -5.2845305337962784E-018  -3.5190096536876625E-022   3.9160005094157440E-021   3.2645538296568637E-025  -8.6858433259657372E-024  -2.8110092040996574E-027  -2.7761529176744446E-028   2.4265299145538658E-025   1.7786461509539341E-006  0.31659110121869755       0.12829995475954531       0.17885324800107713        3.2831351721836838E-018   1.3197101785928052E-018  -4.5653770193051836E-018   5.3197117480487642E-019  -1.1529760119203346E-017   1.3959669154503991E-017   6.8596185031606992E-019   1.3277639211432801E-018   3.6209814414433396E-018  -1.7568786631877711E-074  -2.9581254089781350E-028   5.0445838867695698E-018  -1.8842663441883382E-020   1.0833871044113167E-017   2.1157420730016940E-074   3.5623577860718079E-028  -4.1861833936861476E-018  -9.4886533575913238E-020  -1.9631288274743044E-017  -1.7973297111803052E-020   6.0887276382971808E-018   1.6079300514881840E-023  -4.9078967972562385E-022  -1.3342282674550420E-025  -1.3652678115820757E-026   1.2013478621294504E-023   1.8046640608312754E-002  0.12829995475954531        5.2325150491536188E-002   7.2515720606582498E-002   3.5707242601377901E-018   4.7972574115535391E-019  -1.8525618309844423E-018   8.3877115998285359E-019  -6.3669246172353963E-018   5.6639352526188261E-018  -8.2724260779262099E-019   4.6236438284585100E-019   1.4670320284983066E-018  -7.1975682661353604E-075  -1.1970045888604283E-028   1.6001224015122539E-018  -7.6829543949424306E-021   4.5005917028061787E-018   8.6677573830475077E-075   1.4415070450186410E-028  -1.3913474299072486E-018  -3.8438716120326967E-020  -8.0526008585293007E-018  -7.2902119368506687E-021   2.4675552167672023E-018   6.5221948135588392E-024  -1.9905398166501237E-022  -5.4121744661696796E-026  -5.5378996321457031E-027   4.8729655757602697E-024   1.8896892968036634E-003  0.17885324800107713        7.2515720606582498E-002  0.10104400322658647        2.0892176030078457E-018   7.3978386568151948E-019  -2.5793926974809385E-018   3.6575163996406187E-019  -6.6908994597011861E-018   7.8870022788284447E-018   2.7185008301236892E-019   7.4217507407729041E-019   2.0455769969289797E-018  -9.9333505632387773E-075  -1.6709599880286985E-028   2.8033678874392642E-018  -1.0649777963466326E-020   6.1319528048568001E-018   1.1962355826204928E-074   2.0122734842485126E-028  -2.3329855397764249E-018  -5.3603165257362465E-020  -1.1100537885465461E-017  -1.0154411717659682E-020   3.4397399972550938E-018   9.0843787919633812E-024  -2.7728071161991723E-022  -7.5380558360936777E-026  -7.7134022467019898E-027   6.7872947316945663E-024   1.2212728605852215E-016   3.2831351721836838E-018   3.5707242601377901E-018   2.0892176030078457E-018   1.5194916624871731E-032  -3.5915862743291020E-034  -6.3738302956464491E-035   4.2229898757605178E-033  -1.1586816847764656E-032   1.9022415265782702E-034  -7.4726341483025951E-033  -4.9865768923889005E-034   3.4932591584017950E-035  -7.0829946237315305E-091  -1.8569914105385710E-045  -2.9539666532426500E-033  -5.1267496765984933E-037   8.5757735153153759E-034   8.5297807084085222E-091   2.2363040423920868E-045   2.0215270569328625E-033  -8.8604155223146159E-037  -8.5958928149800211E-034  -2.3006036596689325E-037   6.3623634570037831E-035   2.0726161832849602E-040  -6.1675390809993983E-039  -1.7324961394891069E-042  -1.7603557630306699E-043   1.5469756105540125E-040  -3.0034129879872161E-018   1.3197101785928052E-018   4.7972574115535391E-019   7.3978386568151948E-019  -3.5915862743291020E-034   1.4670404987427526E-035  -1.8627603678998595E-035  -1.0150087979048446E-034   2.3394706062139942E-034   5.7072945427013790E-035   1.8680547043424167E-034   1.8136668018123528E-035   1.5158445501594676E-035  -6.0297200960584672E-092  -1.2628680600712870E-045   9.4960437389364712E-035  -7.0743139958685885E-038   2.6833963826444688E-035   7.2613623029077923E-092   1.5208239153492905E-045  -6.8232212113992238E-035  -3.9794358924049181E-037  -6.5700140955541725E-035  -7.3847682769225418E-038   2.5369013698774491E-035   6.6030207678021310E-041  -2.0193483098463718E-039  -5.4759363766606550E-043  -5.6063893991097626E-044   4.9337598878076709E-041  -1.3208720144219887E-019  -4.5653770193051836E-018  -1.8525618309844423E-018  -2.5793926974809385E-018  -6.3738302956464491E-035  -1.8627603678998595E-035   6.5852387102279820E-035  -1.2231786498739461E-035   1.7866403573475303E-034  -2.0135346503647159E-034  -1.8036806023844596E-036  -1.8592805292337671E-035  -5.2213246528293724E-035   2.5391820458566069E-091   4.2644322836794880E-045  -6.9494201945687299E-035   2.7206222235900275E-037  -1.5703483012210766E-034  -3.0578402470217524E-091  -5.1354934117513918E-045   5.8133618946045692E-035   1.3681978522114432E-036   2.8380081470589937E-034   2.5922973912639324E-037  -8.7802538037883001E-035  -2.3191409616411623E-040   7.0785594886220329E-039   1.9243905992280466E-042   1.9691462477856178E-043  -1.7327198564994180E-040   3.3973547365365063E-017   5.3197117480487642E-019   8.3877115998285359E-019   3.6575163996406187E-019   4.2229898757605178E-033  -1.0150087979048446E-034  -1.2231786498739461E-035   1.1741168217872002E-033  -3.2093502117625474E-033   3.6102315950952620E-035  -2.0795746926062644E-033  -1.4031663642216342E-034   5.3561021967670179E-036  -1.7587406603812334E-091  -1.6027231254136930E-046  -8.2781506049959411E-034  -1.1992056037016652E-037   2.2551266434029840E-034   2.1179844053178435E-091   1.9300984290274274E-046   5.6739368161213922E-034  -1.3218884752875455E-037  -2.1547579432094702E-034  -4.2349569386068992E-038   1.0365001212148316E-035   3.8288712349233562E-041  -1.1245355028422654E-039  -3.2123960015698871E-043  -3.2525089635364504E-044   2.8563676377080180E-041  -9.2373652772445458E-017  -1.1529760119203346E-017  -6.3669246172353963E-018  -6.6908994597011861E-018  -1.1586816847764656E-032   2.3394706062139942E-034   1.7866403573475303E-034  -3.2093502117625474E-033   9.0933975950602211E-033  -5.4277324481252899E-034   5.6324865658333763E-033   3.3923004599803258E-034  -1.2989041216088530E-034   1.0377600438510212E-090   9.8573248223678863E-045   2.0901488885657376E-033   9.2619587110178027E-037  -9.5822151535811465E-034  -1.2497349034177579E-090  -1.1870800921496935E-044  -1.4094066478984358E-033   3.3815291590399854E-036   1.2111266847864866E-033   6.8759236629689123E-037  -2.2210656388095875E-034  -6.1622769157926150E-040   1.8689110157703227E-038   5.1229256448146089E-042   5.2326923822170039E-043  -4.6029016615944442E-040   3.6626695386526079E-019   1.3959669154503991E-017   5.6639352526188261E-018   7.8870022788284447E-018   1.9022415265782702E-034   5.7072945427013790E-035  -2.0135346503647159E-034   3.6102315950952620E-035  -5.4277324481252899E-034   6.1566959638559535E-034   7.8191816387884061E-036   5.7009537792658684E-035   1.5965457519995331E-034  -7.7625007810436803E-091  -1.3039835726807962E-044   2.1342022324611289E-034  -8.3179383004287813E-037   4.7993982887412882E-034   9.3480840983993022E-091   1.5703377615264260E-044  -1.7839271453499652E-034  -4.1836034638483808E-036  -8.6758287926511610E-034  -7.9263989844083774E-037   2.6847590003600748E-034   7.0911713646072560E-040  -2.1643958924799730E-038  -5.8841505023955391E-042  -6.0210023181770519E-043   5.2980887082746120E-040  -6.0252552798886740E-017   6.8596185031606992E-019  -8.2724260779262099E-019   2.7185008301236892E-019  -7.4726341483025951E-033   1.8680547043424167E-034  -1.8036806023844596E-036  -2.0795746926062644E-033   5.6324865658333763E-033   7.8191816387884061E-036   3.6916853205596146E-033   2.5568720904708152E-034   9.1372203471926604E-036   2.2149269268944622E-091  -1.2382326083777649E-045   1.4941048915693246E-033   1.1570202162307891E-037  -3.4419047344435017E-034  -2.6673521547310802E-091   1.4911563789806650E-045  -1.0278259435709898E-033  -2.5391997145935813E-037   2.8111169987534891E-034  -1.7396792353319548E-038   1.2954778954390903E-035   1.4850822705747362E-041  -5.3159996251547901E-040  -1.1697308120713064E-043  -1.2583431691856972E-044   1.1172478062952453E-041  -4.1278101362275333E-018   1.3277639211432801E-018   4.6236438284585100E-019   7.4217507407729041E-019  -4.9865768923889005E-034   1.8136668018123528E-035  -1.8592805292337671E-035  -1.4031663642216342E-034   3.3923004599803258E-034   5.7009537792658684E-035   2.5568720904708152E-034   2.2888240112093078E-035   1.5274662413266542E-035  -5.5900393676631899E-092  -1.2815395228166825E-045   1.2276688642681139E-034  -6.8301433219013775E-038   2.0248433622482929E-035   6.7318715445272313E-092   1.5433092469334530E-045  -8.7350113835465891E-035  -4.0125927321827467E-037  -6.0159832292453561E-035  -7.3902822633811130E-038   2.5519467878544357E-035   6.6066236561499928E-041  -2.0219093443132567E-039  -5.4777585089141950E-043  -5.6093997258166924E-044   4.9365951484900545E-041  -2.1068467420565846E-020   3.6209814414433396E-018   1.4670320284983066E-018   2.0455769969289797E-018   3.4932591584017950E-035   1.5158445501594676E-035  -5.2213246528293724E-035   5.3561021967670179E-036  -1.2989041216088530E-034   1.5965457519995331E-034   9.1372203471926604E-036   1.5274662413266542E-035   4.1415092430768049E-035  -2.0085052480783733E-091  -3.3835376356940888E-045   5.8216083063379734E-035  -2.1545643441461967E-037   1.2378271307587614E-034   2.4187663873688611E-091   4.0746655312174850E-045  -4.8235656941227197E-035  -1.0852728677326915E-036  -2.2441776541395349E-034  -2.0556038221395221E-037   6.9639176058295011E-035   1.8389851652827670E-040  -5.6131754393074416E-039  -1.5259510000704027E-042  -1.5614529391735709E-043   1.3739785056078359E-040  -4.2381100474970346E-075  -1.7568786631877711E-074  -7.1975682661353604E-075  -9.9333505632387773E-075  -7.0829946237315305E-091  -6.0297200960584672E-092   2.5391820458566069E-091  -1.7587406603812334E-091   1.0377600438510212E-090  -7.7625007810436803E-091   2.2149269268944622E-091  -5.5900393676631899E-092  -2.0085052480783733E-091   9.9321232238439509E-148   1.6373697085121946E-101  -1.7561949496026563E-091   1.0566574533055013E-093  -6.2707130952588609E-091  -1.1960877788108219E-147  -1.9718219897281095E-101   1.6064979545659616E-091   5.2621980681756233E-093   1.1121757836416581E-090   9.9891884370654831E-094  -3.3790226706960752E-091  -8.9370454408131625E-097   2.7273102017465236E-095   7.4162219880877554E-099   7.5883214274419705E-100  -6.6771645419534189E-097   9.7507565797283679E-030  -2.9581254089781350E-028  -1.1970045888604283E-028  -1.6709599880286985E-028  -1.8569914105385710E-045  -1.2628680600712870E-045   4.2644322836794880E-045  -1.6027231254136930E-046   9.8573248223678863E-045  -1.3039835726807962E-044  -1.2382326083777649E-045  -1.2815395228166825E-045  -3.3835376356940888E-045   1.6373697085121946E-101   2.7649439960962741E-055  -4.9535620865688936E-045   1.7580643019492866E-047  -1.0063310815923221E-044  -1.9718219897281089E-101  -3.3297167667913649E-055   4.0763298778351981E-045   8.8666747015262175E-047   1.8290459077767300E-044   1.6790183215559143E-047  -5.6890727626960915E-045  -1.5020745861441656E-050   4.5849201241500495E-049   1.2463813888261454E-052   1.2753871974610466E-053  -1.1222603191405398E-050  -2.4216841391955943E-017   5.0445838867695698E-018   1.6001224015122539E-018   2.8033678874392642E-018  -2.9539666532426500E-033   9.4960437389364712E-035  -6.9494201945687299E-035  -8.2781506049959411E-034   2.0901488885657376E-033   2.1342022324611289E-034   1.4941048915693246E-033   1.2276688642681139E-034   5.8216083063379734E-035  -1.7561949496026563E-091  -4.9535620865688936E-045   6.7650231774647281E-034  -2.3732784819791544E-037   2.4854982060979152E-035   2.1149187027666176E-091   5.9653861916471715E-045  -4.7616395568168167E-034  -1.5313525827490276E-036  -1.8272517161292296E-034  -2.7772782861053557E-037   9.6922641365563701E-035   2.4817486512268045E-040  -7.6065332181457296E-039  -2.0567910415713921E-042  -2.1071081101519361E-043   1.8545210010031459E-040  -2.5558627319021251E-021  -1.8842663441883382E-020  -7.6829543949424306E-021  -1.0649777963466326E-020  -5.1267496765984933E-037  -7.0743139958685885E-038   2.7206222235900275E-037  -1.1992056037016652E-037   9.2619587110178027E-037  -8.3179383004287813E-037   1.1570202162307891E-037  -6.8301433219013775E-038  -2.1545643441461967E-037   1.0566574533055013E-093   1.7580643019492866E-047  -2.3732784819791544E-037   1.1281049374910168E-039  -6.6039866346798355E-037  -1.2724923340197313E-093  -2.1171698926136472E-047   2.0593757424799239E-037   5.6453450938374128E-039   1.1821305261343962E-036   1.0706369511234854E-039  -3.6239501954610872E-037  -9.5784521556704333E-043   2.9233058821691058E-041   7.9482738094723871E-045   8.1329223536599288E-046  -7.1564062121400977E-043   6.0031835128815263E-018   1.0833871044113167E-017   4.5005917028061787E-018   6.1319528048568001E-018   8.5757735153153759E-034   2.6833963826444688E-035  -1.5703483012210766E-034   2.2551266434029840E-034  -9.5822151535811465E-034   4.7993982887412882E-034  -3.4419047344435017E-034   2.0248433622482929E-035   1.2378271307587614E-034  -6.2707130952588609E-091  -1.0063310815923221E-044   2.4854982060979152E-035  -6.6039866346798355E-037   4.0737067410951186E-034   7.5515809949499543E-091   1.2118862009690306E-044  -4.1751487782665668E-035  -3.2422391497014833E-036  -7.0403616433665274E-034  -6.1719994439394834E-037   2.0838232302742983E-034   5.5223143626257704E-040  -1.6847999047444772E-038  -4.5829295600237789E-042  -4.6889352900971819E-043   4.1258619690374308E-040   5.1037945450546681E-075   2.1157420730016940E-074   8.6677573830475077E-075   1.1962355826204928E-074   8.5297807084085222E-091   7.2613623029077923E-092  -3.0578402470217524E-091   2.1179844053178435E-091  -1.2497349034177579E-090   9.3480840983993022E-091  -2.6673521547310802E-091   6.7318715445272313E-092   2.4187663873688611E-091  -1.1960877788108219E-147  -1.9718219897281089E-101   2.1149187027666176E-091  -1.2724923340197313E-093   7.5515809949499543E-091   1.4404029655875752E-147   2.3745901362180731E-101  -1.9346443120318652E-091  -6.3370647515897835E-093  -1.3393509451328538E-090  -1.2029599251375659E-093   4.0692283307980232E-091   1.0762543506076771E-096  -3.2843958213323373E-095  -8.9310737341685938E-099  -9.1383265355208747E-100   8.0410549947330408E-097  -1.1742464844952423E-029   3.5623577860718079E-028   1.4415070450186410E-028   2.0122734842485126E-028   2.2363040423920868E-045   1.5208239153492905E-045  -5.1354934117513918E-045   1.9300984290274274E-046  -1.1870800921496935E-044   1.5703377615264260E-044   1.4911563789806650E-045   1.5433092469334530E-045   4.0746655312174850E-045  -1.9718219897281095E-101  -3.3297167667913649E-055   5.9653861916471715E-045  -2.1171698926136472E-047   1.2118862009690306E-044   2.3745901362180731E-101   4.0098511082701491E-055  -4.9089688472402062E-045  -1.0677798704436643E-046  -2.2026503375670009E-044  -2.0219778284579616E-047   6.8511336910223858E-045   1.8088912258320040E-050  -5.5214447140107623E-049  -1.5009696449730983E-052  -1.5359002357851841E-053   1.3514953672200055E-050   1.6633939631768661E-017  -4.1861833936861476E-018  -1.3913474299072486E-018  -2.3329855397764249E-018   2.0215270569328625E-033  -6.8232212113992238E-035   5.8133618946045692E-035   5.6739368161213922E-034  -1.4094066478984358E-033  -1.7839271453499652E-034  -1.0278259435709898E-033  -8.7350113835465891E-035  -4.8235656941227197E-035   1.6064979545659616E-091   4.0763298778351981E-045  -4.7616395568168167E-034   2.0593757424799239E-037  -4.1751487782665668E-035  -1.9346443120318652E-091  -4.9089688472402062E-045   3.3660112739506785E-034   1.2679964245103229E-036   1.7022882190818357E-034   2.3170692259427361E-037  -8.0443674444833613E-035  -2.0709326455299994E-040   6.3427413629608794E-039   1.7166914592521302E-042   1.7583237088877894E-043  -1.5474874758974868E-040   7.8855562882886124E-022  -9.4886533575913238E-020  -3.8438716120326967E-020  -5.3603165257362465E-020  -8.8604155223146159E-037  -3.9794358924049181E-037   1.3681978522114432E-036  -1.3218884752875455E-037   3.3815291590399854E-036  -4.1836034638483808E-036  -2.5391997145935813E-037  -4.0125927321827467E-037  -1.0852728677326915E-036   5.2621980681756233E-093   8.8666747015262175E-047  -1.5313525827490276E-036   5.6453450938374128E-039  -3.2422391497014833E-036  -6.3370647515897835E-093  -1.0677798704436643E-046   1.2679964245103229E-036   2.8439379998383944E-038   5.8795177284537292E-036   5.3865523029834034E-039  -1.8248689604253092E-036  -4.8189169141149301E-042   1.4708918318051089E-040   3.9986328915924677E-044   4.0916653012656930E-045  -3.6004036029845397E-042  -5.2845305337962784E-018  -1.9631288274743044E-017  -8.0526008585293007E-018  -1.1100537885465461E-017  -8.5958928149800211E-034  -6.5700140955541725E-035   2.8380081470589937E-034  -2.1547579432094702E-034   1.2111266847864866E-033  -8.6758287926511610E-034   2.8111169987534891E-034  -6.0159832292453561E-035  -2.2441776541395349E-034   1.1121757836416581E-090   1.8290459077767300E-044  -1.8272517161292296E-034   1.1821305261343962E-036  -7.0403616433665274E-034  -1.3393509451328538E-090  -2.2026503375670009E-044   1.7022882190818357E-034   5.8795177284537292E-036   1.2456888775062687E-033   1.1163839934404691E-036  -3.7757273751707724E-034  -9.9880378673891324E-040   3.0479694015280554E-038   8.2884231787876139E-042   8.4807069112502243E-043  -7.4623890267152135E-040  -3.5190096536876625E-022  -1.7973297111803052E-020  -7.2902119368506687E-021  -1.0154411717659682E-020  -2.3006036596689325E-037  -7.3847682769225418E-038   2.5922973912639324E-037  -4.2349569386068992E-038   6.8759236629689123E-037  -7.9263989844083774E-037  -1.7396792353319548E-038  -7.3902822633811130E-038  -2.0556038221395221E-037   9.9891884370654831E-094   1.6790183215559143E-047  -2.7772782861053557E-037   1.0706369511234854E-039  -6.1719994439394834E-037  -1.2029599251375659E-093  -2.0219778284579616E-047   2.3170692259427361E-037   5.3865523029834034E-039   1.1163839934404691E-036   1.0204937406259904E-039  -3.4566653933477489E-037  -9.1295994393774055E-043   2.7865886724906689E-041   7.5755959441959097E-045   7.7517990861478039E-046  -6.8210787802165548E-043   3.9160005094157440E-021   6.0887276382971808E-018   2.4675552167672023E-018   3.4397399972550938E-018   6.3623634570037831E-035   2.5369013698774491E-035  -8.7802538037883001E-035   1.0365001212148316E-035  -2.2210656388095875E-034   2.6847590003600748E-034   1.2954778954390903E-035   2.5519467878544357E-035   6.9639176058295011E-035  -3.3790226706960752E-091  -5.6890727626960915E-045   9.6922641365563701E-035  -3.6239501954610872E-037   2.0838232302742983E-034   4.0692283307980232E-091   6.8511336910223858E-045  -8.0443674444833613E-035  -1.8248689604253092E-036  -3.7757273751707724E-034  -3.4566653933477489E-037   1.1709934031553260E-034   3.0924081177861952E-040  -9.4389751414157529E-039  -2.5660189443663385E-042  -2.6257145245132142E-043   2.3104598350484166E-040   3.2645538296568637E-025   1.6079300514881840E-023   6.5221948135588392E-024   9.0843787919633812E-024   2.0726161832849602E-040   6.6030207678021310E-041  -2.3191409616411623E-040   3.8288712349233562E-041  -6.1622769157926150E-040   7.0911713646072560E-040   1.4850822705747362E-041   6.6066236561499928E-041   1.8389851652827670E-040  -8.9370454408131625E-097  -1.5020745861441656E-050   2.4817486512268045E-040  -9.5784521556704333E-043   5.5223143626257704E-040   1.0762543506076771E-096   1.8088912258320040E-050  -2.0709326455299994E-040  -4.8189169141149301E-042  -9.9880378673891324E-040  -9.1295994393774055E-043   3.0924081177861952E-040   8.1675758166106619E-046  -2.4929527957223072E-044  -6.7773253000808616E-048  -6.9349600311573926E-049   6.1023133713181836E-046  -8.6858433259657372E-024  -4.9078967972562385E-022  -1.9905398166501237E-022  -2.7728071161991723E-022  -6.1675390809993983E-039  -2.0193483098463718E-039   7.0785594886220329E-039  -1.1245355028422654E-039   1.8689110157703227E-038  -2.1643958924799730E-038  -5.3159996251547901E-040  -2.0219093443132567E-039  -5.6131754393074416E-039   2.7273102017465236E-095   4.5849201241500495E-049  -7.6065332181457296E-039   2.9233058821691058E-041  -1.6847999047444772E-038  -3.2843958213323373E-095  -5.5214447140107623E-049   6.3427413629608794E-039   1.4708918318051089E-040   3.0479694015280554E-038   2.7865886724906689E-041  -9.4389751414157529E-039  -2.4929527957223072E-044   7.6091454203011543E-043   2.0686114940593583E-046   2.1167269129354104E-047  -1.8625820993455751E-044  -2.8110092040996574E-027  -1.3342282674550420E-025  -5.4121744661696796E-026  -7.5380558360936777E-026  -1.7324961394891069E-042  -5.4759363766606550E-043   1.9243905992280466E-042  -3.2123960015698871E-043   5.1229256448146089E-042  -5.8841505023955391E-042  -1.1697308120713064E-043  -5.4777585089141950E-043  -1.5259510000704027E-042   7.4162219880877554E-099   1.2463813888261454E-052  -2.0567910415713921E-042   7.9482738094723871E-045  -4.5829295600237789E-042  -8.9310737341685938E-099  -1.5009696449730983E-052   1.7166914592521302E-042   3.9986328915924677E-044   8.2884231787876139E-042   7.5755959441959097E-045  -2.5660189443663385E-042  -6.7773253000808616E-048   2.0686114940593583E-046   5.6237184589279784E-050   5.7545202507803066E-051  -5.0636030402630292E-048  -2.7761529176744446E-028  -1.3652678115820757E-026  -5.5378996321457031E-027  -7.7134022467019898E-027  -1.7603557630306699E-043  -5.6063893991097626E-044   1.9691462477856178E-043  -3.2525089635364504E-044   5.2326923822170039E-043  -6.0210023181770519E-043  -1.2583431691856972E-044  -5.6093997258166924E-044  -1.5614529391735709E-043   7.5883214274419705E-100   1.2753871974610466E-053  -2.1071081101519361E-043   8.1329223536599288E-046  -4.6889352900971819E-043  -9.1383265355208747E-100  -1.5359002357851841E-053   1.7583237088877894E-043   4.0916653012656930E-045   8.4807069112502243E-043   7.7517990861478039E-046  -2.6257145245132142E-043  -6.9349600311573926E-049   2.1167269129354104E-047   5.7545202507803066E-051   5.8883653765529720E-052  -5.1813782000194842E-049   2.4265299145538658E-025   1.2013478621294504E-023   4.8729655757602697E-024   6.7872947316945663E-024   1.5469756105540125E-040   4.9337598878076709E-041  -1.7327198564994180E-040   2.8563676377080180E-041  -4.6029016615944442E-040   5.2980887082746120E-040   1.1172478062952453E-041   4.9365951484900545E-041   1.3739785056078359E-040  -6.6771645419534189E-097  -1.1222603191405398E-050   1.8545210010031459E-040  -7.1564062121400977E-043   4.1258619690374308E-040   8.0410549947330408E-097   1.3514953672200055E-050  -1.5474874758974868E-040  -3.6004036029845397E-042  -7.4623890267152135E-040  -6.8210787802165548E-043   2.3104598350484166E-040   6.1023133713181836E-046  -1.8625820993455751E-044  -5.0636030402630292E-048  -5.1813782000194842E-049   4.5592755364099235E-046
