  0.98378720007758558        1.7891016216648472E-006   1.8046645740152998E-002   1.8896956133478378E-003   9.7256338374371109E-020   3.8316583912340553E-020   6.8639566964695620E-020   1.2330025403214022E-018   2.8099472095881235E-020   3.1930452296119858E-020   5.0026449784308792E-020  -1.3574479782701381E-021  -4.0027063766656022E-021  -3.3028505562786852E-033  -7.8858769743851027E-020  -1.9624705091063218E-016  -7.8412077636638607E-017   5.6305591630205419E-018   3.9774971540018094E-033  -5.3117416073450159E-021  -3.1282420319418158E-017   5.6233877134076967E-017  -4.5652765621063109E-018  -2.4377780837719893E-036  -3.2738584023395618E-022   1.9925395290635508E-035  -9.9876103436317571E-035   1.2443035126055043E-035   2.0877109280359786E-035  -3.4971846283190288E-035   1.7891016216648472E-006  0.31659116822791633       0.12829997625150938       0.17885322469658621        8.9045673491732362E-018   8.3468501518147031E-018   3.2510865064510672E-018   2.8347846362937056E-017   1.4648445993590060E-017   2.2119924457772260E-017   1.1955508142652859E-017   1.3507930659045078E-017  -6.7794498174128539E-018  -1.6200784885440544E-033  -6.9038836900211797E-019  -3.9866644855971218E-018  -2.4954809474805314E-017   1.4237128502477820E-017   1.9509988319616287E-033  -2.3031540629745276E-018  -6.6551878085869084E-017   8.7958220055731689E-018  -2.2446790624133074E-017   4.4005701652366240E-033   1.5041323256981470E-017   3.2802712928718298E-033   1.0132861503766134E-032   4.5668101925177195E-033  -7.8647303287996986E-034  -3.2609779196253695E-033   1.8046645740152998E-002  0.12829997625150938        5.2325156939094175E-002   7.2515707971921875E-002   3.6103985258488260E-018   3.3833000631494486E-018   1.3187759784377142E-018   1.1510704990972098E-017   5.9368616814428722E-018   8.9647809928353637E-018   4.8459391562379506E-018   5.4741225600438110E-018  -2.7474748521839590E-018  -7.1712906648560960E-034  -2.8122941098991128E-019  -5.2154349765971230E-018  -1.1551382340414330E-017   5.8729411803814374E-018   8.6361122684650200E-034  -9.3346060378299743E-019  -2.7544260474523993E-017   4.5960608474543155E-018  -9.1804015296179238E-018   1.7833054201976559E-033   6.0955554527893568E-018   1.3297096601540696E-033   4.1045539940711815E-033   1.8509478754265576E-033  -3.1833865071137442E-034  -1.3221669388276644E-033   1.8896956133478378E-003  0.17885322469658621        7.2515707971921875E-002  0.10104395551109163        5.0306825524384715E-018   4.7154958049744101E-018   1.8367821702709460E-018   1.6017038880229512E-017   8.2754640497954636E-018   1.2496366126243097E-017   6.7541730899552935E-018   7.6310912253956420E-018  -3.8299516623894650E-018  -9.2157881126939982E-034  -3.9017548839483840E-019  -2.6289607795824014E-018  -1.4248365030630032E-017   8.0538523365815278E-018   1.1098222691439018E-033  -1.3011410077580783E-018  -3.7657497341186066E-017   5.0770202418801620E-018  -1.2689727211711658E-017   2.4860285022398086E-033   8.4973593313625015E-018   1.8531761362226176E-033   5.7242096376056302E-033   2.5799717699324392E-033  -4.4426554016179293E-034  -1.8423055335601822E-033   9.7256338374371109E-020   8.9045673491732362E-018   3.6103985258488260E-018   5.0306825524384715E-018   2.5046295792866435E-034   2.3477056192016199E-034   9.1448114318823623E-035   7.9744445809566192E-034   4.1201070469331218E-034   6.2215681228534428E-034   3.3627024672300034E-034   3.7992921319781107E-034  -1.9068185584748724E-034  -4.5893309942713352E-050  -1.9425925492713189E-035  -1.3152125943925445E-034  -7.0963648172610443E-034   4.0099539554551236E-034   5.5267565569340590E-050  -6.4779937916148132E-035  -1.8749551367666521E-033   2.5295108942548211E-034  -6.3179830881101844E-034   1.2377191882706622E-049   4.2305811565119852E-034   9.2264163701770540E-050   2.8499096205522639E-049   1.2844912127573374E-049  -2.2118585675133538E-050  -9.1722997439992250E-050   3.8316583912340553E-020   8.3468501518147031E-018   3.3833000631494486E-018   4.7154958049744101E-018   2.3477056192016199E-034   2.2006418925384143E-034   8.5716784681935497E-035   7.4743212206945549E-034   3.8620385207626534E-034   5.8318773562007622E-034   3.1520604563636346E-034   3.5613329343834667E-034  -1.7873872122726505E-034  -4.2841461287871357E-050  -1.8204991081056013E-035  -1.1274148002881410E-034  -6.6097779305229006E-034   3.7557750146060531E-034   5.1592340447210051E-050  -6.0722310113285098E-035  -1.7558411642511712E-033   2.3408723689722998E-034  -5.9198183114962463E-034   1.1601988024124067E-049   3.9656086092057913E-034   8.6484339577757920E-050   2.6714657371031458E-049   1.2040333748265575E-049  -2.0734360422624327E-050  -8.5976259736139324E-050   6.8639566964695620E-020   3.2510865064510672E-018   1.3187759784377142E-018   1.8367821702709460E-018   9.1448114318823623E-035   8.5716784681935497E-035   3.3390314978987634E-035   2.9119108418248864E-034   1.5042739210420023E-034   2.2715254720194533E-034   1.2277504345592343E-034   1.3871334339310015E-034  -6.9618699381965876E-035  -1.6867026409933730E-050  -7.0951241836594854E-036  -5.4627842847006605E-035  -2.6173126357587103E-034   1.4659434078561656E-034   2.0312317617413879E-050  -2.3651544512476155E-035  -6.8560570394058217E-034   9.4247049933738727E-035  -2.3082535819799904E-034   4.5189447269247217E-050   1.5445988037812774E-034   3.3686616712646958E-050   1.0404776189281396E-049   4.6897610207470690E-050  -8.0748643562802610E-051  -3.3489541872403313E-050   1.2330025403214022E-018   2.8347846362937056E-017   1.1510704990972098E-017   1.6017038880229512E-017   7.9744445809566192E-034   7.4743212206945549E-034   2.9119108418248864E-034   2.5398355704798663E-033   1.3116696025594687E-033   1.9806769786688752E-033   1.0705691209503608E-033   1.2095099693054973E-033  -6.0704275408564119E-034  -1.4920221299643976E-049  -6.1916787970970860E-035  -6.0289821910018221E-034  -2.3327378403846456E-033   1.2818606583928693E-033   1.7967854356472958E-049  -2.0623304214545301E-034  -5.9983139788364284E-033   8.5805545043670994E-034  -2.0156258609677288E-033   3.9402776338721150E-049   1.3468125455328987E-033   2.9374326830268386E-049   9.0717992938518330E-049   4.0893168572063269E-049  -7.0395306026423309E-050  -2.9203457875622871E-049   2.8099472095881235E-020   1.4648445993590060E-017   5.9368616814428722E-018   8.2754640497954636E-018   4.1201070469331218E-034   3.8620385207626534E-034   1.5042739210420023E-034   1.3116696025594687E-033   6.7777387419561655E-034   1.0234739249801639E-033   5.5317419864797151E-034   6.2500221002604354E-034  -3.1368038728156698E-034  -7.5053927863220611E-050  -3.1946019691499225E-035  -1.9004890534071530E-034  -1.1568741600676247E-033   6.5890205845983933E-034   9.0384587309020317E-050  -1.0656543538033938E-034  -3.0801984674915320E-033   4.0857781725635396E-034  -1.0387268901784123E-033   2.0361115113867408E-049   6.9595121341263384E-034   1.5177636390612763E-049   4.6883737890999060E-049   2.1130338157059299E-049  -3.6388947751460041E-050  -1.5088410188362288E-049   3.1930452296119858E-020   2.2119924457772260E-017   8.9647809928353637E-018   1.2496366126243097E-017   6.2215681228534428E-034   5.8318773562007622E-034   2.2715254720194533E-034   1.9806769786688752E-033   1.0234739249801639E-033   1.5454991568260230E-033   8.3532162249680439E-034   9.4378624885911238E-034  -4.7367385275608799E-034  -1.1330012598188191E-049  -4.8239329463754378E-035  -2.8488905248334025E-034  -1.7461038809811697E-033   9.9491668761603475E-034   1.3644302730691189E-049  -1.6091935983762888E-034  -4.6509278957171927E-033   6.1637375300999800E-034  -1.5684835468712549E-033   3.0746358139164035E-049   1.0509229674055685E-033   2.2919008561568348E-049   7.0797018569502324E-049   3.1907909538521263E-049  -5.4949449299178305E-050  -2.2784256238697192E-049   5.0026449784308792E-020   1.1955508142652859E-017   4.8459391562379506E-018   6.7541730899552935E-018   3.3627024672300034E-034   3.1520604563636346E-034   1.2277504345592343E-034   1.0705691209503608E-033   5.5317419864797151E-034   8.3532162249680439E-034   4.5148125561453984E-034   5.1010314923606711E-034  -2.5601418916651235E-034  -6.1347137725320610E-050  -2.6075305823634095E-035  -1.6051522386667530E-034  -9.4635638087453980E-034   5.3792602307604537E-034   7.3878021893773819E-050  -8.6974827808613120E-035  -2.5148030896443394E-033   3.3501441191514553E-034  -8.4789536109311518E-034   1.6617966049031283E-049   5.6800907318942496E-034   1.2387468171671695E-049   3.8264460201503463E-049   1.7245817810535302E-049  -2.9698709172171447E-050  -1.2314686553758049E-049  -1.3574479782701381E-021   1.3507930659045078E-017   5.4741225600438110E-018   7.6310912253956420E-018   3.7992921319781107E-034   3.5613329343834667E-034   1.3871334339310015E-034   1.2095099693054973E-033   6.2500221002604354E-034   9.4378624885911238E-034   5.1010314923606711E-034   5.7634011830603435E-034  -2.8925739376587900E-034  -6.9118744103142642E-050  -2.9456544490989719E-035  -1.6981218591379524E-034  -1.0646274762510746E-033   6.0744444561686752E-034   8.3237071515636638E-050  -9.8268195885075421E-035  -2.8395097873150469E-033   3.7520758366922678E-034  -9.5772597381308317E-034   1.8775823129014118E-049   6.4176506534634492E-034   1.3995863570638537E-049   4.3233687612433032E-049   1.9485113886621313E-049  -3.3556314560647050E-050  -1.3913542736488221E-049  -4.0027063766656022E-021  -6.7794498174128539E-018  -2.7474748521839590E-018  -3.8299516623894650E-018  -1.9068185584748724E-034  -1.7873872122726505E-034  -6.9618699381965876E-035  -6.0704275408564119E-034  -3.1368038728156698E-034  -4.7367385275608799E-034  -2.5601418916651235E-034  -2.8925739376587900E-034   1.4517443787759828E-034   3.4705499087463055E-050   1.4784221333601426E-035   8.6160834091628080E-035   5.3469563150789497E-034  -3.0489505439466732E-034  -4.1794510982697094E-050   4.9319519047526591E-035   1.4252609419051874E-033  -1.8857940986282803E-034   4.8069159844153137E-034  -9.4233334519182865E-050  -3.2209330491704528E-034  -7.0243463008456230E-050  -2.1698362264327783E-049  -9.7793240856102523E-050   1.6841366260505080E-050   6.9830377386324663E-050  -3.3028505562786852E-033  -1.6200784885440544E-033  -7.1712906648560960E-034  -9.2157881126939982E-034  -4.5893309942713352E-050  -4.2841461287871357E-050  -1.6867026409933730E-050  -1.4920221299643976E-049  -7.5053927863220611E-050  -1.1330012598188191E-049  -6.1347137725320610E-050  -6.9118744103142642E-050   3.4705499087463055E-050   1.9378896144788230E-065   3.7976322244053830E-051   6.7925547763897884E-049   3.9095039629860449E-049  -9.1758100282456761E-050  -2.3337266688335164E-065   1.1803621366409239E-050   4.4558542546087652E-049  -2.3380274955186155E-049   1.3019245487022629E-049  -2.2510582331411970E-065  -7.6968937781146851E-050  -1.6852825186109706E-065  -5.1516956689470951E-065  -2.3411231122299891E-065   3.9544798633981359E-066   1.6804611427108614E-065  -7.8858769743851027E-020  -6.9038836900211797E-019  -2.8122941098991128E-019  -3.9017548839483840E-019  -1.9425925492713189E-035  -1.8204991081056013E-035  -7.0951241836594854E-036  -6.1916787970970860E-035  -3.1946019691499225E-035  -4.8239329463754378E-035  -2.6075305823634095E-035  -2.9456544490989719E-035   1.4784221333601426E-035   3.7976322244053830E-051   1.5118461376097434E-036   2.4423756081625152E-035   6.0703857415047736E-035  -3.1498124181874521E-035  -4.5733438758842376E-051   5.0228982930695001E-036   1.4763665523269857E-034  -2.3688382157077344E-035   4.9315491925234038E-035  -9.5960982851201044E-051  -3.2800485952766790E-035  -7.1548625956175886E-051  -2.2088657240843374E-050  -9.9598095541460587E-051   1.7133830470871862E-051   7.1139957058681763E-051  -1.9624705091063218E-016  -3.9866644855971218E-018  -5.2154349765971230E-018  -2.6289607795824014E-018  -1.3152125943925445E-034  -1.1274148002881410E-034  -5.4627842847006605E-035  -6.0289821910018221E-034  -1.9004890534071530E-034  -2.8488905248334025E-034  -1.6051522386667530E-034  -1.6981218591379524E-034   8.6160834091628080E-035   6.7925547763897884E-049   2.4423756081625152E-035   3.9197790112396751E-032   1.5955948055936399E-032  -1.3024551183132996E-033  -8.1800150600613877E-049   3.0059392371442574E-035   7.0782314591282093E-033  -1.1328351187053807E-032   1.1933219528758248E-033  -5.4922791994862230E-050  -1.8932513415545796E-034  -4.5277758174725241E-050  -1.0766291943049899E-049  -5.9984419121229919E-050   5.7381604051971946E-051   4.8036312469234347E-050  -7.8412077636638607E-017  -2.4954809474805314E-017  -1.1551382340414330E-017  -1.4248365030630032E-017  -7.0963648172610443E-034  -6.6097779305229006E-034  -2.6173126357587103E-034  -2.3327378403846456E-033  -1.1568741600676247E-033  -1.7461038809811697E-033  -9.4635638087453980E-034  -1.0646274762510746E-033   5.3469563150789497E-034   3.9095039629860449E-049   6.0703857415047736E-035   1.5955948055936399E-032   8.2167821613164275E-033  -1.5709922474701902E-033  -4.7080667506361503E-049   1.8196488952669702E-034   7.7391581116983655E-033  -5.1753872932680165E-033   2.1331950171616264E-033  -3.4667185806529175E-049  -1.1855761871622985E-033  -2.6014897376662264E-049  -7.9074204008990911E-049  -3.6096145915845289E-049   6.0328174360353679E-050   2.5982747693448607E-049   5.6305591630205419E-018   1.4237128502477820E-017   5.8729411803814374E-018   8.0538523365815278E-018   4.0099539554551236E-034   3.7557750146060531E-034   1.4659434078561656E-034   1.2818606583928693E-033   6.5890205845983933E-034   9.9491668761603475E-034   5.3792602307604537E-034   6.0744444561686752E-034  -3.0489505439466732E-034  -9.1758100282456761E-050  -3.1498124181874521E-035  -1.3024551183132996E-033  -1.5709922474701902E-033   6.7246947686909665E-034   1.1050078606683696E-049  -1.0360333642258652E-034  -3.1718784842102610E-033   7.1739008995944039E-034  -1.0355614318790812E-033   1.9787987491499752E-049   6.7640707110532828E-034   1.4762797756403638E-049   4.5510359379635501E-049   2.0544086288842227E-049  -3.5248240335030102E-050  -1.4684646863617891E-049   3.9774971540018094E-033   1.9509988319616287E-033   8.6361122684650200E-034   1.1098222691439018E-033   5.5267565569340590E-050   5.1592340447210051E-050   2.0312317617413879E-050   1.7967854356472958E-049   9.0384587309020317E-050   1.3644302730691189E-049   7.3878021893773819E-050   8.3237071515636638E-050  -4.1794510982697094E-050  -2.3337266688335164E-065  -4.5733438758842376E-051  -8.1800150600613877E-049  -4.7080667506361503E-049   1.1050078606683696E-049   2.8104181601125435E-065  -1.4214651735470855E-050  -5.3660156020870197E-049   2.8155974819160437E-049  -1.5678581573556978E-049   2.7108637109816525E-065   9.2690760830543129E-050   2.0295215624338226E-065   6.2039909200758764E-065   2.8193254152419895E-065  -4.7622295148422648E-066  -2.0237153630329439E-065  -5.3117416073450159E-021  -2.3031540629745276E-018  -9.3346060378299743E-019  -1.3011410077580783E-018  -6.4779937916148132E-035  -6.0722310113285098E-035  -2.3651544512476155E-035  -2.0623304214545301E-034  -1.0656543538033938E-034  -1.6091935983762888E-034  -8.6974827808613120E-035  -9.8268195885075421E-035   4.9319519047526591E-035   1.1803621366409239E-050   5.0228982930695001E-036   3.0059392371442574E-035   1.8196488952669702E-034  -1.0360333642258652E-034  -1.4214651735470855E-050   1.6755134714420470E-035   4.8432358567692271E-034  -6.4291186176354512E-035   1.6332167981158042E-034  -3.2013485761322475E-050  -1.0942340641574488E-034  -2.3863597152165673E-050  -7.3714534958922714E-050  -3.3222937589059783E-050   5.7213628684613032E-051   2.3723321748391726E-050  -3.1282420319418158E-017  -6.6551878085869084E-017  -2.7544260474523993E-017  -3.7657497341186066E-017  -1.8749551367666521E-033  -1.7558411642511712E-033  -6.8560570394058217E-034  -5.9983139788364284E-033  -3.0801984674915320E-033  -4.6509278957171927E-033  -2.5148030896443394E-033  -2.8395097873150469E-033   1.4252609419051874E-033   4.4558542546087652E-049   1.4763665523269857E-034   7.0782314591282093E-033   7.7391581116983655E-033  -3.1718784842102610E-033  -5.3660156020870197E-049   4.8432358567692271E-034   1.4984825818559781E-032  -3.6371036045409389E-033   4.8637890618088278E-033  -9.2498290379122900E-049  -3.1618827708524050E-033  -6.9019175537628866E-049  -2.1268911415999389E-048  -9.6040201942045796E-049   1.6466361532776299E-049   6.8661446336858506E-049   5.6233877134076967E-017   8.7958220055731689E-018   4.5960608474543155E-018   5.0770202418801620E-018   2.5295108942548211E-034   2.3408723689722998E-034   9.4247049933738727E-035   8.5805545043670994E-034   4.0857781725635396E-034   6.1637375300999800E-034   3.3501441191514553E-034   3.7520758366922678E-034  -1.8857940986282803E-034  -2.3380274955186155E-049  -2.3688382157077344E-035  -1.1328351187053807E-032  -5.1753872932680165E-033   7.1739008995944039E-034   2.8155974819160437E-049  -6.4291186176354512E-035  -3.6371036045409389E-033   3.4587305529242435E-033  -8.8458354172242160E-034   1.2211985180548074E-049   4.1786806648230784E-034   9.2273349282854488E-050   2.7580807033064185E-049   1.2758902442875044E-049  -2.0656903390881165E-050  -9.2597393147099965E-050  -4.5652765621063109E-018  -2.2446790624133074E-017  -9.1804015296179238E-018  -1.2689727211711658E-017  -6.3179830881101844E-034  -5.9198183114962463E-034  -2.3082535819799904E-034  -2.0156258609677288E-033  -1.0387268901784123E-033  -1.5684835468712549E-033  -8.4789536109311518E-034  -9.5772597381308317E-034   4.8069159844153137E-034   1.3019245487022629E-049   4.9315491925234038E-035   1.1933219528758248E-033   2.1331950171616264E-033  -1.0355614318790812E-033  -1.5678581573556978E-049   1.6332167981158042E-034   4.8637890618088278E-033  -8.8458354172242160E-034   1.6126953054306999E-033  -3.1199562449658852E-049  -1.0664505580190542E-033  -2.3266855031354990E-049  -7.1797141191865611E-049  -3.2385134111179382E-049   5.5665224071907897E-050   2.3137044290004444E-049  -2.4377780837719893E-036   4.4005701652366240E-033   1.7833054201976559E-033   2.4860285022398086E-033   1.2377191882706622E-049   1.1601988024124067E-049   4.5189447269247217E-050   3.9402776338721150E-049   2.0361115113867408E-049   3.0746358139164035E-049   1.6617966049031283E-049   1.8775823129014118E-049  -9.4233334519182865E-050  -2.2510582331411970E-065  -9.5960982851201044E-051  -5.4922791994862230E-050  -3.4667185806529175E-049   1.9787987491499752E-049   2.7108637109816525E-065  -3.2013485761322475E-050  -9.2498290379122900E-049   1.2211985180548074E-049  -3.1199562449658852E-049   6.1167277151833544E-065   2.0907215784844022E-049   4.5595233404307876E-065   1.4084551842934757E-064   6.3477951565479150E-065  -1.0931910489713605E-065  -4.5327020719853318E-065  -3.2738584023395618E-022   1.5041323256981470E-017   6.0955554527893568E-018   8.4973593313625015E-018   4.2305811565119852E-034   3.9656086092057913E-034   1.5445988037812774E-034   1.3468125455328987E-033   6.9595121341263384E-034   1.0509229674055685E-033   5.6800907318942496E-034   6.4176506534634492E-034  -3.2209330491704528E-034  -7.6968937781146851E-050  -3.2800485952766790E-035  -1.8932513415545796E-034  -1.1855761871622985E-033   6.7640707110532828E-034   9.2690760830543129E-050  -1.0942340641574488E-034  -3.1618827708524050E-033   4.1786806648230784E-034  -1.0664505580190542E-033   2.0907215784844022E-049   7.1461691948673185E-034   1.5584647708596946E-049   4.8141475174934736E-049   2.1697025566298016E-049  -3.7365533466527037E-050  -1.5492983793218753E-049   1.9925395290635508E-035   3.2802712928718298E-033   1.3297096601540696E-033   1.8531761362226176E-033   9.2264163701770540E-050   8.6484339577757920E-050   3.3686616712646958E-050   2.9374326830268386E-049   1.5177636390612763E-049   2.2919008561568348E-049   1.2387468171671695E-049   1.3995863570638537E-049  -7.0243463008456230E-050  -1.6852825186109706E-065  -7.1548625956175886E-051  -4.5277758174725241E-050  -2.6014897376662264E-049   1.4762797756403638E-049   2.0295215624338226E-065  -2.3863597152165673E-050  -6.9019175537628866E-049   9.2273349282854488E-050  -2.3266855031354990E-049   4.5595233404307876E-065   1.5584647708596946E-049   3.3988021025158066E-065   1.0498680269125773E-064   4.7317984281043936E-065  -8.1483989444467621E-066  -3.3788422572944598E-065  -9.9876103436317571E-035   1.0132861503766134E-032   4.1045539940711815E-033   5.7242096376056302E-033   2.8499096205522639E-049   2.6714657371031458E-049   1.0404776189281396E-049   9.0717992938518330E-049   4.6883737890999060E-049   7.0797018569502324E-049   3.8264460201503463E-049   4.3233687612433032E-049  -2.1698362264327783E-049  -5.1516956689470951E-065  -2.2088657240843374E-050  -1.0766291943049899E-049  -7.9074204008990911E-049   4.5510359379635501E-049   6.2039909200758764E-065  -7.3714534958922714E-050  -2.1268911415999389E-048   2.7580807033064185E-049  -7.1797141191865611E-049   1.4084551842934757E-064   4.8141475174934736E-049   1.0498680269125773E-064   3.2432394317197377E-064   1.4616470864621296E-064  -2.5174087773156286E-065  -1.0436776783720881E-064   1.2443035126055043E-035   4.5668101925177195E-033   1.8509478754265576E-033   2.5799717699324392E-033   1.2844912127573374E-049   1.2040333748265575E-049   4.6897610207470690E-050   4.0893168572063269E-049   2.1130338157059299E-049   3.1907909538521263E-049   1.7245817810535302E-049   1.9485113886621313E-049  -9.7793240856102523E-050  -2.3411231122299891E-065  -9.9598095541460587E-051  -5.9984419121229919E-050  -3.6096145915845289E-049   2.0544086288842227E-049   2.8193254152419895E-065  -3.3222937589059783E-050  -9.6040201942045796E-049   1.2758902442875044E-049  -3.2385134111179382E-049   6.3477951565479150E-065   2.1697025566298016E-049   4.7317984281043936E-065   1.4616470864621296E-064   6.5876142629294232E-065  -1.1344566687470237E-065  -4.7039868348517345E-065   2.0877109280359786E-035  -7.8647303287996986E-034  -3.1833865071137442E-034  -4.4426554016179293E-034  -2.2118585675133538E-050  -2.0734360422624327E-050  -8.0748643562802610E-051  -7.0395306026423309E-050  -3.6388947751460041E-050  -5.4949449299178305E-050  -2.9698709172171447E-050  -3.3556314560647050E-050   1.6841366260505080E-050   3.9544798633981359E-066   1.7133830470871862E-051   5.7381604051971946E-051   6.0328174360353679E-050  -3.5248240335030102E-050  -4.7622295148422648E-066   5.7213628684613032E-051   1.6466361532776299E-049  -2.0656903390881165E-050   5.5665224071907897E-050  -1.0931910489713605E-065  -3.7365533466527037E-050  -8.1483989444467621E-066  -2.5174087773156286E-065  -1.1344566687470237E-065   1.9541927088396663E-066   8.1001511405565071E-066  -3.4971846283190288E-035  -3.2609779196253695E-033  -1.3221669388276644E-033  -1.8423055335601822E-033  -9.1722997439992250E-050  -8.5976259736139324E-050  -3.3489541872403313E-050  -2.9203457875622871E-049  -1.5088410188362288E-049  -2.2784256238697192E-049  -1.2314686553758049E-049  -1.3913542736488221E-049   6.9830377386324663E-050   1.6804611427108614E-065   7.1139957058681763E-051   4.8036312469234347E-050   2.5982747693448607E-049  -1.4684646863617891E-049  -2.0237153630329439E-065   2.3723321748391726E-050   6.8661446336858506E-049  -9.2597393147099965E-050   2.3137044290004444E-049  -4.5327020719853318E-065  -1.5492983793218753E-049  -3.3788422572944598E-065  -1.0436776783720881E-064  -4.7039868348517345E-065   8.1001511405565071E-066   3.3590230007653838E-065
