  0.98378720007758758        1.7891016236229146E-006   1.8046645740152790E-002   1.8896956133475278E-003  -3.7540056831742589E-020  -3.6804167752767976E-020  -3.1525444611311746E-020   2.8276933451314965E-019  -6.8648038633022746E-021  -8.3165463270079824E-021  -6.0135695852588673E-021  -1.2723861465188708E-021  -2.4847299143828481E-022  -9.8601499817000869E-029   6.1683017334477820E-027  -2.0107120129483724E-017   3.4207875611177973E-017   4.8924331516230784E-018   1.1874203153300020E-028  -8.9381348479445632E-028   1.3234603447073089E-017   4.5655415275692664E-018   2.5581273223798825E-017  -4.2414107992675000E-036  -3.3940723654109031E-030  -9.3521145386160851E-039   2.5090046800020245E-036   1.0762994162028911E-035  -5.1117441634708046E-037  -8.3464723266412809E-036   1.7891016236229146E-006  0.31659116822791833       0.12829997625150877       0.17885322469658671        2.1938596828746207E-020  -6.1492995248775325E-019  -4.7489320471792948E-019   2.7387925411128090E-018  -1.7879597657413662E-018  -1.3488451335788518E-018   2.4278659002272590E-018  -4.1205057720481680E-019  -3.3159721733341920E-019   2.3236670728911419E-028   9.8923458695230044E-026   3.5669223733084419E-017  -3.8501429243027618E-017  -1.3627838639869944E-017  -2.7983037717836076E-028  -3.6577855351481034E-026  -2.0246160349179524E-017  -1.7462723638974678E-017   1.4549824919684212E-016  -8.0370629302565126E-034  -1.6691439854695318E-028  -5.0660147450988159E-034   7.2582619177734574E-034   1.8516171755291776E-034  -4.8587884007880671E-035  -4.2581798020316165E-034   1.8046645740152790E-002  0.12829997625150877        5.2325156939093329E-002   7.2515707971921251E-002   8.2021023033120272E-021  -2.4987813965928776E-019  -1.9303081123490126E-019   1.1150944783050397E-018  -7.2470436963505594E-019  -5.4677789104201765E-019   9.8379287271354707E-019  -1.6700862254664536E-019  -1.3438576770767650E-019   9.2358936911373609E-029   4.0202307611897638E-026   1.4086276270508701E-017  -1.4975385200797213E-017  -5.4329972358733321E-018  -1.1122435073947820E-028  -1.4839729960466819E-026  -7.9620777246755726E-018  -6.9930972837934488E-018   5.9433041671545913E-017  -3.2578326107849002E-034  -6.7705042176712035E-029  -2.0530261534953558E-034   2.9419023434110929E-034   7.5235017781152144E-035  -1.9699827270405999E-035  -1.7271768450409508E-034   1.8896956133475278E-003  0.17885322469658671        7.2515707971921251E-002  0.10104395551109156        1.2321796831056826E-020  -3.4746570113825631E-019  -2.6834399993767286E-019   1.5477808079120915E-018  -1.0100930413597967E-018  -7.6202489548180491E-019   1.3715732642207834E-018  -2.3278396178375607E-019  -1.8733113066343411E-019   1.3108263520102549E-028   5.5897100377434422E-026   2.0112167350869845E-017  -2.1685106711870089E-017  -7.6894414229144081E-018  -1.5785782601032210E-028  -2.0665802361018405E-026  -1.1412343214968180E-017  -9.8565272017065541E-018   8.2246067926921820E-017  -4.5404942332727830E-034  -9.4302190811195603E-029  -2.8619658534199813E-034   4.1004895418522099E-034   1.0462487478191400E-034  -2.7449945325423351E-035  -2.4057522135293819E-034  -3.7540056831742589E-020   2.1938596828746207E-020   8.2021023033120272E-021   1.2321796831056826E-020   2.9527534518181252E-039  -4.1208099131379860E-038  -3.1705470300060897E-038   1.7899863189726062E-037  -1.2363743035925283E-037  -9.3152919213715901E-038   1.6847212016160858E-037  -2.8505116821249707E-038  -2.2969050585822637E-038   1.9864722456061945E-047   6.6196758290456619E-045   3.2390173793012368E-036  -3.9733478624255387E-036  -1.1310513305813060E-036  -2.3922328814975126E-047  -2.5006110672926389E-045  -1.9080055321374926E-036  -1.3843216960338006E-036   9.1063700441154684E-036  -5.5532199033475619E-053  -1.1437072492792798E-047  -3.5105360548923118E-053   5.0201485927992838E-053   1.2420358608410218E-053  -3.3474652796556153E-054  -2.9189210949375492E-053  -3.6804167752767976E-020  -6.1492995248775325E-019  -2.4987813965928776E-019  -3.4746570113825631E-019  -4.1208099131379860E-038   1.1957840487227904E-036   9.2358663868754996E-037  -5.3302629003810368E-036   3.4730949654934411E-036   2.6202363107468523E-036  -4.7155329416459802E-036   8.0039277246013666E-037   6.4408613373444763E-037  -4.4764835909301456E-046  -1.9237441558907405E-043  -6.8529857013310680E-035   7.3503513383698352E-035   2.6286978559061942E-035   5.3908587262638788E-046   7.1080320297135543E-044   3.8829998489835451E-035   3.3747883776643640E-035  -2.8356500149186718E-034   1.5612351148425657E-051   3.2433263322077163E-046   9.8399617160805903E-052  -1.4099001344038273E-051  -3.6005090787449873E-052   9.4393649215028548E-053   8.2739846701773584E-052  -3.1525444611311746E-020  -4.7489320471792948E-019  -1.9303081123490126E-019  -2.6834399993767286E-019  -3.1705470300060897E-038   9.2358663868754996E-037   7.1335954613522934E-037  -4.1173047017720635E-036   2.6821957286775418E-036   2.0235614275494478E-036  -3.6416552041897651E-036   6.1812495923075794E-037   4.9741048580224340E-037  -3.4539534021347743E-046  -1.4858483256861229E-043  -5.2860278624929410E-035   5.6656824088244973E-035   2.0285268644608745E-035   4.1594645573442503E-046   5.4896161689364514E-044   2.9945582943858910E-035   2.6048147951795659E-035  -2.1906999451269130E-034   1.2057115785399753E-051   2.5048372317682987E-046   7.5991274462959927E-052  -1.0888343433125216E-051  -2.7809118715201257E-052   7.2899186654203229E-053   6.3900301150333098E-052   2.8276933451314965E-019   2.7387925411128090E-018   1.1150944783050397E-018   1.5477808079120915E-018   1.7899863189726062E-037  -5.3302629003810368E-036  -4.1173047017720635E-036   2.3774235836754136E-035  -1.5469397408423337E-035  -1.1671086917502300E-035   2.1001446808184291E-035  -3.5649655661392470E-036  -2.8686789630519262E-036   1.9818369540650626E-045   8.5754776861817499E-043   3.0279109357115382E-034  -3.2323941255869537E-034  -1.1648663704339569E-034  -2.3866507764041494E-045  -3.1668751086433400E-043  -1.7134328671540838E-034  -1.4975571793285914E-034   1.2660402187542492E-033  -6.9539852823717168E-051  -1.4449318406757742E-045  -4.3825509661036579E-051   6.2797559988512606E-051   1.6049051260443287E-051  -4.2047484510964948E-052  -3.6860988984647940E-051  -6.8648038633022746E-021  -1.7879597657413662E-018  -7.2470436963505594E-019  -1.0100930413597967E-018  -1.2363743035925283E-037   3.4730949654934411E-036   2.6821957286775418E-036  -1.5469397408423337E-035   1.0097613469746522E-035   7.6177082614774329E-036  -1.3711416129872829E-035   2.3270789871939344E-036   1.8727086744579262E-036  -1.3116121267210385E-045  -5.5871668959243505E-043  -2.0130309540929741E-034   2.1719982625792930E-034   7.6929609009778517E-035   1.5795245386655035E-045   2.0658095189439356E-043   1.1424868810022469E-034   9.8589534540458060E-035  -8.2188471951228659E-034   4.5389890992886430E-051   9.4267858292820026E-046   2.8610497035452690E-051  -4.0991464185553625E-051  -1.0457823027334434E-051   2.7440534487892237E-052   2.4048801695254467E-051  -8.3165463270079824E-021  -1.3488451335788518E-018  -5.4677789104201765E-019  -7.6202489548180491E-019  -9.3152919213715901E-038   2.6202363107468523E-036   2.0235614275494478E-036  -1.1671086917502300E-035   7.6177082614774329E-036   5.7468609173578935E-036  -1.0343936650431478E-035   1.7555632235337110E-036   1.4127808895906720E-036  -9.8917178169435534E-046  -4.2151813149855497E-043  -1.5179985750611995E-034   1.6374745170784783E-034   5.8020449318014841E-035   1.1912219095196089E-045   1.5584847759262938E-043   8.6147528769848474E-035   7.4361840045537054E-035  -6.2011522812220553E-034   3.4242479255954720E-051   7.1117191390677265E-046   2.1583891765927300E-051  -3.0924230448385730E-051  -7.8897734018927377E-052   2.0701429338088792E-052   1.8142793580087226E-051  -6.0135695852588673E-021   2.4278659002272590E-018   9.8379287271354707E-019   1.3715732642207834E-018   1.6847212016160858E-037  -4.7155329416459802E-036  -3.6416552041897651E-036   2.1001446808184291E-035  -1.3711416129872829E-035  -1.0343936650431478E-035   1.8618790136232202E-035  -3.1599146865586030E-036  -2.5429423782365025E-036   1.7825717042718178E-045   7.5858379209348233E-043   2.7366238076405577E-034  -2.9546831284037277E-034  -1.0453877974533114E-034  -2.1466832240008442E-045  -2.8050180596836111E-043  -1.5534429814066030E-034  -1.3394564085514808E-034   1.1156363680081712E-033  -6.1634154091654205E-051  -1.2800078957669736E-045  -3.8850118253936302E-051   5.5661811786406899E-051   1.4198973027414814E-051  -3.7260633784801911E-052  -3.2654504394255339E-051  -1.2723861465188708E-021  -4.1205057720481680E-019  -1.6700862254664536E-019  -2.3278396178375607E-019  -2.8505116821249707E-038   8.0039277246013666E-037   6.1812495923075794E-037  -3.5649655661392470E-036   2.3270789871939344E-036   1.7555632235337110E-036  -3.1599146865586030E-036   5.3629480006446455E-037   4.3158160840493030E-037  -3.0230323829151773E-046  -1.2875908489266220E-043  -4.6398344391898542E-035   5.0066320092682333E-035   1.7730624529416510E-035   3.6405227831585444E-046   4.7608060975746746E-044   2.6333750468217872E-035   2.2722236212826768E-035  -1.8940229136748408E-034   1.0460474165207730E-051   2.1724725131877790E-046   6.5935330352166016E-052  -9.4468246457657954E-052  -2.4100606341989593E-052   6.3238891265741592E-053   5.5422251940130012E-052  -2.4847299143828481E-022  -3.3159721733341920E-019  -1.3438576770767650E-019  -1.8733113066343411E-019  -2.2969050585822637E-038   6.4408613373444763E-037   4.9741048580224340E-037  -2.8686789630519262E-036   1.8727086744579262E-036   1.4127808895906720E-036  -2.5429423782365025E-036   4.3158160840493030E-037   3.4731459733470825E-037  -2.4335589990204983E-046  -1.0361386034186698E-043  -3.7354862833490125E-035   4.0317777012091315E-035   1.4272555795437869E-035   2.9306424337906974E-046   3.8311826678708020E-044   2.1202487088388850E-035   1.8289291768408180E-035  -1.5240110719602462E-034   8.4180208829133583E-052   1.7482679530131579E-046   5.3061379033327360E-052  -7.6023012768049120E-052  -1.9394086286225548E-052   5.0891020640763562E-053   4.4600334330922058E-052  -9.8601499817000869E-029   2.3236670728911419E-028   9.2358936911373609E-029   1.3108263520102549E-028   1.9864722456061945E-047  -4.4764835909301456E-046  -3.4539534021347743E-046   1.9818369540650626E-045  -1.3116121267210385E-045  -9.8917178169435534E-046   1.7825717042718178E-045  -3.0230323829151773E-046  -2.4335589990204983E-046   1.8043167690297028E-055   7.1988136701620287E-053   2.8195259543458748E-044  -3.1687287209041777E-044  -1.0492716474694392E-044  -2.1728699774473956E-055  -2.6757286412222455E-053  -1.6186451268635812E-044  -1.3274624822775540E-044   1.0422669098900212E-043  -5.8946730861691455E-061  -1.2216917243626682E-055  -3.7182689361510823E-061   5.3247966307886357E-061   1.3482349808500099E-061  -3.5610580051566611E-062  -3.1169901240383937E-061   6.1683017334477820E-027   9.8923458695230044E-026   4.0202307611897638E-026   5.5897100377434422E-026   6.6196758290456619E-045  -1.9237441558907405E-043  -1.4858483256861229E-043   8.5754776861817499E-043  -5.5871668959243505E-043  -4.2151813149855497E-043   7.5858379209348233E-043  -1.2875908489266220E-043  -1.0361386034186698E-043   7.1988136701620287E-053   3.0948723780307498E-050   1.1019300801577171E-041  -1.1815860907187111E-041  -4.2275409222853029E-042  -8.6692571756924505E-053  -1.1434878752669372E-050  -6.2432300912190188E-042  -5.4278551068596445E-042   4.5623391952315115E-041  -2.5115613995715272E-058  -5.2176074575600530E-053  -1.5829494928485457E-058   2.2681052512308766E-058   5.7923909518119279E-059  -1.5185185405796438E-059  -1.3310525743978264E-058  -2.0107120129483724E-017   3.5669223733084419E-017   1.4086276270508701E-017   2.0112167350869845E-017   3.2390173793012368E-036  -6.8529857013310680E-035  -5.2860278624929410E-035   3.0279109357115382E-034  -2.0130309540929741E-034  -1.5179985750611995E-034   2.7366238076405577E-034  -4.6398344391898542E-035  -3.7354862833490125E-035   2.8195259543458748E-044   1.1019300801577171E-041   4.4296944621916083E-033  -5.0369904864322941E-033  -1.6353975911291362E-033  -3.3954477406572347E-044  -4.1028353515323295E-042  -2.5515646337790608E-033  -2.0607799273054857E-033   1.5869949824605967E-032  -9.0464191395163635E-050  -1.8736312541353925E-044  -5.7076890201899718E-050   8.1725110884407374E-050   2.0641565387955615E-050  -5.4637854587149100E-051  -4.7804886248958118E-050   3.4207875611177973E-017  -3.8501429243027618E-017  -1.4975385200797213E-017  -2.1685106711870089E-017  -3.9733478624255387E-036   7.3503513383698352E-035   5.6656824088244973E-035  -3.2323941255869537E-034   2.1719982625792930E-034   1.6374745170784783E-034  -2.9546831284037277E-034   5.0066320092682333E-035   4.0317777012091315E-035  -3.1687287209041777E-044  -1.1815860907187111E-041  -5.0369904864322941E-033   5.8717317516876690E-033   1.8274365061603317E-033   3.8159793349538104E-044   4.4172504391599271E-042   2.9223807869712302E-033   2.2824404156905657E-033  -1.6804919900073346E-032   9.7593371766415716E-050   2.0180884455474319E-044   6.1608823448645261E-050  -8.8182405095814384E-050  -2.2143758319859937E-050   5.8911269355859671E-051   5.1494631469770039E-050   4.8924331516230784E-018  -1.3627838639869944E-017  -5.4329972358733321E-018  -7.6894414229144081E-018  -1.1310513305813060E-036   2.6286978559061942E-035   2.0285268644608745E-035  -1.1648663704339569E-034   7.6929609009778517E-035   5.8020449318014841E-035  -1.0453877974533114E-034   1.7730624529416510E-035   1.4272555795437869E-035  -1.0492716474694392E-044  -4.2275409222853029E-042  -1.6353975911291362E-033   1.8274365061603317E-033   6.1094884110428796E-034   1.2635978892992148E-044   1.5700696027690366E-042   9.3732504628597204E-034   7.7439797735518185E-034  -6.1358359637965824E-033   3.4574902991212261E-050   7.1680463627767740E-045   2.1806903114172782E-050  -3.1231125077160423E-050  -7.9168659545040604E-051   2.0889510584024183E-051   1.8288069837995913E-050   1.1874203153300020E-028  -2.7983037717836076E-028  -1.1122435073947820E-028  -1.5785782601032210E-028  -2.3922328814975126E-047   5.3908587262638788E-046   4.1594645573442503E-046  -2.3866507764041494E-045   1.5795245386655035E-045   1.1912219095196089E-045  -2.1466832240008442E-045   3.6405227831585444E-046   2.9306424337906974E-046  -2.1728699774473956E-055  -8.6692571756924505E-053  -3.3954477406572347E-044   3.8159793349538104E-044   1.2635978892992148E-044   2.6167045720199260E-055   3.2222781121934020E-053   1.9492726890715424E-044   1.5986125182884717E-044  -1.2551623505692833E-043   7.0987303314217910E-061   1.4712368222300108E-055   4.4777696899545634E-061  -6.4124498168221593E-061  -1.6236280473127522E-061   4.2884465522729068E-062   3.7536725129286668E-061  -8.9381348479445632E-028  -3.6577855351481034E-026  -1.4839729960466819E-026  -2.0665802361018405E-026  -2.5006110672926389E-045   7.1080320297135543E-044   5.4896161689364514E-044  -3.1668751086433400E-043   2.0658095189439356E-043   1.5584847759262938E-043  -2.8050180596836111E-043   4.7608060975746746E-044   3.8311826678708020E-044  -2.6757286412222455E-053  -1.1434878752669372E-050  -4.1028353515323295E-042   4.4172504391599271E-042   1.5700696027690366E-042   3.2222781121934020E-053   4.2268913703563833E-051   2.3271502378344263E-042   2.0134359407309426E-042  -1.6833603166144126E-041   9.2861310989002334E-059   1.9287797962213855E-053   5.8530998907213424E-059  -8.3861738587122855E-059  -2.1402723822432147E-059   5.6141411734920166E-060   4.9205124953311705E-059   1.3234603447073089E-017  -2.0246160349179524E-017  -7.9620777246755726E-018  -1.1412343214968180E-017  -1.9080055321374926E-036   3.8829998489835451E-035   2.9945582943858910E-035  -1.7134328671540838E-034   1.1424868810022469E-034   8.6147528769848474E-035  -1.5534429814066030E-034   2.6333750468217872E-035   2.1202487088388850E-035  -1.6186451268635812E-044  -6.2432300912190188E-042  -2.5515646337790608E-033   2.9223807869712302E-033   9.3732504628597204E-034   1.9492726890715424E-044   2.3271502378344263E-042   1.4727962300298046E-033   1.1781704966670230E-033  -8.9605549835100282E-033   5.1340413423893671E-050   1.0628610406176301E-044   3.2397325249177495E-050  -4.6383242622081537E-050  -1.1696403964158163E-050   3.1003459455488587E-051   2.7119017233811509E-050   4.5655415275692664E-018  -1.7462723638974678E-017  -6.9930972837934488E-018  -9.8565272017065541E-018  -1.3843216960338006E-036   3.3747883776643640E-035   2.6048147951795659E-035  -1.4975571793285914E-034   9.8589534540458060E-035   7.4361840045537054E-035  -1.3394564085514808E-034   2.2722236212826768E-035   1.8289291768408180E-035  -1.3274624822775540E-044  -5.4278551068596445E-042  -2.0607799273054857E-033   2.2824404156905657E-033   7.7439797735518185E-034   1.5986125182884717E-044   2.0134359407309426E-042   1.1781704966670230E-033   9.8440787632256108E-034  -7.9067629694266590E-033   4.4311646117791185E-050   9.1910163920933358E-045   2.7943394819221577E-050  -4.0023927100086954E-050  -1.0163315031265848E-050   2.6776683302432213E-051   2.3448797164603063E-050   2.5581273223798825E-017   1.4549824919684212E-016   5.9433041671545913E-017   8.2246067926921820E-017   9.1063700441154684E-036  -2.8356500149186718E-034  -2.1906999451269130E-034   1.2660402187542492E-033  -8.2188471951228659E-034  -6.2011522812220553E-034   1.1156363680081712E-033  -1.8940229136748408E-034  -1.5240110719602462E-034   1.0422669098900212E-043   4.5623391952315115E-041   1.5869949824605967E-032  -1.6804919900073346E-032  -6.1358359637965824E-033  -1.2551623505692833E-043  -1.6833603166144126E-041  -8.9605549835100282E-033  -7.9067629694266590E-033   6.7532897825466944E-032  -3.6947567773528600E-049  -7.6798367936204755E-044  -2.3282292242632471E-049   3.3363868328663811E-049   8.5376033457089071E-050  -2.2343193674290348E-050  -1.9591342161420093E-049  -4.2414107992675000E-036  -8.0370629302565126E-034  -3.2578326107849002E-034  -4.5404942332727830E-034  -5.5532199033475619E-053   1.5612351148425657E-051   1.2057115785399753E-051  -6.9539852823717168E-051   4.5389890992886430E-051   3.4242479255954720E-051  -6.1634154091654205E-051   1.0460474165207730E-051   8.4180208829133583E-052  -5.8946730861691455E-061  -2.5115613995715272E-058  -9.0464191395163635E-050   9.7593371766415716E-050   3.4574902991212261E-050   7.0987303314217910E-061   9.2861310989002334E-059   5.1340413423893671E-050   4.4311646117791185E-050  -3.6947567773528600E-049   2.0403272329717748E-066   4.2374769851679280E-061   1.2860712579144591E-066  -1.8426113924040369E-066  -4.7010253618813788E-067   1.2334862324942311E-067   1.0810281572140033E-066  -3.3940723654109031E-030  -1.6691439854695318E-028  -6.7705042176712035E-029  -9.4302190811195603E-029  -1.1437072492792798E-047   3.2433263322077163E-046   2.5048372317682987E-046  -1.4449318406757742E-045   9.4267858292820026E-046   7.1117191390677265E-046  -1.2800078957669736E-045   2.1724725131877790E-046   1.7482679530131579E-046  -1.2216917243626682E-055  -5.2176074575600530E-053  -1.8736312541353925E-044   2.0180884455474319E-044   7.1680463627767740E-045   1.4712368222300108E-055   1.9287797962213855E-053   1.0628610406176301E-044   9.1910163920933358E-045  -7.6798367936204755E-044   4.2374769851679280E-061   8.8012946429137958E-056   2.6709237651818208E-061  -3.8268148201097516E-061  -9.7658782691099797E-062   2.5618450925947127E-062   2.2453015242770492E-061  -9.3521145386160851E-039  -5.0660147450988159E-034  -2.0530261534953558E-034  -2.8619658534199813E-034  -3.5105360548923118E-053   9.8399617160805903E-052   7.5991274462959927E-052  -4.3825509661036579E-051   2.8610497035452690E-051   2.1583891765927300E-051  -3.8850118253936302E-051   6.5935330352166016E-052   5.3061379033327360E-052  -3.7182689361510823E-061  -1.5829494928485457E-058  -5.7076890201899718E-050   6.1608823448645261E-050   2.1806903114172782E-050   4.4777696899545634E-061   5.8530998907213424E-059   3.2397325249177495E-050   2.7943394819221577E-050  -2.3282292242632471E-049   1.2860712579144591E-066   2.6709237651818208E-061   8.1065133757734934E-067  -1.1614494058108077E-066  -2.9629134045095672E-067   7.7749151646881204E-068   6.8138361305546952E-067   2.5090046800020245E-036   7.2582619177734574E-034   2.9419023434110929E-034   4.1004895418522099E-034   5.0201485927992838E-053  -1.4099001344038273E-051  -1.0888343433125216E-051   6.2797559988512606E-051  -4.0991464185553625E-051  -3.0924230448385730E-051   5.5661811786406899E-051  -9.4468246457657954E-052  -7.6023012768049120E-052   5.3247966307886357E-061   2.2681052512308766E-058   8.1725110884407374E-050  -8.8182405095814384E-050  -3.1231125077160423E-050  -6.4124498168221593E-061  -8.3861738587122855E-059  -4.6383242622081537E-050  -4.0023927100086954E-050   3.3363868328663811E-049  -1.8426113924040369E-066  -3.8268148201097516E-061  -1.1614494058108077E-066   1.6640567796609107E-066   4.2453458277113199E-067  -1.1139530786455483E-067  -9.7626402794716515E-067   1.0762994162028911E-035   1.8516171755291776E-034   7.5235017781152144E-035   1.0462487478191400E-034   1.2420358608410218E-053  -3.6005090787449873E-052  -2.7809118715201257E-052   1.6049051260443287E-051  -1.0457823027334434E-051  -7.8897734018927377E-052   1.4198973027414814E-051  -2.4100606341989593E-052  -1.9394086286225548E-052   1.3482349808500099E-061   5.7923909518119279E-059   2.0641565387955615E-050  -2.2143758319859937E-050  -7.9168659545040604E-051  -1.6236280473127522E-061  -2.1402723822432147E-059  -1.1696403964158163E-050  -1.0163315031265848E-050   8.5376033457089071E-050  -4.7010253618813788E-067  -9.7658782691099797E-062  -2.9629134045095672E-067   4.2453458277113199E-067   1.0841153136181849E-067  -2.8422730483623361E-068  -2.4913546046696762E-067  -5.1117441634708046E-037  -4.8587884007880671E-035  -1.9699827270405999E-035  -2.7449945325423351E-035  -3.3474652796556153E-054   9.4393649215028548E-053   7.2899186654203229E-053  -4.2047484510964948E-052   2.7440534487892237E-052   2.0701429338088792E-052  -3.7260633784801911E-052   6.3238891265741592E-053   5.0891020640763562E-053  -3.5610580051566611E-062  -1.5185185405796438E-059  -5.4637854587149100E-051   5.8911269355859671E-051   2.0889510584024183E-051   4.2884465522729068E-062   5.6141411734920166E-060   3.1003459455488587E-051   2.6776683302432213E-051  -2.2343193674290348E-050   1.2334862324942311E-067   2.5618450925947127E-062   7.7749151646881204E-068  -1.1139530786455483E-067  -2.8422730483623361E-068   7.4571457050409419E-069   6.5355475993206011E-068  -8.3464723266412809E-036  -4.2581798020316165E-034  -1.7271768450409508E-034  -2.4057522135293819E-034  -2.9189210949375492E-053   8.2739846701773584E-052   6.3900301150333098E-052  -3.6860988984647940E-051   2.4048801695254467E-051   1.8142793580087226E-051  -3.2654504394255339E-051   5.5422251940130012E-052   4.4600334330922058E-052  -3.1169901240383937E-061  -1.3310525743978264E-058  -4.7804886248958118E-050   5.1494631469770039E-050   1.8288069837995913E-050   3.7536725129286668E-061   4.9205124953311705E-059   2.7119017233811509E-050   2.3448797164603063E-050  -1.9591342161420093E-049   1.0810281572140033E-066   2.2453015242770492E-061   6.8138361305546952E-067  -9.7626402794716515E-067  -2.4913546046696762E-067   6.5355475993206011E-068   5.7279979949901502E-067
