  0.96213977489434377       -3.0292518363608735E-003   3.4513379139738766E-002  -5.7198809870110550E-004  -8.1596307924071388E-051  -1.9587495651656204E-051  -3.8714926335227049E-053  -3.9454902779541731E-052  -1.5856357883875167E-051  -3.1370982628302923E-052  -5.8895293613831506E-050  -8.2617316247246352E-051  -6.7746403332061669E-053   7.0378885605287252E-020   7.2064929173772911E-020   1.4543388350078464E-018  -1.4096634791818699E-020  -1.3797703430778851E-018  -1.0716009528298334E-018  -7.7768280776560342E-020  -2.5705242108715643E-018  -2.1788663938791232E-019   2.2906131451396805E-018  -2.8357068049959088E-052   7.0123795631298393E-035  -2.1965290460952708E-052   9.7442594772852626E-053  -3.4623162800513882E-053   4.4831753944134497E-066  -9.7209919374622164E-049  -3.0292518363608735E-003  0.30918683561926735        7.8659542304558253E-002  0.23057644865345017        8.6303591740757735E-049   1.1261552851017528E-049   2.9851872087302856E-051   8.8265720864001828E-050   1.1000756885284360E-049   2.9192264361607762E-050   5.4933674423378623E-048   7.7699472463946030E-049   6.3391215072196583E-051  -2.9032199776100078E-018  -1.5271431192999839E-018   9.5097531687821292E-018  -2.0172573993017175E-018  -2.1030321639358170E-017   1.2325377391775484E-016   5.7863216772690825E-018   1.2595394447557424E-017   2.1506717590886868E-017   1.3125327713435549E-017   2.6545958695244713E-050  -6.6149397658784758E-033   2.0562411187158838E-050  -9.1587491602171814E-051   3.1957577283916653E-051  -4.2016656481714250E-064   9.2150616313591081E-047   3.4513379139738766E-002   7.8659542304558253E-002   2.1305594086302872E-002   5.8722318089483340E-002   2.1957392155440273E-049   2.8618898088503060E-050   7.5910769559521044E-052   2.2472732889277320E-050   2.7968159176106806E-050   7.4257238921980358E-051   1.3973694328041837E-048   1.9764971131419505E-049   1.6125151477487211E-051  -7.3706390969101951E-019  -3.8642295507041444E-019   2.4761081570451354E-018  -5.1444780774319040E-019  -5.4084353713861565E-018   3.1361708039937178E-017   1.4713123955076023E-018   3.1146218288581115E-018   5.4712135510094188E-018   3.4279068195734819E-018   6.7526375622666981E-051  -1.6826973802474383E-033   5.2305705643267872E-051  -2.3297744636682321E-051   8.1290419759562502E-052  -1.0688020632225006E-064   2.3441295621205032E-047  -5.7198809870110550E-004  0.23057644865345017        5.8722318089483340E-002  0.17195561785098254        6.4361057594691343E-049   8.3981663727883483E-050   2.2261902928753730E-051   6.5825090378800522E-050   8.2037384184128880E-050   2.1770117131988523E-050   4.0966763751248547E-048   5.7944359736056741E-049   4.7273974796674517E-051  -2.1650062016267651E-018  -1.1387686580240513E-018   7.0946232742274381E-018  -1.5044314687905721E-018  -1.5686168015219779E-017   9.1916886232763615E-017   4.3151192814037982E-018   9.3887392410049423E-018   1.6038647519798881E-017   9.7924708109837914E-018   1.9796638934678325E-050  -4.9330898423278852E-033   1.5334410580978312E-050  -6.8301345080909311E-051   2.3832342997809556E-051  -3.1333907022758097E-064   6.8721309755573469E-047  -8.1596307924071388E-051   8.6303591740757735E-049   2.1957392155440273E-049   6.4361057594691343E-049   2.4089997926013897E-096   3.1434444617743934E-097   8.3325762422265554E-099   2.4637702297708160E-097   3.0706493249582588E-097   8.1484614212943461E-098   1.5333683008130414E-095   2.1688319682807901E-096   1.7694443549903197E-098  -8.1037704064794282E-066  -4.2627103754446976E-066   2.6545133177694345E-065  -5.6307986306382328E-066  -5.8702608453450530E-065   3.4403937853990755E-064   1.6151403802845366E-065   3.5156881902170595E-065   6.0031886632278491E-065   3.6637586149662664E-065   7.4097959366055386E-098  -1.8464337566657287E-080   5.7396032522538094E-098  -2.5564894231991950E-098   8.9203454679550150E-099  -1.1728144930185199E-111   2.5722079966297493E-094  -1.9587495651656204E-051   1.1261552851017528E-049   2.8618898088503060E-050   8.3981663727883483E-050   3.1434444617743934E-097   4.1018862854597127E-098   1.0873070877511886E-099   3.2148721727303191E-098   4.0068653258721336E-098   1.0632761538067301E-098   2.0008609727271501E-096   2.8300638943772909E-097   2.3089115923145504E-099  -1.0574809212330645E-066  -5.5628411987693137E-067   3.4623740523507461E-066  -7.3471821526652964E-067  -7.6584918297483097E-066   4.4892763574236438E-065   2.1075783075861106E-066   4.5898128224477849E-066   7.8334264637595156E-066   4.7785045158339057E-066   9.6688903936799931E-099  -2.4093729511803030E-081   7.4894902942056020E-099  -3.3359101286522905E-099   1.1639979933827705E-099  -1.5303814744007566E-112   3.3564201968141105E-095  -3.8714926335227049E-053   2.9851872087302856E-051   7.5910769559521044E-052   2.2261902928753730E-051   8.3325762422265554E-099   1.0873070877511886E-099   2.8821962807524276E-101   8.5219757064274885E-100   1.0621239156802445E-099   2.8185048133638276E-100   5.3038304904400422E-098   7.5018610790453630E-099   6.1204033984502658E-101  -2.8030891780737279E-068  -1.4745070999466705E-068   9.1801079088820077E-068  -1.9476210720553875E-068  -2.0303135519374373E-067   1.1900091893593406E-066   5.5866924441977586E-068   1.2163213802608568E-067   2.0764661585853953E-067   1.2670073671108757E-067   2.5630045872611970E-100  -6.3867045646739285E-083   1.9852948165431940E-100  -8.8427452753916576E-101   3.0854952647634111E-101  -4.0566959059503208E-114   8.8971139815010906E-097  -3.9454902779541731E-052   8.8265720864001828E-050   2.2472732889277320E-050   6.5825090378800522E-050   2.4637702297708160E-097   3.2148721727303191E-098   8.5219757064274885E-100   2.5198060336122980E-098   3.1404379179127645E-098   8.3337056268615485E-099   1.5682274101907554E-096   2.2181378209443279E-097   1.8096704415642415E-099  -8.2878194559290502E-067  -4.3593628074150852E-067   2.7155718638168244E-066  -5.7589707864839148E-067  -6.0044475596929884E-066   3.5186180324471556E-065   1.6518512760247461E-066   3.5944990037168771E-066   6.1396690564843742E-066   3.7481611715738646E-066   7.5782483632981814E-099  -1.8884103610094030E-081   5.8700859408955763E-099  -2.6146081870844731E-099   9.1231361265530611E-100  -1.1994769846211738E-112   2.6306844840696149E-095  -1.5856357883875167E-051   1.1000756885284360E-049   2.7968159176106806E-050   8.2037384184128880E-050   3.0706493249582588E-097   4.0068653258721336E-098   1.0621239156802445E-099   3.1404379179127645E-098   3.9140567095456271E-098   1.0386517737173341E-098   1.9545231414505126E-096   2.7645228309356968E-097   2.2554397070696211E-099  -1.0329774057409217E-066  -5.4338219388711948E-067   3.3827192853765188E-066  -7.1771508549525428E-067  -7.4816760713713264E-066   4.3853179590204938E-065   2.0587636559923342E-066   4.4826879227257622E-066   7.6520168861830565E-066   4.6686676445112639E-066   9.4449694347701859E-099  -2.3535746842281270E-081   7.3160418652607047E-099  -3.2586542214753212E-099   1.1370409037266160E-099  -1.4949395256724654E-112   3.2786895830069680E-095  -3.1370982628302923E-052   2.9192264361607762E-050   7.4257238921980358E-051   2.1770117131988523E-050   8.1484614212943461E-098   1.0632761538067301E-098   2.8185048133638276E-100   8.3337056268615485E-099   1.0386517737173341E-098   2.7562251912043101E-099   5.1866334948715682E-097   7.3360953878113488E-098   5.9851630061785186E-100  -2.7411237673820903E-067  -1.4418878432510047E-067   8.9783076562210390E-067  -1.9046092229933829E-067  -1.9855586397788016E-066   1.1637156330347666E-065   5.4632345313811473E-067   1.1892804775356119E-066   2.0305840255923943E-066   1.2391746921590704E-066   2.5063707886626468E-099  -6.2455801941878206E-082   1.9414264647822631E-099  -8.6473505510420868E-100   3.0173158486786522E-100  -3.9670565775520531E-113   8.7005184538357343E-096  -5.8895293613831506E-050   5.4933674423378623E-048   1.3973694328041837E-048   4.0966763751248547E-048   1.5333683008130414E-095   2.0008609727271501E-096   5.3038304904400422E-098   1.5682274101907554E-096   1.9545231414505126E-096   5.1866334948715682E-097   9.7601484455797759E-095   1.3804981616277870E-095   1.1262812281836094E-097  -5.1582152426873208E-065  -2.7133274897261828E-065   1.6895300507742043E-064  -3.5840726799850006E-065  -3.7364041735545326E-064   2.1898669964452275E-063   1.0280652932072601E-064   2.2379710966252539E-064   3.8211301483311127E-064   2.3318684615623476E-064   4.7164602991322682E-097  -1.1752862419073421E-079   3.6533544383175964E-097  -1.6272486802563314E-097   5.6779509468946584E-098  -7.4651623530429924E-111   1.6372537574738456E-093  -8.2617316247246352E-051   7.7699472463946030E-049   1.9764971131419505E-049   5.7944359736056741E-049   2.1688319682807901E-096   2.8300638943772909E-097   7.5018610790453630E-099   2.2181378209443279E-097   2.7645228309356968E-097   7.3360953878113488E-098   1.3804981616277870E-095   1.9526088047243652E-096   1.5930384411235335E-098  -7.2958971572862889E-066  -3.8377897212510890E-066   2.3897218015549812E-065  -5.0693985423950693E-066  -5.2848686527921505E-065   3.0973991362966366E-064   1.4541194181693203E-065   3.1654211652561800E-065   5.4046956998473620E-065   3.2982664674583845E-065   6.6710714655931348E-098  -1.6623522797039731E-080   5.1673897375204150E-098  -2.3016184941710754E-098   8.0310262314194615E-099  -1.0558899771906858E-111   2.3157699147152669E-094  -6.7746403332061669E-053   6.3391215072196583E-051   1.6125151477487211E-051   4.7273974796674517E-051   1.7694443549903197E-098   2.3089115923145504E-099   6.1204033984502658E-101   1.8096704415642415E-099   2.2554397070696211E-099   5.9851630061785186E-100   1.1262812281836094E-097   1.5930384411235335E-098   1.2996824920302757E-100  -5.9523686239171902E-068  -3.1310677417168977E-068   1.9496521052779774E-067  -4.1358741483378771E-068  -4.3116612706347531E-067   2.5270170416972769E-066   1.1863452825668934E-067   2.5825216735866555E-067   4.4094280003644999E-067   2.6908863383672677E-067   5.4426023643715536E-100  -1.3562322756980364E-082   4.2158216634480869E-100  -1.8777784518585937E-100   6.5521232528070136E-101  -8.6144921618501383E-114   1.8893239038107250E-096   7.0378885605287252E-020  -2.9032199776100078E-018  -7.3706390969101951E-019  -2.1650062016267651E-018  -8.1037704064794282E-066  -1.0574809212330645E-066  -2.8030891780737279E-068  -8.2878194559290502E-067  -1.0329774057409217E-066  -2.7411237673820903E-067  -5.1582152426873208E-065  -7.2958971572862889E-066  -5.9523686239171902E-068   2.7262646365493800E-035   1.4342143433329447E-035  -8.9227766382239823E-035   1.8940281383094237E-035   1.9740258008387735E-034  -1.1573293073673147E-033  -5.4333648114350838E-035  -1.1837560528476927E-034  -2.0194530187484129E-034  -1.2313949812140015E-034  -2.4926376303737286E-067   6.2113565909383294E-050  -1.9307888061135008E-067   8.5999675179006732E-068  -3.0007850450979643E-068   3.9453196733875734E-081  -8.6528407006040206E-064   7.2064929173772911E-020  -1.5271431192999839E-018  -3.8642295507041444E-019  -1.1387686580240513E-018  -4.2627103754446976E-066  -5.5628411987693137E-067  -1.4745070999466705E-068  -4.3593628074150852E-067  -5.4338219388711948E-067  -1.4418878432510047E-067  -2.7133274897261828E-065  -3.8377897212510890E-066  -3.1310677417168977E-068   1.4342143433329447E-035   7.5462914841733026E-036  -4.6878956332272873E-035   9.9616769996639885E-036   1.0377935420222904E-034  -6.0876995988626961E-034  -2.8581191351703762E-035  -6.2356718372584152E-035  -1.0622692712145332E-034  -6.4685353174118543E-035  -1.3111783718889588E-067   3.2672986366421889E-050  -1.0156343996466728E-067   4.5237573638400640E-068  -1.5784760719915165E-068   2.0753186485084092E-081  -4.5515667006852402E-064   1.4543388350078464E-018   9.5097531687821292E-018   2.4761081570451354E-018   7.0946232742274381E-018   2.6545133177694345E-065   3.4623740523507461E-066   9.1801079088820077E-068   2.7155718638168244E-066   3.3827192853765188E-066   8.9783076562210390E-067   1.6895300507742043E-064   2.3897218015549812E-065   1.9496521052779774E-067  -8.9227766382239823E-035  -4.6878956332272873E-035   2.9498345948645988E-034  -6.2099860300084400E-035  -6.4938668432116084E-034   3.7911723734319108E-033   1.7793774749330338E-034   3.8346427942190584E-034   6.6147708755970927E-034   4.0759086748689517E-034   8.1644431540642467E-067  -2.0344915890396374E-049   6.3241504733496857E-067  -2.8168602141175392E-067   9.8287560107898824E-068  -1.2922600657629955E-080   2.8341930281099042E-063  -1.4096634791818699E-020  -2.0172573993017175E-018  -5.1444780774319040E-019  -1.5044314687905721E-018  -5.6307986306382328E-066  -7.3471821526652964E-067  -1.9476210720553875E-068  -5.7589707864839148E-067  -7.1771508549525428E-067  -1.9046092229933829E-067  -3.5840726799850006E-065  -5.0693985423950693E-066  -4.1358741483378771E-068   1.8940281383094237E-035   9.9616769996639885E-036  -6.2099860300084400E-035   1.3162578103941150E-035   1.3726596093079967E-034  -8.0416123330903029E-034  -3.7751513077281292E-035  -8.2091218600508920E-035  -1.4031809288600265E-034  -8.5719979620156760E-035  -1.7319552404204639E-067   4.3158300503397700E-050  -1.3415667605050426E-067   5.9755036395923659E-068  -2.0850272821867898E-068   2.7413202147256557E-081  -6.0122468871883903E-064  -1.3797703430778851E-018  -2.1030321639358170E-017  -5.4084353713861565E-018  -1.5686168015219779E-017  -5.8702608453450530E-065  -7.6584918297483097E-066  -2.0303135519374373E-067  -6.0044475596929884E-066  -7.4816760713713264E-066  -1.9855586397788016E-066  -3.7364041735545326E-064  -5.2848686527921505E-065  -4.3116612706347531E-067   1.9740258008387735E-034   1.0377935420222904E-034  -6.4938668432116084E-034   1.3726596093079967E-034   1.4330577630849662E-033  -8.3837198298065530E-033  -3.9354025041273038E-034  -8.5268212625091538E-034  -1.4628356698748018E-033  -8.9674822632226867E-034  -1.8055687231042645E-066   4.4992731485605809E-049  -1.3985875190031811E-066   6.2294861652921749E-067  -2.1736412063716819E-067   2.8578355071095641E-080  -6.2678018045645361E-063  -1.0716009528298334E-018   1.2325377391775484E-016   3.1361708039937178E-017   9.1916886232763615E-017   3.4403937853990755E-064   4.4892763574236438E-065   1.1900091893593406E-066   3.5186180324471556E-065   4.3853179590204938E-065   1.1637156330347666E-065   2.1898669964452275E-063   3.0973991362966366E-064   2.5270170416972769E-066  -1.1573293073673147E-033  -6.0876995988626961E-034   3.7911723734319108E-033  -8.0416123330903029E-034  -8.3837198298065530E-033   4.9133717793416327E-032   2.3066475692235185E-033   5.0206631968743282E-033   8.5734044556623726E-033   5.2326027552898180E-033   1.0582237625250869E-065  -2.6369688623358657E-048   8.1969660176413429E-066  -3.6510288647865982E-066   1.2739515736544991E-066  -1.6749451400302781E-079   3.6734772942260774E-062  -7.7768280776560342E-020   5.7863216772690825E-018   1.4713123955076023E-018   4.3151192814037982E-018   1.6151403802845366E-065   2.1075783075861106E-066   5.5866924441977586E-068   1.6518512760247461E-066   2.0587636559923342E-066   5.4632345313811473E-067   1.0280652932072601E-064   1.4541194181693203E-065   1.1863452825668934E-067  -5.4333648114350838E-035  -2.8581191351703762E-035   1.7793774749330338E-034  -3.7751513077281292E-035  -3.9354025041273038E-034   2.3066475692235185E-033   1.0828941422083746E-034   2.3577193697032838E-034   4.0249072879373254E-034   2.4558284309371927E-034   4.9679869138445638E-067  -1.2379636176423214E-049   3.8481861162993299E-067  -1.7140290244998006E-067   5.9807542001995174E-068  -7.8632758743316689E-081   1.7245675313813826E-063  -2.5705242108715643E-018   1.2595394447557424E-017   3.1146218288581115E-018   9.3887392410049423E-018   3.5156881902170595E-065   4.5898128224477849E-066   1.2163213802608568E-067   3.5944990037168771E-066   4.4826879227257622E-066   1.1892804775356119E-066   2.2379710966252539E-064   3.1654211652561800E-065   2.5825216735866555E-067  -1.1837560528476927E-034  -6.2356718372584152E-035   3.8346427942190584E-034  -8.2091218600508920E-035  -8.5268212625091538E-034   5.0206631968743282E-033   2.3577193697032838E-034   5.1932487107070301E-034   8.7614090462908436E-034   5.2853537009357963E-034   1.0814667796336349E-066  -2.6948739419388749E-049   8.3770056539953856E-067  -3.7312106543495332E-067   1.3019452880234187E-067  -1.7117326189178223E-080   3.7541308063194981E-063  -2.1788663938791232E-019   2.1506717590886868E-017   5.4712135510094188E-018   1.6038647519798881E-017   6.0031886632278491E-065   7.8334264637595156E-066   2.0764661585853953E-067   6.1396690564843742E-066   7.6520168861830565E-066   2.0305840255923943E-066   3.8211301483311127E-064   5.4046956998473620E-065   4.4094280003644999E-067  -2.0194530187484129E-034  -1.0622692712145332E-034   6.6147708755970927E-034  -1.4031809288600265E-034  -1.4628356698748018E-033   8.5734044556623726E-033   4.0249072879373254E-034   8.7614090462908436E-034   1.4959851610491372E-033   9.1296622537878934E-034   1.8465096997122419E-066  -4.6012843138547791E-049   1.4303002631192143E-066  -6.3707320868779815E-067   2.2229363826027464E-067  -2.9226355895330049E-080   6.4099024028658111E-063   2.2906131451396805E-018   1.3125327713435549E-017   3.4279068195734819E-018   9.7924708109837914E-018   3.6637586149662664E-065   4.7785045158339057E-066   1.2670073671108757E-067   3.7481611715738646E-066   4.6686676445112639E-066   1.2391746921590704E-066   2.3318684615623476E-064   3.2982664674583845E-065   2.6908863383672677E-067  -1.2313949812140015E-034  -6.4685353174118543E-035   4.0759086748689517E-034  -8.5719979620156760E-035  -8.9674822632226867E-034   5.2326027552898180E-033   2.4558284309371927E-034   5.2853537009357963E-034   9.1296622537878934E-034   5.6326792758594760E-034   1.1268466416463700E-066  -2.8079824509268168E-049   8.7285165536524181E-067  -3.8877978063311945E-067   1.3565516747402971E-067  -1.7835619791944161E-080   3.9117228049767919E-063  -2.8357068049959088E-052   2.6545958695244713E-050   6.7526375622666981E-051   1.9796638934678325E-050   7.4097959366055386E-098   9.6688903936799931E-099   2.5630045872611970E-100   7.5782483632981814E-099   9.4449694347701859E-099   2.5063707886626468E-099   4.7164602991322682E-097   6.6710714655931348E-098   5.4426023643715536E-100  -2.4926376303737286E-067  -1.3111783718889588E-067   8.1644431540642467E-067  -1.7319552404204639E-067  -1.8055687231042645E-066   1.0582237625250869E-065   4.9679869138445638E-067   1.0814667796336349E-066   1.8465096997122419E-066   1.1268466416463700E-066   2.2791659254105134E-099  -5.6794125000466327E-082   1.7654343344716915E-099  -7.8634601183523906E-100   2.7437933278319352E-100  -3.6074391781589429E-113   7.9118083156297108E-096   7.0123795631298393E-035  -6.6149397658784758E-033  -1.6826973802474383E-033  -4.9330898423278852E-033  -1.8464337566657287E-080  -2.4093729511803030E-081  -6.3867045646739285E-083  -1.8884103610094030E-081  -2.3535746842281270E-081  -6.2455801941878206E-082  -1.1752862419073421E-079  -1.6623522797039731E-080  -1.3562322756980364E-082   6.2113565909383294E-050   3.2672986366421889E-050  -2.0344915890396374E-049   4.3158300503397700E-050   4.4992731485605809E-049  -2.6369688623358657E-048  -1.2379636176423214E-049  -2.6948739419388749E-049  -4.6012843138547791E-049  -2.8079824509268168E-049  -5.6794125000466327E-082   1.4152425698719098E-064  -4.3992540057846290E-082   1.9594814595149497E-082  -6.8372091246067908E-083   8.9893126866032279E-096  -1.9715292643440226E-078  -2.1965290460952708E-052   2.0562411187158838E-050   5.2305705643267872E-051   1.5334410580978312E-050   5.7396032522538094E-098   7.4894902942056020E-099   1.9852948165431940E-100   5.8700859408955763E-099   7.3160418652607047E-099   1.9414264647822631E-099   3.6533544383175964E-097   5.1673897375204150E-098   4.2158216634480869E-100  -1.9307888061135008E-067  -1.0156343996466728E-067   6.3241504733496857E-067  -1.3415667605050426E-067  -1.3985875190031811E-066   8.1969660176413429E-066   3.8481861162993299E-067   8.3770056539953856E-067   1.4303002631192143E-066   8.7285165536524181E-067   1.7654343344716915E-099  -4.3992540057846290E-082   1.3674995552463463E-099  -6.0910100163890869E-100   2.1253331728256523E-100  -2.7943103718931902E-113   6.1284603689639291E-096   9.7442594772852626E-053  -9.1587491602171814E-051  -2.3297744636682321E-051  -6.8301345080909311E-051  -2.5564894231991950E-098  -3.3359101286522905E-099  -8.8427452753916576E-101  -2.6146081870844731E-099  -3.2586542214753212E-099  -8.6473505510420868E-100  -1.6272486802563314E-097  -2.3016184941710754E-098  -1.8777784518585937E-100   8.5999675179006732E-068   4.5237573638400640E-068  -2.8168602141175392E-067   5.9755036395923659E-068   6.2294861652921749E-067  -3.6510288647865982E-066  -1.7140290244998006E-067  -3.7312106543495332E-067  -6.3707320868779815E-067  -3.8877978063311945E-067  -7.8634601183523906E-100   1.9594814595149497E-082  -6.0910100163890869E-100   2.7130102455555477E-100  -9.4664934749265442E-101   1.2446199636179043E-113  -2.7296910933432329E-096  -3.4623162800513882E-053   3.1957577283916653E-051   8.1290419759562502E-052   2.3832342997809556E-051   8.9203454679550150E-099   1.1639979933827705E-099   3.0854952647634111E-101   9.1231361265530611E-100   1.1370409037266160E-099   3.0173158486786522E-100   5.6779509468946584E-098   8.0310262314194615E-099   6.5521232528070136E-101  -3.0007850450979643E-068  -1.5784760719915165E-068   9.8287560107898824E-068  -2.0850272821867898E-068  -2.1736412063716819E-067   1.2739515736544991E-066   5.9807542001995174E-068   1.3019452880234187E-067   2.2229363826027464E-067   1.3565516747402971E-067   2.7437933278319352E-100  -6.8372091246067908E-083   2.1253331728256523E-100  -9.4664934749265442E-101   3.3031390113834073E-101  -4.3428464032903689E-114   9.5246978222822090E-097   4.4831753944134497E-066  -4.2016656481714250E-064  -1.0688020632225006E-064  -3.1333907022758097E-064  -1.1728144930185199E-111  -1.5303814744007566E-112  -4.0566959059503208E-114  -1.1994769846211738E-112  -1.4949395256724654E-112  -3.9670565775520531E-113  -7.4651623530429924E-111  -1.0558899771906858E-111  -8.6144921618501383E-114   3.9453196733875734E-081   2.0753186485084092E-081  -1.2922600657629955E-080   2.7413202147256557E-081   2.8578355071095641E-080  -1.6749451400302781E-079  -7.8632758743316689E-081  -1.7117326189178223E-080  -2.9226355895330049E-080  -1.7835619791944161E-080  -3.6074391781589429E-113   8.9893126866032279E-096  -2.7943103718931902E-113   1.2446199636179043E-113  -4.3428464032903689E-114   5.7098157179585680E-127  -1.2522724644422548E-109  -9.7209919374622164E-049   9.2150616313591081E-047   2.3441295621205032E-047   6.8721309755573469E-047   2.5722079966297493E-094   3.3564201968141105E-095   8.8971139815010906E-097   2.6306844840696149E-095   3.2786895830069680E-095   8.7005184538357343E-096   1.6372537574738456E-093   2.3157699147152669E-094   1.8893239038107250E-096  -8.6528407006040206E-064  -4.5515667006852402E-064   2.8341930281099042E-063  -6.0122468871883903E-064  -6.2678018045645361E-063   3.6734772942260774E-062   1.7245675313813826E-063   3.7541308063194981E-063   6.4099024028658111E-063   3.9117228049767919E-063   7.9118083156297108E-096  -1.9715292643440226E-078   6.1284603689639291E-096  -2.7296910933432329E-096   9.5246978222822090E-097  -1.2522724644422548E-109   2.7464745099264832E-092
