  0.96213977489434266       -3.0292518363620345E-003   3.4513379139739557E-002  -5.7198809870064927E-004   6.2326905532382677E-051   1.1666492407663151E-052  -3.6796048623742778E-053  -1.5632671418318300E-051   3.9816695308301992E-052  -8.0248518861916231E-053   2.1996575069876199E-050   2.9258390206138752E-051   3.5025629827640744E-053   2.7419952836375395E-019   3.3387584298726978E-019   9.5601420992753592E-019  -3.6854940446397298E-019  -1.7663246157729333E-018  -8.3183917759186486E-019  -1.6215144863546591E-019  -2.4237191648460929E-018   1.7235689973141112E-019   2.4159764615879678E-018   6.8448068184230906E-053  -2.7824028919586152E-035   5.3019645631515063E-053   2.2977770459566271E-053  -3.6839371004916792E-053  -3.1007940888511865E-067   1.1610756343566050E-049  -3.0292518363620345E-003  0.30918683561926658        7.8659542304558003E-002  0.23057644865345009       -2.8408671788500644E-049  -6.9821097958020153E-050   7.9708177582285386E-051   3.1359788884956068E-049  -6.5036220738863370E-050   9.1457923064478029E-051  -2.0788847662455402E-048  -2.6976305609988473E-049  -3.4085765161326099E-051   2.2493656864924515E-018   3.6051830198225805E-018   7.5883197071167361E-018  -4.1106301402847398E-018  -2.8984723622175036E-017   7.6708638034122094E-017   3.2782908396521795E-018   1.7507663910935182E-017  -2.6542855889612675E-018   1.4432086628537939E-017  -6.5242730779273995E-051   2.5709661641334038E-033  -5.0536801953840552E-051  -2.0956346645270673E-051   3.4518931072041332E-051   3.0249080095005704E-065  -1.0537168283926913E-047   3.4513379139739557E-002   7.8659542304558003E-002   2.1305594086302872E-002   5.8722318089483319E-002  -7.2147376261329412E-050  -1.7783840668239536E-050   2.0293527435005267E-051   7.9837096520280613E-050  -1.6554487643980780E-050   2.3271040522340130E-051  -5.2882476570490655E-049  -6.8619452537781548E-050  -8.6710866472142561E-052   5.8312027522777525E-019   9.3072648148625880E-019   1.9683147513065635E-018  -1.0607693869759540E-018  -7.4491316971993774E-018   1.9512331316213411E-017   8.2925399782741737E-019   4.3714903829535862E-018  -6.6990371417596902E-019   3.7654235335832533E-018  -1.6596599453471183E-051   6.5397720652237784E-034  -1.2855670657392813E-051  -5.3305610487540051E-052   8.7807779092398627E-052   7.6950989205814718E-066  -2.6802658055117194E-048  -5.7198809870064927E-004  0.23057644865345009        5.8722318089483319E-002  0.17195561785098282       -2.1185195762313365E-049  -5.2070161408776468E-050   5.9443191950973966E-051   2.3386864323828087E-049  -4.8501257734386356E-050   6.8205018466246829E-051  -1.5503279192083670E-048  -2.0117562244283589E-049  -2.5419471131669610E-051   1.6779865821824959E-018   2.6892169001347431E-018   5.6608051627787883E-018  -3.0662241729617079E-018  -2.1618987197932782E-017   5.7205416829051240E-017   2.4445612596263345E-018   1.3052411826970638E-017  -1.9791799893429787E-018   1.0767230096166115E-017  -4.8654764332259988E-051   1.9172964396081279E-033  -3.7687818394495010E-051  -1.5628177428971598E-051   2.5742480759830924E-051   2.2558263238339318E-065  -7.8580831532055916E-048   6.2326905532382677E-051  -2.8408671788500644E-049  -7.2147376261329412E-050  -2.1185195762313365E-049   2.6103662116371993E-097   6.4150912346786761E-098  -7.3235901933078544E-099  -2.8813426631023246E-097   5.9755653887879998E-098  -8.4032935657542630E-099   1.9101245186491407E-096   2.4786441695897773E-097   3.1318704763928007E-099  -2.0656977051864817E-066  -3.3111867626517947E-066  -6.9685977555198861E-066   3.7754590797887716E-066   2.6624362042234571E-065  -7.0481636670184268E-065  -3.0126218781855786E-066  -1.6094447588621764E-065   2.4393325479380691E-066  -1.3251305715011294E-065   5.9946418460496127E-099  -2.3622618305564627E-081   4.6434296072452895E-099   1.9255175717136733E-099  -3.1716755613988063E-099  -2.7793476616372070E-113   9.6817958429263896E-096   1.1666492407663151E-052  -6.9821097958020153E-050  -1.7783840668239536E-050  -5.2070161408776468E-050   6.4150912346786761E-098   1.5767453918341329E-098  -1.8000080009356108E-099  -7.0818099567373162E-098   1.4686731129429076E-098  -2.0653239180659383E-099   4.6945633900024718E-097   6.0918186097775349E-098   7.6972959441484195E-100  -5.0813029799880242E-067  -8.1434630623210481E-067  -1.7142149406501732E-066   9.2851060536593316E-067   6.5465888360952386E-066  -1.7322427973762459E-065  -7.4023253554898820E-067  -3.9522822594751226E-066   5.9930898253524260E-067  -3.2605866048320737E-066   1.4733197917846357E-099  -5.8057840512883543E-082   1.1412286034438467E-099   4.7323834768649264E-100  -7.7951060143591261E-100  -6.8308907119119162E-114   2.3795137032374165E-096  -3.6796048623742778E-053   7.9708177582285386E-051   2.0293527435005267E-051   5.9443191950973966E-051  -7.3235901933078544E-099  -1.8000080009356108E-099   2.0548896817496546E-100   8.0845992227776351E-099  -1.6766400626100784E-099   2.3577836931020421E-100  -5.3593452524750078E-098  -6.9544629867937678E-099  -8.7872824648762384E-101   5.8001225946248852E-068   9.2957245829874082E-068   1.9567064655587530E-067  -1.0598934266032400E-067  -7.4731241429268704E-067   1.9775405620928862E-066   8.4508556282769938E-068   4.5124983390432355E-067  -6.8421038504787361E-068   3.7216808620615292E-067  -1.6819516758906662E-100   6.6279237745006696E-083  -1.3028341659699408E-100  -5.4025228807570808E-101   8.8989464087018946E-101   7.7981885060783012E-115  -2.7164700303858631E-097  -1.5632671418318300E-051   3.1359788884956068E-049   7.9837096520280613E-050   2.3386864323828087E-049  -2.8813426631023246E-097  -7.0818099567373162E-098   8.0845992227776351E-099   3.1807424032116415E-097  -6.5964443178174894E-098   9.2762865911621263E-099  -2.1085408846939013E-096  -2.7361122130148076E-097  -3.4572028484487788E-099   2.2819212369869234E-066   3.6571959580160087E-066   7.6981956955044942E-066  -4.1699162622783064E-066  -2.9401454040511132E-065   7.7802885611488458E-065   3.3248570181925230E-066   1.7753906353419557E-065  -2.6919237185999453E-066   1.4641995417455835E-065  -6.6173453471646158E-099   2.6076410457825476E-081  -5.1257736651339447E-099  -2.1255284658092977E-099   3.5011352417814155E-099   3.0680610921876607E-113  -1.0687477944400175E-095   3.9816695308301992E-052  -6.5036220738863370E-050  -1.6554487643980780E-050  -4.8501257734386356E-050   5.9755653887879998E-098   1.4686731129429076E-098  -1.6766400626100784E-099  -6.5964443178174894E-098   1.3680169661228479E-098  -1.9237833488039849E-099   4.3728473486858901E-097   5.6743515300532933E-098   7.1698010377886298E-100  -4.7321871931243876E-067  -7.5842762707972482E-067  -1.5964288395324119E-066   8.6475626239008358E-067   6.0973306666693823E-066  -1.6135336870270551E-065  -6.8954313015754433E-067  -3.6821079197624975E-066   5.5828205406583112E-067  -3.0363673501268867E-066   1.3723537598229252E-099  -5.4079184911302930E-082   1.0630206513797828E-099   4.4080780633544943E-100  -7.2609123120503831E-100  -6.3627702414778934E-114   2.2164482278909074E-096  -8.0248518861916231E-053   9.1457923064478029E-051   2.3271040522340130E-051   6.8205018466246829E-051  -8.4032935657542630E-099  -2.0653239180659383E-099   2.3577836931020421E-100   9.2762865911621263E-099  -1.9237833488039849E-099   2.7053397950401540E-100  -6.1493702878102907E-098  -7.9796283291985845E-099  -1.0082618140170369E-100   6.6539450662557403E-068   1.0664543740705774E-067   2.2447363974322853E-067  -1.2159702334096488E-067  -8.5739235034840079E-067   2.2690520724632768E-066   9.6971063027843654E-068   5.1785738262571594E-067  -7.8512736747165374E-068   4.2692812831729339E-067  -1.9298891814040156E-100   7.6049533587848942E-083  -1.4948857319206084E-100  -6.1989159398740126E-101   1.0210747905694946E-100   8.9477212771736172E-115  -3.1169087043891459E-097   2.1996575069876199E-050  -2.0788847662455402E-048  -5.2882476570490655E-049  -1.5503279192083670E-048   1.9101245186491407E-096   4.6945633900024718E-097  -5.3593452524750078E-098  -2.1085408846939013E-096   4.3728473486858901E-097  -6.1493702878102907E-098   1.3977835489617789E-095   1.8138109106188943E-096   2.2918306444187036E-098  -1.5123596688137626E-065  -2.4239605155581062E-065  -5.1019969525606812E-065   2.7638021443162972E-065   1.9488160647577379E-064  -5.1576730540061680E-064  -2.2042519803866752E-065  -1.1772038922807060E-064   1.7846912751611379E-065  -9.7032936090918427E-065   4.3867373119834935E-098  -1.7286453227131512E-080   3.3979521106994905E-098   1.4090458447781374E-098  -2.3209557293641296E-098  -2.0338627566402286E-112   7.0848958744540981E-095   2.9258390206138752E-051  -2.6976305609988473E-049  -6.8619452537781548E-050  -2.0117562244283589E-049   2.4786441695897773E-097   6.0918186097775349E-098  -6.9544629867937678E-099  -2.7361122130148076E-097   5.6743515300532933E-098  -7.9796283291985845E-099   1.8138109106188943E-096   2.3536620503043692E-097   2.9739563920122270E-099  -1.9624665915598505E-066  -3.1453849876596749E-066  -6.6204457135800600E-066   3.5863719329081588E-066   2.5288338189969158E-065  -6.6927700468340079E-065  -2.8603209227017884E-066  -1.5275959677308049E-065   2.3158860996934319E-066  -1.2591129034689165E-065   5.6923777244707403E-099  -2.2431483141510188E-081   4.4092968254391104E-099   1.8284253039184386E-099  -3.0117501818033633E-099  -2.6392085940152923E-113   9.1935993426756278E-096   3.5025629827640744E-053  -3.4085765161326099E-051  -8.6710866472142561E-052  -2.5419471131669610E-051   3.1318704763928007E-099   7.6972959441484195E-100  -8.7872824648762384E-101  -3.4572028484487788E-099   7.1698010377886298E-100  -1.0082618140170369E-100   2.2918306444187036E-098   2.9739563920122270E-099   3.7577261971933934E-101  -2.4797239015180952E-068  -3.9744087872147746E-068  -8.3654365545496412E-068   4.5316234637523015E-068   3.1953357251469211E-067  -8.4566117999446154E-067  -3.6141167743041218E-068  -1.9301401305896445E-067   2.9261957992801395E-068  -1.5909969683405313E-067   7.1925721950986881E-101  -2.8343173970263578E-083   5.5713424656019188E-101   2.3102964170216283E-101  -3.8054800553537465E-101  -3.3347574784264608E-115   1.1616520163096949E-097   2.7419952836375395E-019   2.2493656864924515E-018   5.8312027522777525E-019   1.6779865821824959E-018  -2.0656977051864817E-066  -5.0813029799880242E-067   5.8001225946248852E-068   2.2819212369869234E-066  -4.7321871931243876E-067   6.6539450662557403E-068  -1.5123596688137626E-065  -1.9624665915598505E-066  -2.4797239015180952E-068   1.6455577009962855E-035   2.6341750708629402E-035   5.5523050182004215E-035  -3.0031130841449283E-035  -2.1149810967386777E-034   5.5803842525474448E-034   2.3809861871584518E-035   1.2667657824590516E-034  -1.9265135458052810E-035   1.0578232468343301E-034  -4.7463356667168752E-068   1.8703229080511317E-050  -3.6764957985406633E-068  -1.5245202317378642E-068   2.5111943836486347E-068   2.2006091250290358E-082  -7.6655008655583908E-065   3.3387584298726978E-019   3.6051830198225805E-018   9.3072648148625880E-019   2.6892169001347431E-018  -3.3111867626517947E-066  -8.1434630623210481E-067   9.2957245829874082E-068   3.6571959580160087E-066  -7.5842762707972482E-067   1.0664543740705774E-067  -2.4239605155581062E-065  -3.1453849876596749E-066  -3.9744087872147746E-068   2.6341750708629402E-035   4.2178861166647209E-035   8.8876779027487474E-035  -4.8087685908710320E-035  -3.3875470288167078E-034   8.9440791645620053E-034   3.8175656947385044E-035   2.0327876578026600E-034  -3.0893363256948766E-035   1.6926250161908020E-034  -7.6072648438614866E-068   2.9976990781759385E-050  -5.8925620100924862E-068  -2.4434598917273184E-068   4.0248635218120565E-068   3.5270532301132617E-082  -1.2286064228118856E-064   9.5601420992753592E-019   7.5883197071167361E-018   1.9683147513065635E-018   5.6608051627787883E-018  -6.9685977555198861E-066  -1.7142149406501732E-066   1.9567064655587530E-067   7.6981956955044942E-066  -1.5964288395324119E-066   2.2447363974322853E-067  -5.1019969525606812E-065  -6.6204457135800600E-066  -8.3654365545496412E-068   5.5523050182004215E-035   8.8876779027487474E-035   1.8734228744915773E-034  -1.0132431804039793E-034  -7.1356286911404181E-034   1.8825610205047472E-033   8.0319275496743086E-035   4.2727565085971949E-034  -6.4986944407122174E-035   3.5694302810310178E-034  -1.6011927226359940E-067   6.3095961560570432E-050  -1.2402785497674479E-067  -5.1430184367237330E-068   8.4715989337228559E-068   7.4238331962355835E-082  -2.5859813893661110E-064  -3.6854940446397298E-019  -4.1106301402847398E-018  -1.0607693869759540E-018  -3.0662241729617079E-018   3.7754590797887716E-066   9.2851060536593316E-067  -1.0598934266032400E-067  -4.1699162622783064E-066   8.6475626239008358E-067  -1.2159702334096488E-067   2.7638021443162972E-065   3.5863719329081588E-066   4.5316234637523015E-068  -3.0031130841449283E-035  -4.8087685908710320E-035  -1.0132431804039793E-034   5.4824428804631200E-035   3.8622229343137860E-034  -1.0198050334686868E-033  -4.3529529138667771E-035  -2.3180688341573667E-034   3.5226462787880844E-035  -1.9296086775601945E-034   8.6738100577074661E-068  -3.4179801961141020E-050   6.7187043803329645E-068   2.7860363661783658E-068  -4.5891537110899165E-068  -4.0215482740059928E-082   1.4008588238028564E-064  -1.7663246157729333E-018  -2.8984723622175036E-017  -7.4491316971993774E-018  -2.1618987197932782E-017   2.6624362042234571E-065   6.5465888360952386E-066  -7.4731241429268704E-067  -2.9401454040511132E-065   6.0973306666693823E-066  -8.5739235034840079E-067   1.9488160647577379E-064   2.5288338189969158E-065   3.1953357251469211E-067  -2.1149810967386777E-034  -3.3875470288167078E-034  -7.1356286911404181E-034   3.8622229343137860E-034   2.7215425541236528E-033  -7.1908810975564391E-033  -3.0704630888730334E-034  -1.6364566448726473E-033   2.4851415232579419E-034  -1.3583860199251452E-033   6.1160841165686051E-067  -2.4100963857204989E-049   4.7374983854944171E-067   1.9645008463731367E-067  -3.2359132610005873E-067  -2.8356711505929449E-081   9.8777954116067756E-064  -8.3183917759186486E-019   7.6708638034122094E-017   1.9512331316213411E-017   5.7205416829051240E-017  -7.0481636670184268E-065  -1.7322427973762459E-065   1.9775405620928862E-066   7.7802885611488458E-065  -1.6135336870270551E-065   2.2690520724632768E-066  -5.1576730540061680E-064  -6.6927700468340079E-065  -8.4566117999446154E-067   5.5803842525474448E-034   8.9440791645620053E-034   1.8825610205047472E-033  -1.0198050334686868E-033  -7.1908810975564391E-033   1.9031266996913856E-032   8.1334827831839434E-034   4.3438044865113418E-033  -6.5853518043286267E-034   3.5803585324006783E-033  -1.6186595323902241E-066   6.3785180399290913E-049  -1.2538082824253479E-066  -5.1992298998522138E-067   8.5640805589575973E-067   7.5047376615661066E-081  -2.6142515357748692E-063  -1.6215144863546591E-019   3.2782908396521795E-018   8.2925399782741737E-019   2.4445612596263345E-018  -3.0126218781855786E-066  -7.4023253554898820E-067   8.4508556282769938E-068   3.3248570181925230E-066  -6.8954313015754433E-067   9.6971063027843654E-068  -2.2042519803866752E-065  -2.8603209227017884E-066  -3.6141167743041218E-068   2.3809861871584518E-035   3.8175656947385044E-035   8.0319275496743086E-035  -4.3529529138667771E-035  -3.0704630888730334E-034   8.1334827831839434E-034   3.4777109961280874E-035   1.8593717863290080E-034  -2.8163022543999718E-035   1.5267697478720053E-034  -6.9177116746601659E-068   2.7260167529994126E-050  -5.3584364219642759E-068  -2.2220228477031150E-068   3.6600638926587366E-068   3.2073116919057291E-082  -1.1172674927600141E-064  -2.4237191648460929E-018   1.7507663910935182E-017   4.3714903829535862E-018   1.3052411826970638E-017  -1.6094447588621764E-065  -3.9522822594751226E-066   4.5124983390432355E-067   1.7753906353419557E-065  -3.6821079197624975E-066   5.1785738262571594E-067  -1.1772038922807060E-064  -1.5275959677308049E-065  -1.9301401305896445E-067   1.2667657824590516E-034   2.0327876578026600E-034   4.2727565085971949E-034  -2.3180688341573667E-034  -1.6364566448726473E-033   4.3438044865113418E-033   1.8593717863290080E-034   9.9664127819951579E-034  -1.5064116455631517E-034   8.1122849034303827E-034  -3.6944670146278894E-067   1.4558678930077145E-049  -2.8617218441530697E-067  -1.1867076272542508E-067   1.9547006163451816E-067   1.7128822872372064E-081  -5.9669589537872888E-064   1.7235689973141112E-019  -2.6542855889612675E-018  -6.6990371417596902E-019  -1.9791799893429787E-018   2.4393325479380691E-066   5.9930898253524260E-067  -6.8421038504787361E-068  -2.6919237185999453E-066   5.5828205406583112E-067  -7.8512736747165374E-068   1.7846912751611379E-065   2.3158860996934319E-066   2.9261957992801395E-068  -1.9265135458052810E-035  -3.0893363256948766E-035  -6.4986944407122174E-035   3.5226462787880844E-035   2.4851415232579419E-034  -6.5853518043286267E-034  -2.8163022543999718E-035  -1.5064116455631517E-034   2.2808588163519093E-035  -1.2350655544557438E-034   5.6009813196695177E-068  -2.2071451899729759E-050   4.3385014746994423E-068   1.7990830402136235E-068  -2.9634030584604250E-068  -2.5968227994742102E-082   9.0460705302685039E-065   2.4159764615879678E-018   1.4432086628537939E-017   3.7654235335832533E-018   1.0767230096166115E-017  -1.3251305715011294E-065  -3.2605866048320737E-066   3.7216808620615292E-067   1.4641995417455835E-065  -3.0363673501268867E-066   4.2692812831729339E-067  -9.7032936090918427E-065  -1.2591129034689165E-065  -1.5909969683405313E-067   1.0578232468343301E-034   1.6926250161908020E-034   3.5694302810310178E-034  -1.9296086775601945E-034  -1.3583860199251452E-033   3.5803585324006783E-033   1.5267697478720053E-034   8.1122849034303827E-034  -1.2350655544557438E-034   6.8045229876327234E-034  -3.0452510652309058E-067   1.1999941953664474E-049  -2.3588413321317571E-067  -9.7812608554540640E-068   1.6111791654047006E-067   1.4119167530391293E-081  -4.9181508047147422E-064   6.8448068184230906E-053  -6.5242730779273995E-051  -1.6596599453471183E-051  -4.8654764332259988E-051   5.9946418460496127E-099   1.4733197917846357E-099  -1.6819516758906662E-100  -6.6173453471646158E-099   1.3723537598229252E-099  -1.9298891814040156E-100   4.3867373119834935E-098   5.6923777244707403E-099   7.1925721950986881E-101  -4.7463356667168752E-068  -7.6072648438614866E-068  -1.6011927226359940E-067   8.6738100577074661E-068   6.1160841165686051E-067  -1.6186595323902241E-066  -6.9177116746601659E-068  -3.6944670146278894E-067   5.6009813196695177E-068  -3.0452510652309058E-067   1.3767127470022277E-100  -5.4250981056476517E-083   1.0663971083301365E-100   4.4220823158582103E-101  -7.2839768920240165E-101  -6.3829780608626209E-115   2.2234899469906658E-097  -2.7824028919586152E-035   2.5709661641334038E-033   6.5397720652237784E-034   1.9172964396081279E-033  -2.3622618305564627E-081  -5.8057840512883543E-082   6.6279237745006696E-083   2.6076410457825476E-081  -5.4079184911302930E-082   7.6049533587848942E-083  -1.7286453227131512E-080  -2.2431483141510188E-081  -2.8343173970263578E-083   1.8703229080511317E-050   2.9976990781759385E-050   6.3095961560570432E-050  -3.4179801961141020E-050  -2.4100963857204989E-049   6.3785180399290913E-049   2.7260167529994126E-050   1.4558678930077145E-049  -2.2071451899729759E-050   1.1999941953664474E-049  -5.4250981056476517E-083   2.1378236350988473E-065  -4.2022629229426281E-083  -1.7425735074506431E-083   2.8703366105461769E-083   2.5152873303383389E-097  -8.7619235042017612E-080   5.3019645631515063E-053  -5.0536801953840552E-051  -1.2855670657392813E-051  -3.7687818394495010E-051   4.6434296072452895E-099   1.1412286034438467E-099  -1.3028341659699408E-100  -5.1257736651339447E-099   1.0630206513797828E-099  -1.4948857319206084E-100   3.3979521106994905E-098   4.4092968254391104E-099   5.5713424656019188E-101  -3.6764957985406633E-068  -5.8925620100924862E-068  -1.2402785497674479E-067   6.7187043803329645E-068   4.7374983854944171E-067  -1.2538082824253479E-066  -5.3584364219642759E-068  -2.8617218441530697E-067   4.3385014746994423E-068  -2.3588413321317571E-067   1.0663971083301365E-100  -4.2022629229426281E-083   8.2602764820120948E-101   3.4253302329751714E-101  -5.6421442393933001E-101  -4.9442335457852677E-115   1.7223079070307595E-097   2.2977770459566271E-053  -2.0956346645270673E-051  -5.3305610487540051E-052  -1.5628177428971598E-051   1.9255175717136733E-099   4.7323834768649264E-100  -5.4025228807570808E-101  -2.1255284658092977E-099   4.4080780633544943E-100  -6.1989159398740126E-101   1.4090458447781374E-098   1.8284253039184386E-099   2.3102964170216283E-101  -1.5245202317378642E-068  -2.4434598917273184E-068  -5.1430184367237330E-068   2.7860363661783658E-068   1.9645008463731367E-067  -5.1992298998522138E-067  -2.2220228477031150E-068  -1.1867076272542508E-067   1.7990830402136235E-068  -9.7812608554540640E-068   4.4220823158582103E-101  -1.7425735074506431E-083   3.4253302329751714E-101   1.4203989509437932E-101  -2.3396562834094652E-101  -2.0502500201830142E-115   7.1419810592021944E-098  -3.6839371004916792E-053   3.4518931072041332E-051   8.7807779092398627E-052   2.5742480759830924E-051  -3.1716755613988063E-099  -7.7951060143591261E-100   8.8989464087018946E-101   3.5011352417814155E-099  -7.2609123120503831E-100   1.0210747905694946E-100  -2.3209557293641296E-098  -3.0117501818033633E-099  -3.8054800553537465E-101   2.5111943836486347E-068   4.0248635218120565E-068   8.4715989337228559E-068  -4.5891537110899165E-068  -3.2359132610005873E-067   8.5640805589575973E-067   3.6600638926587366E-068   1.9547006163451816E-067  -2.9634030584604250E-068   1.6111791654047006E-067  -7.2839768920240165E-101   2.8703366105461769E-083  -5.6421442393933001E-101  -2.3396562834094652E-101   3.8538409727964468E-101   3.3771361635839774E-115  -1.1764146097719808E-097  -3.1007940888511865E-067   3.0249080095005704E-065   7.6950989205814718E-066   2.2558263238339318E-065  -2.7793476616372070E-113  -6.8308907119119162E-114   7.7981885060783012E-115   3.0680610921876607E-113  -6.3627702414778934E-114   8.9477212771736172E-115  -2.0338627566402286E-112  -2.6392085940152923E-113  -3.3347574784264608E-115   2.2006091250290358E-082   3.5270532301132617E-082   7.4238331962355835E-082  -4.0215482740059928E-082  -2.8356711505929449E-081   7.5047376615661066E-081   3.2073116919057291E-082   1.7128822872372064E-081  -2.5968227994742102E-082   1.4119167530391293E-081  -6.3829780608626209E-115   2.5152873303383389E-097  -4.9442335457852677E-115  -2.0502500201830142E-115   3.3771361635839774E-115   2.9593980132018478E-129  -1.0308967504361071E-111   1.1610756343566050E-049  -1.0537168283926913E-047  -2.6802658055117194E-048  -7.8580831532055916E-048   9.6817958429263896E-096   2.3795137032374165E-096  -2.7164700303858631E-097  -1.0687477944400175E-095   2.2164482278909074E-096  -3.1169087043891459E-097   7.0848958744540981E-095   9.1935993426756278E-096   1.1616520163096949E-097  -7.6655008655583908E-065  -1.2286064228118856E-064  -2.5859813893661110E-064   1.4008588238028564E-064   9.8777954116067756E-064  -2.6142515357748692E-063  -1.1172674927600141E-064  -5.9669589537872888E-064   9.0460705302685039E-065  -4.9181508047147422E-064   2.2234899469906658E-097  -8.7619235042017612E-080   1.7223079070307595E-097   7.1419810592021944E-098  -1.1764146097719808E-097  -1.0308967504361071E-111   3.5910962525274591E-094
