   1.0001511193506312        3.1022134223842440E-004   1.4335718070842532E-003  -2.8987556178382566E-004   7.0777718505047400E-004   5.9818718885584054E-019   3.6540700392981868E-016  -2.8283746711586463E-017  -3.9969339284332496E-016   5.6068667073832722E-016   5.8517714188070464E-017   7.9536789454049447E-016  -3.6572049853390838E-016   4.3190641763854075E-018   3.8683385126432218E-016  -1.8687806123548042E-016   7.3257065451450260E-018  -1.1494006549295710E-019   3.9503154741764799E-017   1.9290862468218554E-017  -1.6352635596238911E-017   9.8817464813844419E-018  -5.3705804174672336E-019  -2.9217757807748340E-017  -2.9122998796368586E-017  -2.5101206155311346E-018  -2.6386161993511914E-017   5.9934547696326649E-019   4.6943556283482082E-018   9.4220929511875988E-018   2.0759875849878675E-017   1.5032541012122534E-017   5.4331855381886754E-018   1.4260943610174388E-017   3.1022134223842440E-004  0.88706249551277627        9.5630149677572301E-003   7.4502012116405253E-002   6.5842832360958102E-003   2.6822531934070575E-015  -8.0743616749292422E-017  -2.9465777423030018E-016   1.8768348204142436E-015  -9.7538934231259029E-016  -2.1274919573950573E-017   5.4666240981791774E-016   3.8133395552577097E-016   2.6203238937078088E-017   1.1505026303654881E-015   5.4752276233290394E-016   1.6115580632738719E-016  -1.0276487910418349E-017   9.8565812357809970E-018   2.8477628376668752E-017   2.0042187082728800E-017  -1.4824138518423809E-016   2.3114708947245981E-018  -4.0383158660709161E-017  -1.1535458552739663E-016   6.0986922747130547E-018  -9.6211375372391122E-017  -2.4989730355013288E-017   1.7026444687343997E-016   1.3978227840117709E-017  -1.0532918778749966E-019   5.7745129345742065E-017   3.8188521486908252E-018   2.8223460814113961E-016   1.4335718070842532E-003   9.5630149677572301E-003  0.44402840678960009        5.0190268111139739E-002  0.24796294424667686        4.7882556557146577E-016   2.4276144287157278E-015   1.8077755115742877E-017   8.3352766278248033E-016   2.7570328799839495E-015   7.7846069960664309E-016   3.8781363463125093E-015  -2.2798065638110621E-015   7.9484578537028387E-018   1.5871010902377064E-015  -2.2258995416237797E-015  -7.4306295779929279E-016  -1.0666287394426976E-016   2.7340808088294819E-016   4.4204707611697286E-017   3.0274605213208100E-016  -3.5911178088282164E-016  -7.3021684510474171E-017  -2.2968381179155826E-016  -5.5096901826309714E-016   7.1969648552531405E-017  -6.9390311895845257E-016   1.0996744123236057E-016  -7.6325415782506421E-016  -6.9227954333527244E-017   9.5064437621740331E-017  -2.9404122517363866E-016  -1.3700464644605354E-016  -1.1342184517733575E-015  -2.8987556178382566E-004   7.4502012116405253E-002   5.0190268111139739E-002   1.1751810331079172E-002   2.8131247580969521E-002  -2.1750632355000669E-015  -2.5492043165426600E-016   2.5190260626874184E-016  -9.7638629011799244E-016   2.8652395968575740E-016  -2.1495983849222005E-016  -2.1425374388177712E-016  -2.2516763306455141E-016  -1.1466359686972140E-016  -3.7042236265037856E-016  -1.7136535227701985E-016  -2.2508543182115853E-016  -1.2717221947373050E-017   3.1214561809797137E-017   7.2663287989466227E-018   3.5348260188661807E-017  -5.2229384353714733E-017  -7.9322233077787579E-018  -2.8882253826444919E-017  -7.0832807521569549E-017   8.5128908046980651E-018  -8.5151044592791748E-017   1.0165008568763648E-017  -7.0820242861419302E-017  -6.5490228418411707E-018   1.0557570464218697E-017  -2.7939332968980576E-017  -1.4928526538129122E-017  -1.0282566960560027E-016   7.0777718505047400E-004   6.5842832360958102E-003  0.24796294424667686        2.8131247580969521E-002  0.13847402406772211       -2.0512788030034616E-015   1.0725306665298926E-015   1.6369087423674211E-016  -3.0695112941215074E-015   2.3325843838163656E-015   6.0562286090235082E-016   4.5071218724003432E-016  -9.3446662063403097E-016   8.9833763230753125E-017  -9.5916704596820794E-016  -8.2868775814836998E-016  -3.2538354412043658E-016  -5.9575961743354817E-017   1.5268380470182064E-016   2.4722473849212999E-017   1.6908589601631386E-016  -2.0074026750683206E-016  -4.0772707441853094E-017  -1.2831153525905697E-016  -3.0782540209341488E-016   4.0197320970688167E-017  -3.8761456037691909E-016   6.1371752262737515E-017  -4.2596996127423702E-016  -3.8638816121470919E-017   5.3082799771610370E-017  -1.6411580726439578E-016  -7.6499840760941924E-017  -6.3296377036312771E-016   5.9818718885584054E-019   2.6822531934070575E-015   4.7882556557146577E-016  -2.1750632355000669E-015  -2.0512788030034616E-015  0.94622748483025765       -4.6035087924369570E-016  -1.3628453071878313E-016   3.1108287757052274E-003  -4.1937448251507664E-016   3.2306514234636818E-016   5.6950270812924100E-002   3.8562868989646532E-016   1.6500201812513771E-016   3.1415989249181609E-003   2.8587277266537911E-016   1.2286043493334176E-016  -1.8894290709354627E-017  -6.2917947100037556E-017  -8.0227066755218445E-018  -2.4077921932250558E-016   1.7541503086118405E-016   4.9283688723609794E-018   1.4549665297467475E-017  -1.3986842202320027E-016   1.8694544028105094E-018  -4.5249813186655832E-017  -2.7827356200285809E-017   1.8560494403600945E-016   1.8903446254989279E-017  -4.3495596891114363E-018   6.0338280296210761E-017   1.2019808679717858E-017   3.4260561120001537E-016   3.6540700392981868E-016  -8.0743616749292422E-017   2.4276144287157278E-015  -2.5492043165426600E-016   1.0725306665298926E-015  -4.6035087924369570E-016  0.94622748483025931        8.5850050281070268E-016   1.2693500222281384E-015   3.1108287757080923E-003  -3.9844429838842288E-017   5.6370635562836766E-016   5.6950270812923649E-002  -1.0020738579197275E-016   7.8755514073105062E-016   3.1415989249184307E-003   4.6512273199628140E-017   2.8209766257912846E-019  -2.4548186407941219E-017   5.4291704931079820E-018  -2.5593334293462308E-017   6.6696767072252334E-017  -1.4600930235836928E-018  -2.8204876953271005E-017  -4.4599146807233899E-018   1.6928436517320876E-017  -1.4528433142329506E-017  -4.4760135856853393E-017   1.6148694756001494E-017  -8.1870489195461678E-017   2.8595999362826087E-017  -2.1862694441748040E-017  -3.5229489984855829E-016   3.7591508951232788E-017  -2.8283746711586463E-017  -2.9465777423030018E-016   1.8077755115742877E-017   2.5190260626874184E-016   1.6369087423674211E-016  -1.3628453071878313E-016   8.5850050281070268E-016  0.94622748483025032       -7.3576669930297545E-017   5.0800292791808310E-016   3.1108287757009336E-003   1.2371424414417409E-016  -3.5461542556569636E-016   5.6950270812927445E-002   9.2834811019071317E-017  -1.4810201676151991E-016   3.1415989249203120E-003   4.2788728630390417E-019   3.9702308741173392E-017  -3.0016251666003422E-017  -4.5748759462007536E-017  -2.4798339137300913E-017   1.0718049726381392E-018   2.9603477984505474E-017   1.2135239647279406E-017  -2.1805286406564668E-017   1.9389351131806906E-019   4.8128461720579009E-017  -1.1324829210071879E-017  -7.9711784538122519E-019   1.0120892325424924E-017   1.2254275236140191E-016  -8.5671527121382305E-017  -4.3039873997658817E-017  -3.9969339284332496E-016   1.8768348204142436E-015   8.3352766278248033E-016  -9.7638629011799244E-016  -3.0695112941215074E-015   3.1108287757052274E-003   1.2693500222281384E-015  -7.3576669930297545E-017  0.36263891439657858        3.0585343285816080E-015   8.7950480232024120E-016  0.16206464471332105       -5.4990734188464785E-016   3.4477629085039041E-016  0.18895616518506794       -3.4238020404919745E-015  -2.0469737016526324E-016  -1.3025324304067072E-016   1.4104422965675792E-016   6.2468470281413401E-018   1.5502280346238887E-016  -2.6138820891896515E-016  -5.7188209666163766E-017  -3.2072396158503405E-016  -2.4393306751032278E-016  -2.2028774466757459E-016  -8.5296087372199721E-016  -1.1296189142124474E-016   8.9450619211803997E-016   1.1624324868577400E-016  -1.7557171545100680E-017   3.5263311340754400E-016   5.3774349749075859E-017   1.6477418561811219E-015   5.6068667073832722E-016  -9.7538934231259029E-016   2.7570328799839495E-015   2.8652395968575740E-016   2.3325843838163656E-015  -4.1937448251507664E-016   3.1108287757080923E-003   5.0800292791808310E-016   3.0585343285816080E-015  0.36263891439658352       -6.9388939039072284E-018   1.2288889524036950E-015  0.16206464471332127        9.0205620750793969E-017   2.1789211060441183E-015  0.18895616518506619       -2.0816681711721685E-017  -1.2205021191838574E-017  -1.6381648565269224E-018   1.7599539355108928E-016   2.6748610487529248E-016   3.2564869879296660E-016   1.0715178903994072E-018   1.9551181067425972E-016   3.0038329094391453E-016   2.6397615811992930E-016   2.2138163693734191E-016  -2.3953409669405520E-016   2.5273734929046372E-016  -3.0917425924043130E-017  -1.0116988401748804E-019   1.2763713014822976E-016  -4.1823385223447824E-017   2.8735951383556773E-016   5.8517714188070464E-017  -2.1274919573950573E-017   7.7846069960664309E-016  -2.1495983849222005E-016   6.0562286090235082E-016   3.2306514234636818E-016  -3.9844429838842288E-017   3.1108287757009336E-003   8.7950480232024120E-016  -6.9388939039072284E-018  0.36263891439657764       -9.0205620750793969E-017   1.4918621893400541E-016  0.16206464471331980       -1.7780915628762273E-016  -3.1225022567582528E-017  0.18895616518506775       -5.3926879504499089E-019  -1.9787041541081056E-016   1.0570898054904256E-016   2.1702391965529247E-017   3.3446992577200429E-017  -7.6882120316716537E-018   6.1203367722165934E-017   1.9559756264167563E-016   9.5878424099287695E-017  -1.1118671917280870E-016  -2.2156119624398279E-016  -7.3143890132412367E-017   9.2095591807543949E-017   1.3476021670682107E-016  -8.6040240013376488E-017   7.2330183027932848E-017   1.9901753673468482E-016   7.9536789454049447E-016   5.4666240981791774E-016   3.8781363463125093E-015  -2.1425374388177712E-016   4.5071218724003432E-016   5.6950270812924100E-002   5.6370635562836766E-016   1.2371424414417409E-016  0.16206464471332105        1.2288889524036950E-015  -9.0205620750793969E-017   7.5689710148817646E-002  -2.7446577996470545E-016  -5.0523821237824507E-017   8.4534487415116752E-002  -1.5670245049476117E-015  -3.4455945041589331E-016  -5.9254491490467860E-017   5.9267648524562650E-017   2.3175061001750878E-018   5.5063834307871735E-017  -1.0638346632497838E-016  -2.5239422572177615E-017  -1.4231680566287627E-016  -1.1710464359687869E-016  -9.8226657375266626E-017  -3.8341868651122238E-016  -5.2060174926706787E-017   4.1020603565274156E-016   5.3000968838048694E-017  -8.0929219419024246E-018   1.6095839870834935E-016   2.4710657012821905E-017   7.5566930339700579E-016  -3.6572049853390838E-016   3.8133395552577097E-016  -2.2798065638110621E-015  -2.2516763306455141E-016  -9.3446662063403097E-016   3.8562868989646532E-016   5.6950270812923649E-002  -3.5461542556569636E-016  -5.4990734188464785E-016  0.16206464471332127        1.4918621893400541E-016  -2.7446577996470545E-016   7.5689710148816661E-002   6.5919492087118670E-017  -1.6154612370034016E-017   8.4534487415114851E-002   7.4593109467002705E-017  -5.4317558828856882E-018  -2.1727233043510902E-018   7.8883124161756122E-017   1.1790295710958575E-016   1.4928592280375466E-016   3.9259018955042149E-019   8.5620291104575818E-017   1.3382919282780841E-016   1.1883295598513513E-016   9.7971647341000738E-017  -1.0955627337564450E-016   1.1377016699393764E-016  -1.8608895151574607E-017   1.6339682367676915E-018   5.5693446693888402E-017  -3.9356384101753692E-017   1.3048460031541867E-016   4.3190641763854075E-018   2.6203238937078088E-017   7.9484578537028387E-018  -1.1466359686972140E-016   8.9833763230753125E-017   1.6500201812513771E-016  -1.0020738579197275E-016   5.6950270812927445E-002   3.4477629085039041E-016   9.0205620750793969E-017  0.16206464471331980       -5.0523821237824507E-017   6.5919492087118670E-017   7.5689710148817368E-002  -9.7144514654701197E-017   1.2143064331837650E-017   8.4534487415116530E-002  -2.1560439989682632E-019  -8.5998053560892684E-017   4.5425953335711324E-017   7.0016213090507029E-018   1.3474599177175429E-017  -3.3690817897664668E-018   2.9059466681687030E-017   8.8027304871767396E-017   4.1519734031245454E-017  -4.9622356490255749E-017  -9.6078840198083478E-017  -3.3316409602247042E-017   4.1064658128876920E-017   6.0751238355326960E-017  -3.1212759283773748E-017   2.7257635066520097E-017   8.6314149694666921E-017   3.8683385126432218E-016   1.1505026303654881E-015   1.5871010902377064E-015  -3.7042236265037856E-016  -9.5916704596820794E-016   3.1415989249181609E-003   7.8755514073105062E-016   9.2834811019071317E-017  0.18895616518506794        2.1789211060441183E-015  -1.7780915628762273E-016   8.4534487415116752E-002  -1.6154612370034016E-017  -9.7144514654701197E-017   9.8459699742649329E-002  -1.4811285878324476E-015  -4.3671663507716119E-016  -6.7898156861596997E-017   7.3389262174799123E-017   3.2419943458766070E-018   8.0386879638196630E-017  -1.3591308347787226E-016  -2.9789705804588989E-017  -1.6708820893854877E-016  -1.2732487440867063E-016  -1.1477680674838287E-016  -4.4450365643453425E-016  -5.8902942529858218E-017   4.6637620365886378E-016   6.0598335129406054E-017  -9.1550654556683673E-018   1.8383466573302081E-016   2.8038169469379878E-017   8.5909814474131391E-016  -1.8687806123548042E-016   5.4752276233290394E-016  -2.2258995416237797E-015  -1.7136535227701985E-016  -8.2868775814836998E-016   2.8587277266537911E-016   3.1415989249184307E-003  -1.4810201676151991E-016  -3.4238020404919745E-015  0.18895616518506619       -3.1225022567582528E-017  -1.5670245049476117E-015   8.4534487415114851E-002   1.2143064331837650E-017  -1.4811285878324476E-015   9.8459699742646137E-002  -2.6020852139652106E-017  -6.3589109718680778E-018  -8.9300978679782289E-019   9.1710231910649953E-017   1.3933114523455155E-016   1.6978479242670370E-016   5.5596238816248571E-019   1.0182510746235127E-016   1.5650602136003878E-016   1.3757064361280197E-016   1.1532642904763667E-016  -1.2487996092943146E-016   1.3171346616638912E-016  -1.6240944954404723E-017  -6.7563604783127197E-021   6.6469542451304412E-017  -2.2358048818192817E-017   1.4978763081088713E-016   7.3257065451450260E-018   1.6115580632738719E-016  -7.4306295779929279E-016  -2.2508543182115853E-016  -3.2538354412043658E-016   1.2286043493334176E-016   4.6512273199628140E-017   3.1415989249203120E-003  -2.0469737016526324E-016  -2.0816681711721685E-017  0.18895616518506775       -3.4455945041589331E-016   7.4593109467002705E-017   8.4534487415116530E-002  -4.3671663507716119E-016  -2.6020852139652106E-017   9.8459699742649426E-002  -2.8029559485522393E-019  -1.0303556853825562E-016   5.5030887520945710E-017   1.1234396643459627E-017   1.7387531378349708E-017  -4.0041813174888679E-018   3.1937280944783199E-017   1.0193462019135921E-016   4.9921922128573833E-017  -5.7932964047732754E-017  -1.1536598765741352E-016  -3.8129453242463345E-017   4.7984659572931295E-017   7.0232392558928770E-017  -4.4633887319469971E-017   3.7549588834322521E-017   1.0362790635622912E-016  -1.1494006549295710E-019  -1.0276487910418349E-017  -1.0666287394426976E-016  -1.2717221947373050E-017  -5.9575961743354817E-017  -1.8894290709354627E-017   2.8209766257912846E-019   4.2788728630390417E-019  -1.3025324304067072E-016  -1.2205021191838574E-017  -5.3926879504499089E-019  -5.9254491490467860E-017  -5.4317558828856882E-018  -2.1560439989682632E-019  -6.7898156861596997E-017  -6.3589109718680778E-018  -2.8029559485522393E-019   7.3224503614532853E-032  -1.1480124041354492E-031  -1.9046979851180216E-032  -1.3305011611176393E-031   1.6708418714353659E-031   3.7920419262541856E-032   1.6368904178383757E-031   2.1308260746590051E-031   5.2691500986801019E-032   4.6720131346739839E-031   2.3305354283475988E-032  -1.5136175608512101E-031  -2.4726595625669355E-032  -1.6608020493616039E-032  -6.1796305193570242E-032   1.4436031835064460E-032  -3.3828050081137864E-031   3.9503154741764799E-017   9.8565812357809970E-018   2.7340808088294819E-016   3.1214561809797137E-017   1.5268380470182064E-016  -6.2917947100037556E-017  -2.4548186407941219E-017   3.9702308741173392E-017   1.4104422965675792E-016  -1.6381648565269224E-018  -1.9787041541081056E-016   5.9267648524562650E-017  -2.1727233043510902E-018  -8.5998053560892684E-017   7.3389262174799123E-017  -8.9300978679782289E-019  -1.0303556853825562E-016  -1.1480124041354492E-031   3.3948326797763184E-031  -2.8870720751136009E-032   2.4817171135571456E-031  -3.5750188614131830E-031  -6.3288931321556050E-032  -3.0082981944360106E-031  -5.3375401025256700E-031  -9.6581708730167477E-032  -6.9759645152099851E-031   1.5075532531025822E-031  -9.5073326922341492E-032  -4.6252262401420004E-032  -2.1107910443030815E-032   5.4766933182305852E-033  -9.7898772843609219E-032  -1.9047868889422585E-031   1.9290862468218554E-017   2.8477628376668752E-017   4.4204707611697286E-017   7.2663287989466227E-018   2.4722473849212999E-017  -8.0227066755218445E-018   5.4291704931079820E-018  -3.0016251666003422E-017   6.2468470281413401E-018   1.7599539355108928E-016   1.0570898054904256E-016   2.3175061001750878E-018   7.8883124161756122E-017   4.5425953335711324E-017   3.2419943458766070E-018   9.1710231910649953E-017   5.5030887520945710E-017  -1.9046979851180216E-032  -2.8870720751136009E-032   1.2305263611528150E-031   1.7249232837977440E-031   1.2295880881806241E-031  -9.9505537429254270E-033   8.1469187268616606E-032   1.4081550133082489E-031   1.6028800452299775E-031  -1.1509745205209734E-032  -1.7426042805257314E-031   4.5580114379829714E-032   7.1771202194744404E-033   4.8580901326465887E-032   1.1346555114748413E-032  -1.0340316468870722E-032   1.2160609100437595E-031  -1.6352635596238911E-017   2.0042187082728800E-017   3.0274605213208100E-016   3.5348260188661807E-017   1.6908589601631386E-016  -2.4077921932250558E-016  -2.5593334293462308E-017  -4.5748759462007536E-017   1.5502280346238887E-016   2.6748610487529248E-016   2.1702391965529247E-017   5.5063834307871735E-017   1.1790295710958575E-016   7.0016213090507029E-018   8.0386879638196630E-017   1.3933114523455155E-016   1.1234396643459627E-017  -1.3305011611176393E-031   2.4817171135571456E-031   1.7249232837977440E-031   5.3679474807120563E-031  -1.6284282144696021E-031  -7.5238315277145947E-032  -1.5083759672765553E-031  -2.1281776646414092E-031   1.5517106998803841E-031  -6.7179031349688871E-031  -1.5797334868441724E-031   1.3355980765407324E-033  -1.6832731424914051E-032   6.4710321325811730E-032   1.9987582460535244E-032  -8.5339139681252048E-032   7.6382099021330761E-032   9.8817464813844419E-018  -1.4824138518423809E-016  -3.5911178088282164E-016  -5.2229384353714733E-017  -2.0074026750683206E-016   1.7541503086118405E-016   6.6696767072252334E-017  -2.4798339137300913E-017  -2.6138820891896515E-016   3.2564869879296660E-016   3.3446992577200429E-017  -1.0638346632497838E-016   1.4928592280375466E-016   1.3474599177175429E-017  -1.3591308347787226E-016   1.6978479242670370E-016   1.7387531378349708E-017   1.6708418714353659E-031  -3.5750188614131830E-031   1.2295880881806241E-031  -1.6284282144696021E-031   8.3507981954879273E-031   1.0080032281145601E-031   6.0390699998227586E-031   8.9868247523832428E-031   3.4801406896563484E-031   1.3689007370599531E-030  -2.4796697003266140E-031   1.9787905909105966E-031  -5.1519580334603071E-032  -5.0417636593784064E-032   8.6281460635114571E-032   2.0839247439945238E-032   2.2873188651299605E-032  -5.3705804174672336E-019   2.3114708947245981E-018  -7.3021684510474171E-017  -7.9322233077787579E-018  -4.0772707441853094E-017   4.9283688723609794E-018  -1.4600930235836928E-018   1.0718049726381392E-018  -5.7188209666163766E-017   1.0715178903994072E-018  -7.6882120316716537E-018  -2.5239422572177615E-017   3.9259018955042149E-019  -3.3690817897664668E-018  -2.9789705804588989E-017   5.5596238816248571E-019  -4.0041813174888679E-018   3.7920419262541856E-032  -6.3288931321556050E-032  -9.9505537429254270E-033  -7.5238315277145947E-032   1.0080032281145601E-031   2.1245153338403806E-032   8.7664344217893342E-032   1.2460686179069135E-031   2.1643403479624434E-032   2.5109871175713163E-031   3.5719070432131350E-033  -1.1447038729854527E-032  -8.6985052938684455E-033  -1.5795441584877175E-032  -4.2652187232603618E-033   1.2930335308864959E-032  -7.3583536845392953E-032  -2.9217757807748340E-017  -4.0383158660709161E-017  -2.2968381179155826E-016  -2.8882253826444919E-017  -1.2831153525905697E-016   1.4549665297467475E-017  -2.8204876953271005E-017   2.9603477984505474E-017  -3.2072396158503405E-016   1.9551181067425972E-016   6.1203367722165934E-017  -1.4231680566287627E-016   8.5620291104575818E-017   2.9059466681687030E-017  -1.6708820893854877E-016   1.0182510746235127E-016   3.1937280944783199E-017   1.6368904178383757E-031  -3.0082981944360106E-031   8.1469187268616606E-032  -1.5083759672765553E-031   6.0390699998227586E-031   8.7664344217893342E-032   5.2257957359474568E-031   6.9863562102586126E-031   3.1490557683089845E-031   1.2176939874382616E-030  -1.2003163989308527E-031  -2.7756957466056653E-031  -6.6159956813463744E-032  -1.2157654786393800E-032  -1.0293557410862042E-031   2.1204954972653373E-032  -6.9131501499901135E-031  -2.9122998796368586E-017  -1.1535458552739663E-016  -5.5096901826309714E-016  -7.0832807521569549E-017  -3.0782540209341488E-016  -1.3986842202320027E-016  -4.4599146807233899E-018   1.2135239647279406E-017  -2.4393306751032278E-016   3.0038329094391453E-016   1.9559756264167563E-016  -1.1710464359687869E-016   1.3382919282780841E-016   8.8027304871767396E-017  -1.2732487440867063E-016   1.5650602136003878E-016   1.0193462019135921E-016   2.1308260746590051E-031  -5.3375401025256700E-031   1.4081550133082489E-031  -2.1281776646414092E-031   8.9868247523832428E-031   1.2460686179069135E-031   6.9863562102586126E-031   1.2351163994838013E-030   3.2788623272726921E-031   1.5739826920043403E-030  -3.7041668878465157E-031   4.6716417092889567E-031   2.7686413030487906E-032  -3.3357229898156609E-032   1.7224815856587896E-031   1.3722893556446302E-031   5.5953014613453044E-031  -2.5101206155311346E-018   6.0986922747130547E-018   7.1969648552531405E-017   8.5128908046980651E-018   4.0197320970688167E-017   1.8694544028105094E-018   1.6928436517320876E-017  -2.1805286406564668E-017  -2.2028774466757459E-016   2.6397615811992930E-016   9.5878424099287695E-017  -9.8226657375266626E-017   1.1883295598513513E-016   4.1519734031245454E-017  -1.1477680674838287E-016   1.3757064361280197E-016   4.9921922128573833E-017   5.2691500986801019E-032  -9.6581708730167477E-032   1.6028800452299775E-031   1.5517106998803841E-031   3.4801406896563484E-031   2.1643403479624434E-032   3.1490557683089845E-031   3.2788623272726921E-031   3.6380056629183777E-031   5.3663776888381878E-031  -1.4860560216786019E-031  -5.0033107053546979E-031  -8.1092774465426587E-032   6.1774294714362276E-032  -1.9449747648218431E-031  -6.9518989850919922E-032  -9.1853146288708336E-031  -2.6386161993511914E-017  -9.6211375372391122E-017  -6.9390311895845257E-016  -8.5151044592791748E-017  -3.8761456037691909E-016  -4.5249813186655832E-017  -1.4528433142329506E-017   1.9389351131806906E-019  -8.5296087372199721E-016   2.2138163693734191E-016  -1.1118671917280870E-016  -3.8341868651122238E-016   9.7971647341000738E-017  -4.9622356490255749E-017  -4.4450365643453425E-016   1.1532642904763667E-016  -5.7932964047732754E-017   4.6720131346739839E-031  -6.9759645152099851E-031  -1.1509745205209734E-032  -6.7179031349688871E-031   1.3689007370599531E-030   2.5109871175713163E-031   1.2176939874382616E-030   1.5739826920043403E-030   5.3663776888381878E-031   3.2697117989430195E-030   1.9927968442465114E-032  -7.5914400782911463E-031  -2.1329364693203104E-031  -1.4925847935895353E-031  -2.7362164941354143E-031   4.4692270402340924E-032  -2.0311072832445405E-030   5.9934547696326649E-019  -2.4989730355013288E-017   1.0996744123236057E-016   1.0165008568763648E-017   6.1371752262737515E-017  -2.7827356200285809E-017  -4.4760135856853393E-017   4.8128461720579009E-017  -1.1296189142124474E-016  -2.3953409669405520E-016  -2.2156119624398279E-016  -5.2060174926706787E-017  -1.0955627337564450E-016  -9.6078840198083478E-017  -5.8902942529858218E-017  -1.2487996092943146E-016  -1.1536598765741352E-016   2.3305354283475988E-032   1.5075532531025822E-031  -1.7426042805257314E-031  -1.5797334868441724E-031  -2.4796697003266140E-031   3.5719070432131350E-033  -1.2003163989308527E-031  -3.7041668878465157E-031  -1.4860560216786019E-031   1.9927968442465114E-032   3.6218768995361425E-031  -6.0192183214692288E-031  -8.6584115006719254E-032  -5.3880837146361766E-032  -2.1045227576887396E-031  -5.6460857886733335E-032  -1.1283038846993444E-030   4.6943556283482082E-018   1.7026444687343997E-016  -7.6325415782506421E-016  -7.0820242861419302E-017  -4.2596996127423702E-016   1.8560494403600945E-016   1.6148694756001494E-017  -1.1324829210071879E-017   8.9450619211803997E-016   2.5273734929046372E-016  -7.3143890132412367E-017   4.1020603565274156E-016   1.1377016699393764E-016  -3.3316409602247042E-017   4.6637620365886378E-016   1.3171346616638912E-016  -3.8129453242463345E-017  -1.5136175608512101E-031  -9.5073326922341492E-032   4.5580114379829714E-032   1.3355980765407324E-033   1.9787905909105966E-031  -1.1447038729854527E-032  -2.7756957466056653E-031   4.6716417092889567E-031  -5.0033107053546979E-031  -7.5914400782911463E-031  -6.0192183214692288E-031   3.7824603575896332E-030   3.7111172330996994E-031  -2.3474466977223398E-031   1.5042192224780423E-030   3.2382308627355501E-031   6.3016683358653503E-030   9.4220929511875988E-018   1.3978227840117709E-017  -6.9227954333527244E-017  -6.5490228418411707E-018  -3.8638816121470919E-017   1.8903446254989279E-017  -8.1870489195461678E-017  -7.9711784538122519E-019   1.1624324868577400E-016  -3.0917425924043130E-017   9.2095591807543949E-017   5.3000968838048694E-017  -1.8608895151574607E-017   4.1064658128876920E-017   6.0598335129406054E-017  -1.6240944954404723E-017   4.7984659572931295E-017  -2.4726595625669355E-032  -4.6252262401420004E-032   7.1771202194744404E-033  -1.6832731424914051E-032  -5.1519580334603071E-032  -8.6985052938684455E-033  -6.6159956813463744E-032   2.7686413030487906E-032  -8.1092774465426587E-032  -2.1329364693203104E-031  -8.6584115006719254E-032   3.7111172330996994E-031   8.1821627112797072E-032   1.1381721894844273E-032   1.3027623308858643E-031   9.1423145112721276E-032   7.3984093820938010E-031   2.0759875849878675E-017  -1.0532918778749966E-019   9.5064437621740331E-017   1.0557570464218697E-017   5.3082799771610370E-017  -4.3495596891114363E-018   2.8595999362826087E-017   1.0120892325424924E-017  -1.7557171545100680E-017  -1.0116988401748804E-019   1.3476021670682107E-016  -8.0929219419024246E-018   1.6339682367676915E-018   6.0751238355326960E-017  -9.1550654556683673E-018  -6.7563604783127197E-021   7.0232392558928770E-017  -1.6608020493616039E-032  -2.1107910443030815E-032   4.8580901326465887E-032   6.4710321325811730E-032  -5.0417636593784064E-032  -1.5795441584877175E-032  -1.2157654786393800E-032  -3.3357229898156609E-032   6.1774294714362276E-032  -1.4925847935895353E-031  -5.3880837146361766E-032  -2.3474466977223398E-031   1.1381721894844273E-032   7.2672516322258568E-032  -1.1164388739877878E-031  -1.6446968709636845E-032  -2.4992950400604789E-031   1.5032541012122534E-017   5.7745129345742065E-017  -2.9404122517363866E-016  -2.7939332968980576E-017  -1.6411580726439578E-016   6.0338280296210761E-017  -2.1862694441748040E-017   1.2254275236140191E-016   3.5263311340754400E-016   1.2763713014822976E-016  -8.6040240013376488E-017   1.6095839870834935E-016   5.5693446693888402E-017  -3.1212759283773748E-017   1.8383466573302081E-016   6.6469542451304412E-017  -4.4633887319469971E-017  -6.1796305193570242E-032   5.4766933182305852E-033   1.1346555114748413E-032   1.9987582460535244E-032   8.6281460635114571E-032  -4.2652187232603618E-033  -1.0293557410862042E-031   1.7224815856587896E-031  -1.9449747648218431E-031  -2.7362164941354143E-031  -2.1045227576887396E-031   1.5042192224780423E-030   1.3027623308858643E-031  -1.1164388739877878E-031   6.2793481462616588E-031   1.0971415889866304E-031   2.4429492436855220E-030   5.4331855381886754E-018   3.8188521486908252E-018  -1.3700464644605354E-016  -1.4928526538129122E-017  -7.6499840760941924E-017   1.2019808679717858E-017  -3.5229489984855829E-016  -8.5671527121382305E-017   5.3774349749075859E-017  -4.1823385223447824E-017   7.2330183027932848E-017   2.4710657012821905E-017  -3.9356384101753692E-017   2.7257635066520097E-017   2.8038169469379878E-017  -2.2358048818192817E-017   3.7549588834322521E-017   1.4436031835064460E-032  -9.7898772843609219E-032  -1.0340316468870722E-032  -8.5339139681252048E-032   2.0839247439945238E-032   1.2930335308864959E-032   2.1204954972653373E-032   1.3722893556446302E-031  -6.9518989850919922E-032   4.4692270402340924E-032  -5.6460857886733335E-032   3.2382308627355501E-031   9.1423145112721276E-032  -1.6446968709636845E-032   1.0971415889866304E-031   2.0849530356693020E-031   5.9832707594241810E-031   1.4260943610174388E-017   2.8223460814113961E-016  -1.1342184517733575E-015  -1.0282566960560027E-016  -6.3296377036312771E-016   3.4260561120001537E-016   3.7591508951232788E-017  -4.3039873997658817E-017   1.6477418561811219E-015   2.8735951383556773E-016   1.9901753673468482E-016   7.5566930339700579E-016   1.3048460031541867E-016   8.6314149694666921E-017   8.5909814474131391E-016   1.4978763081088713E-016   1.0362790635622912E-016  -3.3828050081137864E-031  -1.9047868889422585E-031   1.2160609100437595E-031   7.6382099021330761E-032   2.2873188651299605E-032  -7.3583536845392953E-032  -6.9131501499901135E-031   5.5953014613453044E-031  -9.1853146288708336E-031  -2.0311072832445405E-030  -1.1283038846993444E-030   6.3016683358653503E-030   7.3984093820938010E-031  -2.4992950400604789E-031   2.4429492436855220E-030   5.9832707594241810E-031   1.0944894483802995E-029
