  0.95125989286658708        2.5857604481924583E-003   4.4380845564632738E-002   3.9771294042276030E-003   7.1338124820054143E-017  -2.1998273164782835E-016   8.4578240700423429E-017   6.9890728224155358E-017  -2.0115718578240947E-016   7.8861921416185198E-017   5.8749499579098294E-017  -1.3706764486378108E-016   6.4796584845828512E-017   1.0882883056507837E-017  -2.7775443792932747E-018   7.1027457316161116E-018  -2.4758910047117701E-018  -2.8929925125023550E-018   3.5385646784711826E-018   3.9211568294645904E-019  -3.9603831198738325E-018   2.2204989812762223E-020   6.6910474339346803E-018  -2.3442158668006600E-017   0.0000000000000000       -4.9295701589526219E-017   9.6683228201285831E-017   1.2966744008783087E-017  -1.1625367745178874E-016   2.8530046927591491E-017   2.5857604481924583E-003  0.37067463084853924       0.11074782328840836       0.20559141783806562        1.2452528540247596E-016  -2.2676899956053685E-016   1.0519428993540708E-016  -3.9834278667052698E-017  -6.3687706215970142E-017   3.4083653827841088E-016   1.6016474699565382E-016  -2.1107714678401514E-016  -1.2766736537929733E-016  -3.3153541186078161E-017  -1.1040979099615128E-017  -7.5223563980119636E-018   3.8829566457178902E-017   2.2216048895798269E-018   3.3562286955656632E-017   2.4218972933717685E-017   1.2033400599690890E-017   1.5902801896256952E-016   3.3881515540064455E-017   2.8662448294566811E-018   0.0000000000000000       -4.6867940991718871E-017   1.7527901890358814E-017  -1.9999301105960859E-017  -1.7819479513470730E-017   1.1446830733642436E-017   4.4380845564632738E-002  0.11074782328840836        3.5087692695876908E-002   6.1541882624223922E-002  -8.5250144629904295E-017   2.2677304814433614E-016  -8.3623788146362008E-017  -1.6190228368141652E-016   3.4301882415138719E-016  -3.9602417638835921E-017  -4.1415924282394235E-017   1.5342116127300567E-016  -1.2207882665995131E-016  -9.3958932805296227E-018  -3.4225555343639169E-018  -1.9194615099732310E-018   1.1475331289108186E-017   5.3042160485319730E-019   1.0179015173338447E-017   7.2462224820240985E-018   3.4098571756505321E-018   4.7463547713878977E-017   1.0418811134546059E-017  -2.1922950096497362E-019   0.0000000000000000       -1.6247808151139922E-017   9.6635712464052600E-018  -5.3744277006564981E-018  -1.0647772277401965E-017   4.7242692586871362E-018   3.9771294042276030E-003  0.20559141783806562        6.1541882624223922E-002  0.11403626646543223       -1.4426919008364773E-018   6.4898111100128729E-017  -3.8698207920202225E-017  -1.0809080294240489E-016   1.9729285288888789E-016   7.0672111867485113E-017   3.7288253767377581E-017   2.2427590448416236E-017  -1.4176342947091721E-016  -1.8358607953824880E-017  -6.1310010982500822E-018  -4.1530806031969526E-018   2.1529133966064140E-017   1.2244182939310548E-018   1.8623860507453990E-017   1.3433436532048515E-017   6.6634078923095359E-018   8.8200583184124930E-017   1.8809339425539566E-017   1.5270159343551874E-018   0.0000000000000000       -2.6125798955841267E-017   9.9798332820901092E-018  -1.1057399110457279E-017  -1.0193866595173003E-017   6.4249398710893384E-018   7.1338124820054143E-017   1.2452528540247596E-016  -8.5250144629904295E-017  -1.4426919008364773E-018  0.16937256187168137        4.1633363423443370E-017   4.3368086899420177E-017  0.20647443872111509        1.5265566588595902E-016   2.7755575615628914E-017  0.12385828243423426       -1.3877787807814457E-016  -1.4745149545802860E-017   5.1462334709531998E-017   1.3905040550326439E-017  -2.8300785795337736E-018   5.4215808088017784E-018  -1.5374958855153564E-018  -8.1931952350548022E-018   1.1600570755912287E-017   5.6938872804344485E-020   3.5388195836223324E-017  -3.9274086621674930E-018   3.0737574107817921E-017   0.0000000000000000        1.0269718592522349E-017   4.0687770958205586E-017  -5.7918044410727604E-017   1.7511128910590517E-018   1.0456379788026866E-016  -2.1998273164782835E-016  -2.2676899956053685E-016   2.2677304814433614E-016   6.4898111100128729E-017   4.1633363423443370E-017  0.16937256187168098       -4.4669129506402783E-017  -2.7755575615628914E-017  0.20647443872111507       -6.5052130349130266E-017   1.6653345369377348E-016  0.12385828243423408        2.2616457318047622E-016  -9.4801065837958117E-017  -3.4616405877450462E-017   1.0604869278897938E-017   1.1585117632261345E-017   8.1062646917337933E-018   9.9451577636473583E-017  -3.0189528474485579E-017  -1.4095373784357698E-017  -4.8844830351786285E-017  -2.5398959573245674E-018  -5.2528657615428471E-018   0.0000000000000000        3.5744926582212916E-017  -1.4773417462141208E-018   3.8137839552592696E-017  -4.2050440932946778E-018   2.2745671367912031E-017   8.4578240700423429E-017   1.0519428993540708E-016  -8.3623788146362008E-017  -3.8698207920202225E-017   4.3368086899420177E-017  -4.4669129506402783E-017  0.16937256187168129        4.6837533851373792E-017   5.5511151231257827E-017  0.20647443872111479       -1.2750217548429532E-016  -2.0599841277224584E-017  0.12385828243423481        1.9664749334217275E-017  -2.9215450770781791E-018   2.7626026391203429E-017  -3.5821592300960889E-017   1.0068358690321826E-017   6.7598870001926458E-017  -1.8566575522126232E-017  -3.8923336548870360E-017  -2.3341031504359734E-017  -1.8124110466605989E-017  -1.5791642442702906E-017   0.0000000000000000       -1.5060570598732769E-017   6.3091576847082304E-017  -1.2049111236678428E-017   3.8291920072472117E-018   1.2292554344297021E-017   6.9890728224155358E-017  -3.9834278667052698E-017  -1.6190228368141652E-016  -1.0809080294240489E-016  0.20647443872111509       -2.7755575615628914E-017   4.6837533851373792E-017  0.25170366069976424        9.7144514654701197E-017   2.2551405187698492E-017  0.15099003678024722       -2.2898349882893854E-016  -2.4286128663675299E-017   6.2735407417872737E-017   1.6951006770495273E-017  -3.4500209466548011E-018   6.6092042424592741E-018  -1.8742917771906560E-018  -9.9879541809853874E-018   1.4141731749244127E-017   6.9411607604997756E-020   4.3140150871501771E-017  -4.7877264781755850E-018   3.7470788015644387E-017   0.0000000000000000        1.2519349998504003E-017   4.9600623492803198E-017  -7.0605271475964168E-017   2.1347026184362208E-018   1.2746900229467653E-016  -2.0115718578240947E-016  -6.3687706215970142E-017   3.4301882415138719E-016   1.9729285288888789E-016   1.5265566588595902E-016  0.20647443872111507        5.5511151231257827E-017   9.7144514654701197E-017  0.25170366069976469        4.2500725161431774E-017   2.7061686225238191E-016  0.15099003678024731        3.4564365258837881E-016  -1.1556769669626539E-016  -4.2199296598606469E-017   1.2927917059731002E-017   1.4122893544300820E-017   9.8819810827362621E-018   1.2123692554156022E-016  -3.6802690342176045E-017  -1.7183033417741464E-017  -5.9544526101895039E-017  -3.0962724210071816E-018  -6.4035313500991677E-018   0.0000000000000000        4.3575025208518580E-017  -1.8009605834498557E-018   4.6492117310142189E-017  -5.1261792899982664E-018   2.7728220422045955E-017   7.8861921416185198E-017   3.4083653827841088E-016  -3.9602417638835921E-017   7.0672111867485113E-017   2.7755575615628914E-017  -6.5052130349130266E-017  0.20647443872111479        2.2551405187698492E-017   4.2500725161431774E-017  0.25170366069976358       -1.7607443281164592E-016  -4.1633363423443370E-017  0.15099003678024778        2.3972407552352152E-017  -3.5615236217845237E-018   3.3677640759427746E-017  -4.3668484922847121E-017   1.2273881238225742E-017   8.2406728619973846E-017  -2.2633673468365691E-017  -4.7449681213240088E-017  -2.8453997068815070E-017  -2.2094284307673518E-017  -1.9250877909680934E-017   0.0000000000000000       -1.8359661251088391E-017   7.6912091153233312E-017  -1.4688527186394388E-017   4.6679949911293010E-018   1.4985297681276267E-017   5.8749499579098294E-017   1.6016474699565382E-016  -4.1415924282394235E-017   3.7288253767377581E-017  0.12385828243423426        1.6653345369377348E-016  -1.2750217548429532E-016  0.15099003678024722        2.7061686225238191E-016  -1.7607443281164592E-016   9.0574730393350067E-002  -1.0408340855860843E-017  -1.2750217548429532E-016   3.7633228881590275E-017   1.0168438268334207E-017  -2.0695717661786243E-018   3.9646781015531051E-018  -1.1243355920536162E-018  -5.9914963689989957E-018   8.4832321906582432E-018   4.1638095990040906E-020   2.5878578597882030E-017  -2.8720241693098442E-018   2.2477685246761671E-017   0.0000000000000000        7.5100104284684531E-018   2.9754036729862120E-017  -4.2354141800708205E-017   1.2805488246634476E-018   7.6465114934391799E-017  -1.3706764486378108E-016  -2.1107714678401514E-016   1.5342116127300567E-016   2.2427590448416236E-017  -1.3877787807814457E-016  0.12385828243423408       -2.0599841277224584E-017  -2.2898349882893854E-016  0.15099003678024731       -4.1633363423443370E-017  -1.0408340855860843E-017   9.0574730393350011E-002   1.7303866672868651E-016  -6.9325852179764915E-017  -2.5314186245087523E-017   7.7550984634630532E-018   8.4719316746094814E-018   5.9279260500061958E-018   7.2726665141669863E-017  -2.2076912004094715E-017  -1.0307624611132349E-017  -3.5719107784100500E-017  -1.8573678484842864E-018  -3.8413006445235798E-018   0.0000000000000000        2.6139447637125995E-017  -1.0803462451793585E-018   2.7889330187467265E-017  -3.0750526130099395E-018   1.6633389477673968E-017   6.4796584845828512E-017  -1.2766736537929733E-016  -1.2207882665995131E-016  -1.4176342947091721E-016  -1.4745149545802860E-017   2.2616457318047622E-016  0.12385828243423481       -2.4286128663675299E-017   3.4564365258837881E-016  0.15099003678024778       -1.2750217548429532E-016   1.7303866672868651E-016   9.0574730393350941E-002   1.4380381628053563E-017  -2.1364591247976359E-018   2.0202281535362463E-017  -2.6195511524575053E-017   7.3627605353212138E-018   4.9433508240118595E-017  -1.3577312224859038E-017  -2.8463746183429626E-017  -1.7068762734802538E-017  -1.3253747645045739E-017  -1.1548067102218025E-017   0.0000000000000000       -1.1013450975913061E-017   4.6137427798178086E-017  -8.8112395900621816E-018   2.8002005749187308E-018   8.9892639692585584E-018   1.0882883056507837E-017  -3.3153541186078161E-017  -9.3958932805296227E-018  -1.8358607953824880E-017   5.1462334709531998E-017  -9.4801065837958117E-017   1.9664749334217275E-017   6.2735407417872737E-017  -1.1556769669626539E-016   2.3972407552352152E-017   3.7633228881590275E-017  -6.9325852179764915E-017   1.4380381628053563E-017   7.4076631973554801E-032   2.4217150109780768E-032  -2.8317555388127077E-033  -1.2501177358946025E-032  -4.0680991728962703E-033  -5.3269153699385877E-032   1.6103178176997621E-032   2.2640812104184827E-033   2.1145456516187431E-032  -4.8309362904136672E-033   9.9155127005854212E-033   0.0000000000000000       -1.5015566598565309E-032   2.0075152691784814E-032  -3.8401411219250326E-032   3.5672430374467161E-033   1.9775384197516108E-032  -2.7775443792932747E-018  -1.1040979099615128E-017  -3.4225555343639169E-018  -6.1310010982500822E-018   1.3905040550326439E-017  -3.4616405877450462E-017  -2.9215450770781791E-018   1.6951006770495273E-017  -4.2199296598606469E-017  -3.5615236217845237E-018   1.0168438268334207E-017  -2.5314186245087523E-017  -2.1364591247976359E-018   2.4217150109780768E-032   8.6034062540754484E-033  -2.6725463351042600E-033  -2.4535634048172655E-033  -2.0145721559803968E-033  -2.3173678857824284E-032   6.7207544096222677E-033   3.2099404615977562E-033   8.5570607185545134E-033  -5.1822376509538789E-034   3.8506826342717315E-033   0.0000000000000000       -4.6676206203854705E-033   1.7577969626830800E-033  -1.1783207184185771E-032   1.7975982703478436E-033   3.3018831909195311E-033   7.1027457316161116E-018  -7.5223563980119636E-018  -1.9194615099732310E-018  -4.1530806031969526E-018  -2.8300785795337736E-018   1.0604869278897938E-017   2.7626026391203429E-017  -3.4500209466548011E-018   1.2927917059731002E-017   3.3677640759427746E-017  -2.0695717661786243E-018   7.7550984634630532E-018   2.0202281535362463E-017  -2.8317555388127077E-033  -2.6725463351042600E-033   5.4237923359489992E-033  -6.0166609693340442E-033   2.1085133136209500E-033   1.6733503398627007E-032  -5.6022547169846253E-033  -7.5068330008974605E-033  -1.0692166492275857E-032  -3.6886228944552034E-033  -3.6528883089498001E-033   0.0000000000000000        1.9276824340074297E-034   9.8890068581164037E-033   1.8948135753421898E-033  -1.7987632087738501E-034   1.6637085501538723E-033  -2.4758910047117701E-018   3.8829566457178902E-017   1.1475331289108186E-017   2.1529133966064140E-017   5.4215808088017784E-018   1.1585117632261345E-017  -3.5821592300960889E-017   6.6092042424592741E-018   1.4122893544300820E-017  -4.3668484922847121E-017   3.9646781015531051E-018   8.4719316746094814E-018  -2.6195511524575053E-017  -1.2501177358946025E-032  -2.4535634048172655E-033  -6.0166609693340442E-033   1.2617560879654821E-032  -1.3830408481717147E-033  -4.2503997186403817E-033   4.7694998962666667E-033   8.5420422654850583E-033   1.9390227939441388E-032   7.0643073863846176E-033   4.3324711390980821E-033   0.0000000000000000        1.1907459359550175E-033  -1.0584960168666742E-032   1.1701809649115772E-033  -2.5727595562301743E-033   3.4199973894290143E-033  -2.8929925125023550E-018   2.2216048895798269E-018   5.3042160485319730E-019   1.2244182939310548E-018  -1.5374958855153564E-018   8.1062646917337933E-018   1.0068358690321826E-017  -1.8742917771906560E-018   9.8819810827362621E-018   1.2273881238225742E-017  -1.1243355920536162E-018   5.9279260500061958E-018   7.3627605353212138E-018  -4.0680991728962703E-033  -2.0145721559803968E-033   2.1085133136209500E-033  -1.3830408481717147E-033   1.0226489776352584E-033   9.0436486477049757E-033  -2.5094118249124259E-033  -2.9044416479306593E-033  -3.0900449059585604E-033  -9.7996775809185328E-034  -1.3802474054358602E-033   0.0000000000000000        5.9109812894136637E-034   3.1202375727003194E-033   1.4748576002436491E-033   2.5874925727971558E-034   8.5178082379329161E-034   3.5385646784711826E-018   3.3562286955656632E-017   1.0179015173338447E-017   1.8623860507453990E-017  -8.1931952350548022E-018   9.9451577636473583E-017   6.7598870001926458E-017  -9.9879541809853874E-018   1.2123692554156022E-016   8.2406728619973846E-017  -5.9914963689989957E-018   7.2726665141669863E-017   4.9433508240118595E-017  -5.3269153699385877E-032  -2.3173678857824284E-032   1.6733503398627007E-032  -4.2503997186403817E-033   9.0436486477049757E-033   8.8821914167084353E-032  -2.3504260922878405E-032  -2.2738552953902096E-032  -2.5312891703897587E-032  -5.4447765321560051E-033  -1.0695892094532544E-032   0.0000000000000000        1.0067207161809786E-032   2.4267493088080152E-032   1.8621110592165707E-032  -3.0423841633714193E-033   1.4338967759730049E-032   3.9211568294645904E-019   2.4218972933717685E-017   7.2462224820240985E-018   1.3433436532048515E-017   1.1600570755912287E-017  -3.0189528474485579E-017  -1.8566575522126232E-017   1.4141731749244127E-017  -3.6802690342176045E-017  -2.2633673468365691E-017   8.4832321906582432E-018  -2.2076912004094715E-017  -1.3577312224859038E-017   1.6103178176997621E-032   6.7207544096222677E-033  -5.6022547169846253E-033   4.7694998962666667E-033  -2.5094118249124259E-033  -2.3504260922878405E-032   9.7933455828734794E-033   7.5683560910709051E-033   2.4078937552280290E-032   4.3857354269218498E-033   4.9543936861903260E-033   0.0000000000000000       -7.0906959100792058E-033  -2.6981075294224924E-033  -1.0747515756377381E-032  -7.4182371788469847E-034   2.5145370330810976E-033  -3.9603831198738325E-018   1.2033400599690890E-017   3.4098571756505321E-018   6.6634078923095359E-018   5.6938872804344485E-020  -1.4095373784357698E-017  -3.8923336548870360E-017   6.9411607604997756E-020  -1.7183033417741464E-017  -4.7449681213240088E-017   4.1638095990040906E-020  -1.0307624611132349E-017  -2.8463746183429626E-017   2.2640812104184827E-033   3.2099404615977562E-033  -7.5068330008974605E-033   8.5420422654850583E-033  -2.9044416479306593E-033  -2.2738552953902096E-032   7.5683560910709051E-033   1.0525825782345420E-032   1.4608026999337269E-032   5.4476061616541345E-033   4.2693446020600998E-033   0.0000000000000000       -8.2352692472540165E-034  -1.4203910938129296E-032  -1.1293206804814939E-033  -6.1418965583502112E-034  -4.4320631476831691E-033   2.2204989812762223E-020   1.5902801896256952E-016   4.7463547713878977E-017   8.8200583184124930E-017   3.5388195836223324E-017  -4.8844830351786285E-017  -2.3341031504359734E-017   4.3140150871501771E-017  -5.9544526101895039E-017  -2.8453997068815070E-017   2.5878578597882030E-017  -3.5719107784100500E-017  -1.7068762734802538E-017   2.1145456516187431E-032   8.5570607185545134E-033  -1.0692166492275857E-032   1.9390227939441388E-032  -3.0900449059585604E-033  -2.5312891703897587E-032   2.4078937552280290E-032   1.4608026999337269E-032   9.2924666541601503E-032   1.6938133461215312E-032   1.1369801657956290E-032   0.0000000000000000       -2.6138634874800104E-032   7.6421718136924571E-033  -3.0034345933973976E-032  -6.4613938492749659E-033   1.8472111653383058E-032   6.6910474339346803E-018   3.3881515540064455E-017   1.0418811134546059E-017   1.8809339425539566E-017  -3.9274086621674930E-018  -2.5398959573245674E-018  -1.8124110466605989E-017  -4.7877264781755850E-018  -3.0962724210071816E-018  -2.2094284307673518E-017  -2.8720241693098442E-018  -1.8573678484842864E-018  -1.3253747645045739E-017  -4.8309362904136672E-033  -5.1822376509538789E-034  -3.6886228944552034E-033   7.0643073863846176E-033  -9.7996775809185328E-034  -5.4447765321560051E-033   4.3857354269218498E-033   5.4476061616541345E-033   1.6938133461215312E-032   5.2093085936815427E-033   1.1586365868131458E-033   0.0000000000000000       -3.7788140349414637E-033  -5.4152195901930256E-033   3.2133166697898773E-034  -2.8040888754214521E-033  -2.8417620479305557E-033  -2.3442158668006600E-017   2.8662448294566811E-018  -2.1922950096497362E-019   1.5270159343551874E-018   3.0737574107817921E-017  -5.2528657615428471E-018  -1.5791642442702906E-017   3.7470788015644387E-017  -6.4035313500991677E-018  -1.9250877909680934E-017   2.2477685246761671E-017  -3.8413006445235798E-018  -1.1548067102218025E-017   9.9155127005854212E-033   3.8506826342717315E-033  -3.6528883089498001E-033   4.3324711390980821E-033  -1.3802474054358602E-033  -1.0695892094532544E-032   4.9543936861903260E-033   4.2693446020600998E-033   1.1369801657956290E-032   1.1586365868131458E-033   7.8143401900336086E-033   0.0000000000000000        3.0047426725488994E-033  -6.9873640823653151E-034  -1.1048202041364196E-032   2.8176990867988926E-033   1.6511398576461989E-032   0.0000000000000000        0.0000000000000000        0.0000000000000000        0.0000000000000000        0.0000000000000000        0.0000000000000000        0.0000000000000000        0.0000000000000000        0.0000000000000000        0.0000000000000000        0.0000000000000000        0.0000000000000000        0.0000000000000000        0.0000000000000000        0.0000000000000000        0.0000000000000000        0.0000000000000000        0.0000000000000000        0.0000000000000000        0.0000000000000000        0.0000000000000000        0.0000000000000000        0.0000000000000000        0.0000000000000000        0.0000000000000000        0.0000000000000000        0.0000000000000000        0.0000000000000000        0.0000000000000000        0.0000000000000000       -4.9295701589526219E-017  -4.6867940991718871E-017  -1.6247808151139922E-017  -2.6125798955841267E-017   1.0269718592522349E-017   3.5744926582212916E-017  -1.5060570598732769E-017   1.2519349998504003E-017   4.3575025208518580E-017  -1.8359661251088391E-017   7.5100104284684531E-018   2.6139447637125995E-017  -1.1013450975913061E-017  -1.5015566598565309E-032  -4.6676206203854705E-033   1.9276824340074297E-034   1.1907459359550175E-033   5.9109812894136637E-034   1.0067207161809786E-032  -7.0906959100792058E-033  -8.2352692472540165E-034  -2.6138634874800104E-032  -3.7788140349414637E-033   3.0047426725488994E-033   0.0000000000000000        1.7952412891521080E-032  -1.0641873291167010E-032   7.4623481597164651E-033   7.1095243286414449E-033   7.1354651758620724E-033   9.6683228201285831E-017   1.7527901890358814E-017   9.6635712464052600E-018   9.9798332820901092E-018   4.0687770958205586E-017  -1.4773417462141208E-018   6.3091576847082304E-017   4.9600623492803198E-017  -1.8009605834498557E-018   7.6912091153233312E-017   2.9754036729862120E-017  -1.0803462451793585E-018   4.6137427798178086E-017   2.0075152691784814E-032   1.7577969626830800E-033   9.8890068581164037E-033  -1.0584960168666742E-032   3.1202375727003194E-033   2.4267493088080152E-032  -2.6981075294224924E-033  -1.4203910938129296E-032   7.6421718136924571E-033  -5.4152195901930256E-033  -6.9873640823653151E-034   0.0000000000000000       -1.0641873291167010E-032   4.3919664265262925E-032  -1.8349692113632834E-032  -1.0747238868568198E-032   3.2928863039890449E-032   1.2966744008783087E-017  -1.9999301105960859E-017  -5.3744277006564981E-018  -1.1057399110457279E-017  -5.7918044410727604E-017   3.8137839552592696E-017  -1.2049111236678428E-017  -7.0605271475964168E-017   4.6492117310142189E-017  -1.4688527186394388E-017  -4.2354141800708205E-017   2.7889330187467265E-017  -8.8112395900621816E-018  -3.8401411219250326E-032  -1.1783207184185771E-032   1.8948135753421898E-033   1.1701809649115772E-033   1.4748576002436491E-033   1.8621110592165707E-032  -1.0747515756377381E-032  -1.1293206804814939E-033  -3.0034345933973976E-032   3.2133166697898773E-034  -1.1048202041364196E-032   0.0000000000000000        7.4623481597164651E-033  -1.8349692113632834E-032   3.0509783912048979E-032  -2.4566747201452072E-033  -3.1734695742930845E-032  -1.1625367745178874E-016  -1.7819479513470730E-017  -1.0647772277401965E-017  -1.0193866595173003E-017   1.7511128910590517E-018  -4.2050440932946778E-018   3.8291920072472117E-018   2.1347026184362208E-018  -5.1261792899982664E-018   4.6679949911293010E-018   1.2805488246634476E-018  -3.0750526130099395E-018   2.8002005749187308E-018   3.5672430374467161E-033   1.7975982703478436E-033  -1.7987632087738501E-034  -2.5727595562301743E-033   2.5874925727971558E-034  -3.0423841633714193E-033  -7.4182371788469847E-034  -6.1418965583502112E-034  -6.4613938492749659E-033  -2.8040888754214521E-033   2.8176990867988926E-033   0.0000000000000000        7.1095243286414449E-033  -1.0747238868568198E-032  -2.4566747201452072E-033   1.5243001635089714E-032  -3.2292705366632778E-033   2.8530046927591491E-017   1.1446830733642436E-017   4.7242692586871362E-018   6.4249398710893384E-018   1.0456379788026866E-016   2.2745671367912031E-017   1.2292554344297021E-017   1.2746900229467653E-016   2.7728220422045955E-017   1.4985297681276267E-017   7.6465114934391799E-017   1.6633389477673968E-017   8.9892639692585584E-018   1.9775384197516108E-032   3.3018831909195311E-033   1.6637085501538723E-033   3.4199973894290143E-033   8.5178082379329161E-034   1.4338967759730049E-032   2.5145370330810976E-033  -4.4320631476831691E-033   1.8472111653383058E-032  -2.8417620479305557E-033   1.6511398576461989E-032   0.0000000000000000        7.1354651758620724E-033   3.2928863039890449E-032  -3.1734695742930845E-032  -3.2292705366632778E-033   6.9704627446760548E-032
