  0.95125989339167372        2.5857605609016440E-003   4.4380845183546180E-002   3.9771293344874553E-003   9.7668269622745153E-017   1.8579437371664736E-016  -7.1956301218226275E-018   1.4737041625612269E-016  -2.3694697814666773E-016   3.8023813184184490E-017   1.3960161989570193E-016   1.8428503708220106E-016   3.2716655330743853E-017   9.4289267420410325E-018  -9.3560078612988480E-018   1.0758098721867515E-017   1.4084929600977729E-017   7.8230227035513845E-018   4.9176861481440928E-019   9.2043029362205770E-018  -6.8546846574832076E-018  -1.8762701173195997E-018   4.8203462950360404E-018   3.0109329710285891E-017   0.0000000000000000        1.7814176938795582E-017   4.9773782238083184E-018  -3.5484121036117156E-017   5.7217835310259725E-017  -1.3356163157107364E-018   2.5857605609016440E-003  0.37067463368625614       0.11074782548769868       0.20559141574370146        2.9787480263499892E-016   1.2671173865151496E-016  -8.4880321017628056E-017   4.0569793971691509E-016   1.8206437070601954E-016   4.8102354961109370E-017  -2.5455683937270931E-017  -2.8506802228344126E-017   9.5573358698558804E-017   1.4417451097638192E-017   3.7295636832533830E-017  -1.5782210389297562E-018  -1.4678649994632300E-016   2.1926192509000796E-017   1.8653580615548991E-017   5.7706111465596982E-017  -1.7012055049619623E-017   1.2571222093444146E-016   2.7510967078306503E-017   4.2721001251894091E-017   0.0000000000000000       -6.9651173194774654E-017   3.9695371290029112E-017   4.7915488824905889E-017   3.3478662171184019E-017  -8.1411884602854516E-017   4.4380845183546180E-002  0.11074782548769868        3.5087693716753084E-002   6.1541882741967723E-002  -7.8497897652050609E-018   6.3029842010566587E-017  -5.7702914856799632E-017   4.4342356917586071E-018   6.3827160511094266E-017  -2.2959255054359043E-017  -7.5224070634418012E-017   1.2148807718585816E-017   6.5938369436494253E-018   4.7351996349127387E-018   1.0702115304930661E-017   2.2163057355804680E-020  -4.3163298465371170E-017   6.9025923768218352E-018   5.5897780446792036E-018   1.7644571018308370E-017  -5.3915569150379434E-018   3.7433286078418684E-017   8.4317367559452130E-018   1.4130566931477104E-017   0.0000000000000000       -1.9970998526784981E-017   1.2075418447304947E-017   1.2673846372647301E-017   1.2614904599176743E-017  -2.4358922746353369E-017   3.9771293344874553E-003  0.20559141574370146        6.1541882741967723E-002  0.11403626326865909       -1.9095567985196277E-016  -1.4090804328005306E-016  -5.1521221947943631E-017  -2.0909825068085151E-016  -1.5770828593622573E-016   2.1385436087216081E-017  -2.7439043764899002E-016  -1.7011600409414956E-016   4.9858371199145603E-017   8.0214496081701828E-018   2.0659988998536814E-017  -8.4655726174097629E-019  -8.1373446680120073E-017   1.2181673696315146E-017   1.0347010726001714E-017   3.2029715462349831E-017  -9.4535936814560838E-018   6.9717814208512115E-017   1.5271088427291321E-017   2.3774521242585171E-017   0.0000000000000000       -3.8582487172125229E-017   2.2029253314484059E-017   2.6480149753203823E-017   1.8720981072792873E-017  -4.5156435937143494E-017   9.7668269622745153E-017   2.9787480263499892E-016  -7.8497897652050609E-018  -1.9095567985196277E-016  0.16937256502914000       -6.9388939039072284E-017  -1.7347234759768071E-016  0.20647444119605937       -9.0205620750793969E-017  -2.4980018054066022E-016  0.12385828112690610        5.5511151231257827E-017  -1.1796119636642288E-016  -2.8916796095107834E-017   8.2279003302117014E-018  -2.1133995601142387E-017   1.2735368698774556E-017   1.1344072229252996E-017   1.2651439619466297E-016  -7.2444116521871541E-017   2.4995954363551533E-017  -9.5875046021449452E-017  -3.8014379501880759E-017  -5.3175876166843709E-018   0.0000000000000000        2.3049969392472982E-017   6.3608437780231211E-017  -8.6770662170596209E-017   8.1704009912474854E-019   5.4174021152317435E-017   1.8579437371664736E-016   1.2671173865151496E-016   6.3029842010566587E-017  -1.4090804328005306E-016  -6.9388939039072284E-017  0.16937256502913961        3.8163916471489756E-017   1.2490009027033011E-016  0.20647444119605929       -1.1102230246251565E-016  -2.5673907444456745E-016  0.12385828112690611        1.8735013540549517E-016  -6.1948484847788674E-017  -5.3698363385871717E-017  -2.1428719641688003E-017   2.5544145723796500E-017  -4.3524133275878089E-017  -1.1916865928251815E-016   4.7346171060252058E-017  -6.3508844725180367E-017   6.6391174871510031E-018  -2.7459035543614698E-017   1.9545438438142179E-017   0.0000000000000000        6.6112977034788898E-018  -9.5647809670963194E-017   8.3453411311036671E-018  -1.1467764049275166E-017   1.4623297196522506E-017  -7.1956301218226275E-018  -8.4880321017628056E-017  -5.7702914856799632E-017  -5.1521221947943631E-017  -1.7347234759768071E-016   3.8163916471489756E-017  0.16937256502913936        1.5959455978986625E-016  -2.9490299091605721E-016  0.20647444119605876       -2.4286128663675299E-016   0.0000000000000000       0.12385828112690621       -1.0831920969963450E-016  -8.0593330342290406E-018  -2.0812866926489547E-017  -7.4096907574357549E-017  -4.8864946213347517E-017   5.7000424362285620E-017   7.9855403896351824E-017   3.2071551549874504E-017   3.7907612119070933E-017  -6.5720997829547300E-017   2.4401585076622501E-017   0.0000000000000000       -4.3836148156501124E-017   1.2173386460145219E-016   6.5645931361843624E-017  -4.7687026668843446E-017   3.5580450035308202E-017   1.4737041625612269E-016   4.0569793971691509E-016   4.4342356917586071E-018  -2.0909825068085151E-016  0.20647444119605937        1.2490009027033011E-016   1.5959455978986625E-016  0.25170366204166733        1.3877787807814457E-016   1.5265566588595902E-016  0.15099003418164278        2.2204460492503131E-016   1.2490009027033011E-016  -3.5251159559935892E-017   1.0030261527922417E-017  -2.5763499131250180E-017   1.5525112553221566E-017   1.3829045890754162E-017   1.5422798404839466E-016  -8.8313349179202345E-017   3.0471438562016017E-017  -1.1687693664271682E-016  -4.6341612431242320E-017  -6.4824307967295580E-018   0.0000000000000000        2.8099176210021408E-017   7.7542172451412050E-017  -1.0577819365729921E-016   9.9601666818066025E-019   6.6041101419487982E-017  -2.3694697814666773E-016   1.8206437070601954E-016   6.3827160511094266E-017  -1.5770828593622573E-016  -9.0205620750793969E-017  0.20647444119605929       -2.9490299091605721E-016   1.3877787807814457E-016  0.25170366204166772       -5.6205040621648550E-016  -3.1225022567582528E-016  0.15099003418164308       -2.9490299091605721E-017  -7.5518598833814041E-017  -6.5461248528256455E-017  -2.6122783892440528E-017   3.1139713880132894E-017  -5.3058304307628705E-017  -1.4527312808428176E-016   5.7717577877838017E-017  -7.7420763057954004E-017   8.0934481505823411E-018  -3.3474069538210815E-017   2.3826960870274742E-017   0.0000000000000000        8.0595343093006525E-018  -1.1659992307515405E-016   1.0173428301913293E-017  -1.3979832999724420E-017   1.7826600881768610E-017   3.8023813184184490E-017   4.8102354961109370E-017  -2.2959255054359043E-017   2.1385436087216081E-017  -2.4980018054066022E-016  -1.1102230246251565E-016  0.20647444119605876        1.5265566588595902E-016  -5.6205040621648550E-016  0.25170366204166683       -3.2612801348363973E-016  -1.1796119636642288E-016  0.15099003418164306       -1.3204705431297543E-016  -9.8247687538361364E-018  -2.5372025673671136E-017  -9.0328192072543736E-017  -5.9569048043528096E-017   6.9486641866209929E-017   9.7348114750155414E-017   3.9096979392215501E-017   4.6211457138973806E-017  -8.0117498954854891E-017   2.9746869819955280E-017   0.0000000000000000       -5.3438667550698370E-017   1.4840025398385654E-016   8.0025988815836801E-017  -5.8133099549251304E-017   4.3374518991789703E-017   1.3960161989570193E-016  -2.5455683937270931E-017  -7.5224070634418012E-017  -2.7439043764899002E-016  0.12385828112690610       -2.5673907444456745E-016  -2.4286128663675299E-016  0.15099003418164278       -3.1225022567582528E-016  -3.2612801348363973E-016   9.0574726792809424E-002  -1.0408340855860843E-016  -1.7347234759768071E-016  -2.1146191293856020E-017   6.0168752360112167E-018  -1.5454807383065435E-017   9.3130837114987083E-018   8.2956604397708825E-018   9.2517082963131664E-017  -5.2976724705164566E-017   1.8278969454488939E-017  -7.0111227288414287E-017  -2.7799045863176061E-017  -3.8886301440315540E-018   0.0000000000000000        1.6855915174268810E-017   4.6515395024405118E-017  -6.3453399709949975E-017   5.9748272851593604E-019   3.9616222028073294E-017   1.8428503708220106E-016  -2.8506802228344126E-017   1.2148807718585816E-017  -1.7011600409414956E-016   5.5511151231257827E-017  0.12385828112690611        0.0000000000000000        2.2204460492503131E-016  0.15099003418164308       -1.1796119636642288E-016  -1.0408340855860843E-016   9.0574726792809659E-002   1.1102230246251565E-016  -4.5301509428892614E-017  -3.9268384387741881E-017  -1.5670332329874213E-017   1.8679849252211136E-017  -3.1828202720795870E-017  -8.7145313648590207E-017   3.4623171494476492E-017  -4.6442564902191204E-017   4.8550346983091115E-018  -2.0080164359851389E-017   1.4293131880027627E-017   0.0000000000000000        4.8346907270978862E-018  -6.9945054545054546E-017   6.1027570063565169E-018  -8.3861134373668068E-018   1.0693682621253228E-017   3.2716655330743853E-017   9.5573358698558804E-017   6.5938369436494253E-018   4.9858371199145603E-017  -1.1796119636642288E-016   1.8735013540549517E-016  0.12385828112690621        1.2490009027033011E-016  -2.9490299091605721E-017  0.15099003418164306       -1.7347234759768071E-016   1.1102230246251565E-016   9.0574726792809937E-002  -7.9211359431874207E-017  -5.8936058297113968E-018  -1.5219973331540055E-017  -5.4185372981747334E-017  -3.5733817010462665E-017   4.1683106020165007E-017   5.8396429572849433E-017   2.3453191769027051E-017   2.7720969319239177E-017  -4.8060261847675387E-017   1.7844320795652257E-017   0.0000000000000000       -3.2056372063294489E-017   8.9021189599846754E-017   4.8005367457557100E-017  -3.4872431401388558E-017   2.6019168938823469E-017   9.4289267420410325E-018   1.4417451097638192E-017   4.7351996349127387E-018   8.0214496081701828E-018  -2.8916796095107834E-017  -6.1948484847788674E-017  -1.0831920969963450E-016  -3.5251159559935892E-017  -7.5518598833814041E-017  -1.3204705431297543E-016  -2.1146191293856020E-017  -4.5301509428892614E-017  -7.9211359431874207E-017   9.7520633956155719E-032   2.4746106517917383E-032   2.4800518670726298E-032   3.0309100816808436E-032   4.6161057180540808E-032  -1.3737926136084507E-032  -5.3687986278086497E-032  -2.2775299664732826E-033  -5.4401725113295039E-033   5.9679499395272370E-032  -1.9892546637422306E-032   0.0000000000000000        1.9151597017302960E-032  -5.2139022376597769E-032  -2.8708328813833096E-032   3.6413237895206825E-032  -4.0526484667272919E-032  -9.3560078612988480E-018   3.7295636832533830E-017   1.0702115304930661E-017   2.0659988998536814E-017   8.2279003302117014E-018  -5.3698363385871717E-017  -8.0593330342290406E-018   1.0030261527922417E-017  -6.5461248528256455E-017  -9.8247687538361364E-018   6.0168752360112167E-018  -3.9268384387741881E-017  -5.8936058297113968E-018   2.4746106517917383E-032   2.1657606872866203E-032   6.4898494300612336E-033  -1.8875877165301957E-032   1.8803838513078969E-032   4.3088386195932943E-032  -1.6612648635211590E-032   1.8179639188348785E-032   4.1102922170689627E-033   1.2707476735842985E-032  -3.6191425052455724E-033   0.0000000000000000       -6.0834399259340699E-033   3.1568407353513861E-032  -4.8015637111918175E-033   8.7369932645258744E-033  -1.1881090931940122E-032   1.0758098721867515E-017  -1.5782210389297562E-018   2.2163057355804680E-020  -8.4655726174097629E-019  -2.1133995601142387E-017  -2.1428719641688003E-017  -2.0812866926489547E-017  -2.5763499131250180E-017  -2.6122783892440528E-017  -2.5372025673671136E-017  -1.5454807383065435E-017  -1.5670332329874213E-017  -1.5219973331540055E-017   2.4800518670726298E-032   6.4898494300612336E-033   8.0343527688233997E-033   5.0803139483286746E-033   1.0089213331966305E-032  -7.7888853878882922E-033  -6.9095658270269420E-033   9.7123011716065041E-034   5.8985579627170298E-033   1.6228636845747265E-032  -4.6522514928516419E-033   0.0000000000000000        2.1778288095531716E-033  -1.0910467164631858E-032   1.0950177356654859E-033   7.7114006082300235E-033  -1.2644114658660202E-032   1.4084929600977729E-017  -1.4678649994632300E-016  -4.3163298465371170E-017  -8.1373446680120073E-017   1.2735368698774556E-017   2.5544145723796500E-017  -7.4096907574357549E-017   1.5525112553221566E-017   3.1139713880132894E-017  -9.0328192072543736E-017   9.3130837114987083E-018   1.8679849252211136E-017  -5.4185372981747334E-017   3.0309100816808436E-032  -1.8875877165301957E-032   5.0803139483286746E-033   9.5593065376235322E-032   7.1052990228614652E-033  -4.0777295377868106E-032  -5.5953366985850553E-032  -1.5099558368797623E-032  -7.2617020969101707E-032   1.0931137483151571E-032  -2.4571180587820564E-032   0.0000000000000000        4.9780045145834503E-032  -7.8543062873448602E-032  -5.3527865827310687E-032   6.8415812065958670E-033   2.2939930928688386E-032   7.8230227035513845E-018   2.1926192509000796E-017   6.9025923768218352E-018   1.2181673696315146E-017   1.1344072229252996E-017  -4.3524133275878089E-017  -4.8864946213347517E-017   1.3829045890754162E-017  -5.3058304307628705E-017  -5.9569048043528096E-017   8.2956604397708825E-018  -3.1828202720795870E-017  -3.5733817010462665E-017   4.6161057180540808E-032   1.8803838513078969E-032   1.0089213331966305E-032   7.1052990228614652E-033   2.7400949029251991E-032   2.3758025918159050E-032  -3.6573095353807191E-032   7.6807594188028996E-033  -1.1650114494037307E-032   2.5135666460013725E-032  -9.6513838918500253E-033   0.0000000000000000        8.5194151284986708E-033  -3.8957593344773831E-033  -2.4349898942384423E-032   1.9199414331374487E-032  -1.5216411461574483E-032   4.9176861481440928E-019   1.8653580615548991E-017   5.5897780446792036E-018   1.0347010726001714E-017   1.2651439619466297E-016  -1.1916865928251815E-016   5.7000424362285620E-017   1.5422798404839466E-016  -1.4527312808428176E-016   6.9486641866209929E-017   9.2517082963131664E-017  -8.7145313648590207E-017   4.1683106020165007E-017  -1.3737926136084507E-032   4.3088386195932943E-032  -7.7888853878882922E-033  -4.0777295377868106E-032   2.3758025918159050E-032   1.9846853720140193E-031  -5.7643296395138744E-032   7.3289731757116442E-032  -5.7203368181896991E-032  -2.9806774323931941E-032  -7.3507002929152900E-033   0.0000000000000000       -5.6849311046909102E-033   1.5777719442092460E-031  -4.6195787883269968E-032  -5.6632210791081253E-033   3.8053983858676741E-032   9.2043029362205770E-018   5.7706111465596982E-017   1.7644571018308370E-017   3.2029715462349831E-017  -7.2444116521871541E-017   4.7346171060252058E-017   7.9855403896351824E-017  -8.8313349179202345E-017   5.7717577877838017E-017   9.7348114750155414E-017  -5.2976724705164566E-017   3.4623171494476492E-017   5.8396429572849433E-017  -5.3687986278086497E-032  -1.6612648635211590E-032  -6.9095658270269420E-033  -5.5953366985850553E-032  -3.6573095353807191E-032  -5.7643296395138744E-032   9.0936014742529091E-032  -1.6034172197257847E-032   8.0281437259182673E-032  -1.8076627255735459E-032   2.6169538902852083E-032   0.0000000000000000       -3.9352470876193358E-032   9.6741398210751583E-033   7.7525026815224122E-032  -2.0299339773241254E-032  -1.4989362968100306E-032  -6.8546846574832076E-018  -1.7012055049619623E-017  -5.3915569150379434E-018  -9.4535936814560838E-018   2.4995954363551533E-017  -6.3508844725180367E-017   3.2071551549874504E-017   3.0471438562016017E-017  -7.7420763057954004E-017   3.9096979392215501E-017   1.8278969454488939E-017  -4.6442564902191204E-017   2.3453191769027051E-017  -2.2775299664732826E-033   1.8179639188348785E-032   9.7123011716065041E-034  -1.5099558368797623E-032   7.6807594188028996E-033   7.3289731757116442E-032  -1.6034172197257847E-032   3.4403888211934742E-032  -1.5210699392628145E-032  -9.0539541090422317E-033  -5.6648429647059047E-033   0.0000000000000000       -4.3108540527412737E-033   6.6447754730452345E-032  -5.4498481345101890E-033  -6.5492066673643694E-033   1.2990916837745489E-032  -1.8762701173195997E-018   1.2571222093444146E-016   3.7433286078418684E-017   6.9717814208512115E-017  -9.5875046021449452E-017   6.6391174871510031E-018   3.7907612119070933E-017  -1.1687693664271682E-016   8.0934481505823411E-018   4.6211457138973806E-017  -7.0111227288414287E-017   4.8550346983091115E-018   2.7720969319239177E-017  -5.4401725113295039E-033   4.1102922170689627E-033   5.8985579627170298E-033  -7.2617020969101707E-032  -1.1650114494037307E-032  -5.7203368181896991E-032   8.0281437259182673E-032  -1.5210699392628145E-032   1.0565801849524097E-031   1.5049720630979571E-032   2.3639893255464864E-032   0.0000000000000000       -4.6274342405913715E-032   9.3892819568134218E-034   8.0490816892765726E-032  -3.9577093141072838E-034  -4.9737371747181335E-032   4.8203462950360404E-018   2.7510967078306503E-017   8.4317367559452130E-018   1.5271088427291321E-017  -3.8014379501880759E-017  -2.7459035543614698E-017  -6.5720997829547300E-017  -4.6341612431242320E-017  -3.3474069538210815E-017  -8.0117498954854891E-017  -2.7799045863176061E-017  -2.0080164359851389E-017  -4.8060261847675387E-017   5.9679499395272370E-032   1.2707476735842985E-032   1.6228636845747265E-032   1.0931137483151571E-032   2.5135666460013725E-032  -2.9806774323931941E-032  -1.8076627255735459E-032  -9.0539541090422317E-033   1.5049720630979571E-032   4.0549571801746872E-032  -8.1279637817775931E-033   0.0000000000000000        5.6839749320610950E-033  -4.3036729914082950E-032  -3.9683527862657115E-033   2.2941624592491407E-032  -3.4381867782999293E-032   3.0109329710285891E-017   4.2721001251894091E-017   1.4130566931477104E-017   2.3774521242585171E-017  -5.3175876166843709E-018   1.9545438438142179E-017   2.4401585076622501E-017  -6.4824307967295580E-018   2.3826960870274742E-017   2.9746869819955280E-017  -3.8886301440315540E-018   1.4293131880027627E-017   1.7844320795652257E-017  -1.9892546637422306E-032  -3.6191425052455724E-033  -4.6522514928516419E-033  -2.4571180587820564E-032  -9.6513838918500253E-033  -7.3507002929152900E-033   2.6169538902852083E-032  -5.6648429647059047E-033   2.3639893255464864E-032  -8.1279637817775931E-033   1.1795972905948581E-032   0.0000000000000000       -1.3730155686418959E-032   9.2258293506541178E-033   1.7544751480627783E-032  -2.5749783087822974E-033  -4.2941732814517070E-033   0.0000000000000000        0.0000000000000000        0.0000000000000000        0.0000000000000000        0.0000000000000000        0.0000000000000000        0.0000000000000000        0.0000000000000000        0.0000000000000000        0.0000000000000000        0.0000000000000000        0.0000000000000000        0.0000000000000000        0.0000000000000000        0.0000000000000000        0.0000000000000000        0.0000000000000000        0.0000000000000000        0.0000000000000000        0.0000000000000000        0.0000000000000000        0.0000000000000000        0.0000000000000000        0.0000000000000000        0.0000000000000000        0.0000000000000000        0.0000000000000000        0.0000000000000000        0.0000000000000000        0.0000000000000000        1.7814176938795582E-017  -6.9651173194774654E-017  -1.9970998526784981E-017  -3.8582487172125229E-017   2.3049969392472982E-017   6.6112977034788898E-018  -4.3836148156501124E-017   2.8099176210021408E-017   8.0595343093006525E-018  -5.3438667550698370E-017   1.6855915174268810E-017   4.8346907270978862E-018  -3.2056372063294489E-017   1.9151597017302960E-032  -6.0834399259340699E-033   2.1778288095531716E-033   4.9780045145834503E-032   8.5194151284986708E-033  -5.6849311046909102E-033  -3.9352470876193358E-032  -4.3108540527412737E-033  -4.6274342405913715E-032   5.6839749320610950E-033  -1.3730155686418959E-032   0.0000000000000000        2.8180171196018323E-032  -3.3952052592553229E-032  -3.8165621756695749E-032   6.8111718440594353E-033   1.4017449339819312E-032   4.9773782238083184E-018   3.9695371290029112E-017   1.2075418447304947E-017   2.2029253314484059E-017   6.3608437780231211E-017  -9.5647809670963194E-017   1.2173386460145219E-016   7.7542172451412050E-017  -1.1659992307515405E-016   1.4840025398385654E-016   4.6515395024405118E-017  -6.9945054545054546E-017   8.9021189599846754E-017  -5.2139022376597769E-032   3.1568407353513861E-032  -1.0910467164631858E-032  -7.8543062873448602E-032  -3.8957593344773831E-033   1.5777719442092460E-031   9.6741398210751583E-033   6.6447754730452345E-032   9.3892819568134218E-034  -4.3036729914082950E-032   9.2258293506541178E-033   0.0000000000000000       -3.3952052592553229E-032   1.6967092866472871E-031   1.4836451004032439E-032  -2.3624603214232624E-032   2.8937925326204484E-032  -3.5484121036117156E-017   4.7915488824905889E-017   1.2673846372647301E-017   2.6480149753203823E-017  -8.6770662170596209E-017   8.3453411311036671E-018   6.5645931361843624E-017  -1.0577819365729921E-016   1.0173428301913293E-017   8.0025988815836801E-017  -6.3453399709949975E-017   6.1027570063565169E-018   4.8005367457557100E-017  -2.8708328813833096E-032  -4.8015637111918175E-033   1.0950177356654859E-033  -5.3527865827310687E-032  -2.4349898942384423E-032  -4.6195787883269968E-032   7.7525026815224122E-032  -5.4498481345101890E-033   8.0490816892765726E-032  -3.9683527862657115E-033   1.7544751480627783E-032   0.0000000000000000       -3.8165621756695749E-032   1.4836451004032439E-032   7.7850155793831156E-032  -1.7284362761298853E-032  -2.3737653951462261E-032   5.7217835310259725E-017   3.3478662171184019E-017   1.2614904599176743E-017   1.8720981072792873E-017   8.1704009912474854E-019  -1.1467764049275166E-017  -4.7687026668843446E-017   9.9601666818066025E-019  -1.3979832999724420E-017  -5.8133099549251304E-017   5.9748272851593604E-019  -8.3861134373668068E-018  -3.4872431401388558E-017   3.6413237895206825E-032   8.7369932645258744E-033   7.7114006082300235E-033   6.8415812065958670E-033   1.9199414331374487E-032  -5.6632210791081253E-033  -2.0299339773241254E-032  -6.5492066673643694E-033  -3.9577093141072838E-034   2.2941624592491407E-032  -2.5749783087822974E-033   0.0000000000000000        6.8111718440594353E-033  -2.3624603214232624E-032  -1.7284362761298853E-032   2.0644111685541270E-032  -1.8145450233735790E-032  -1.3356163157107364E-018  -8.1411884602854516E-017  -2.4358922746353369E-017  -4.5156435937143494E-017   5.4174021152317435E-017   1.4623297196522506E-017   3.5580450035308202E-017   6.6041101419487982E-017   1.7826600881768610E-017   4.3374518991789703E-017   3.9616222028073294E-017   1.0693682621253228E-017   2.6019168938823469E-017  -4.0526484667272919E-032  -1.1881090931940122E-032  -1.2644114658660202E-032   2.2939930928688386E-032  -1.5216411461574483E-032   3.8053983858676741E-032  -1.4989362968100306E-032   1.2990916837745489E-032  -4.9737371747181335E-032  -3.4381867782999293E-032  -4.2941732814517070E-033   0.0000000000000000        1.4017449339819312E-032   2.8937925326204484E-032  -2.3737653951462261E-032  -1.8145450233735790E-032   4.3945880208806726E-032
