   5.6647811607195349E-002  0.11993313698094246        9.1257167879299397E-002   0.0000000000000000       -3.0976098428451023E-051   4.1355767302828753E-019   0.0000000000000000        5.0373900495898699E-051  -6.7253508761155209E-019   1.0104177806924779E-019   0.0000000000000000        3.9077429109524953E-018  -4.7399304214061781E-018  -2.2538501253555569E-017  0.11993313698094246       0.25391902949102579       0.19320708259047178        0.0000000000000000       -6.5581715348783034E-051   8.7557255331857118E-019   0.0000000000000000        1.0665019066105634E-050  -1.4238721761453035E-018   2.1392278123658063E-019   0.0000000000000000        8.2733622452247166E-018  -1.0035245994188352E-017  -4.7717874380243080E-017   9.1257167879299397E-002  0.19320708259047178       0.14701133994543997        0.0000000000000000       -4.9901151241856641E-051   6.6622347668097972E-019   0.0000000000000000        8.1150169156851371E-051  -1.0834248606188191E-018   1.6277392263670506E-019   0.0000000000000000        6.2952043642342190E-018  -7.6358223544776714E-018  -3.6308548102540786E-017   0.0000000000000000        0.0000000000000000        0.0000000000000000        0.0000000000000000        0.0000000000000000        0.0000000000000000        0.0000000000000000        0.0000000000000000        0.0000000000000000        0.0000000000000000        0.0000000000000000        0.0000000000000000        0.0000000000000000        0.0000000000000000       -3.0976098428451023E-051  -6.5581715348783034E-051  -4.9901151241856641E-051   0.0000000000000000        1.6938318473845663E-100  -2.2614118395949179E-068   0.0000000000000000       -2.7545404768782929E-100   3.6775494903312813E-068  -5.5251561782506155E-069   0.0000000000000000       -2.1368279834374217E-067   2.5918839071064415E-067   1.2324480212951866E-066   4.1355767302828753E-019   8.7557255331857118E-019   6.6622347668097972E-019   0.0000000000000000       -2.2614118395949179E-068   3.0191801601537582E-036   0.0000000000000000        3.6775494903312805E-068  -4.9098462583359692E-036   7.3765607940362305E-037   0.0000000000000000        2.8528499498840800E-035  -3.4603889184374820E-035  -1.6454245746682369E-034   0.0000000000000000        0.0000000000000000        0.0000000000000000        0.0000000000000000        0.0000000000000000        0.0000000000000000        0.0000000000000000        0.0000000000000000        0.0000000000000000        0.0000000000000000        0.0000000000000000        0.0000000000000000        0.0000000000000000        0.0000000000000000        5.0373900495898699E-051   1.0665019066105634E-050   8.1150169156851371E-051   0.0000000000000000       -2.7545404768782929E-100   3.6775494903312805E-068   0.0000000000000000        4.4794843422484278E-100  -5.9804985615793251E-068   8.9851105099750356E-069   0.0000000000000000        3.4749489340356275E-067  -4.2149692394307750E-067  -2.0042296202826042E-066  -6.7253508761155209E-019  -1.4238721761453035E-018  -1.0834248606188191E-018   0.0000000000000000        3.6775494903312813E-068  -4.9098462583359692E-036   0.0000000000000000       -5.9804985615793251E-068   7.9844822109814195E-036  -1.1995898718459426E-036   0.0000000000000000       -4.6393570138321818E-035   5.6273480489194357E-035   2.6758196804318784E-034   1.0104177806924779E-019   2.1392278123658063E-019   1.6277392263670506E-019   0.0000000000000000       -5.5251561782506155E-069   7.3765607940362305E-037   0.0000000000000000        8.9851105099750356E-069  -1.1995898718459426E-036   1.8022657232002112E-037   0.0000000000000000        6.9701773247315618E-036  -8.4545366204855454E-036  -4.0201557254613534E-035   0.0000000000000000        0.0000000000000000        0.0000000000000000        0.0000000000000000        0.0000000000000000        0.0000000000000000        0.0000000000000000        0.0000000000000000        0.0000000000000000        0.0000000000000000        0.0000000000000000        0.0000000000000000        0.0000000000000000        0.0000000000000000        3.9077429109524953E-018   8.2733622452247166E-018   6.2952043642342190E-018   0.0000000000000000       -2.1368279834374217E-067   2.8528499498840800E-035   0.0000000000000000        3.4749489340356275E-067  -4.6393570138321818E-035   6.9701773247315618E-036   0.0000000000000000        2.6956830678627389E-034  -3.2697519952042360E-034  -1.5547761863741361E-033  -4.7399304214061781E-018  -1.0035245994188352E-017  -7.6358223544776714E-018   0.0000000000000000        2.5918839071064415E-067  -3.4603889184374820E-035   0.0000000000000000       -4.2149692394307750E-067   5.6273480489194357E-035  -8.4545366204855454E-036   0.0000000000000000       -3.2697519952042360E-034   3.9660738451047281E-034   1.8858791666200885E-033  -2.2538501253555569E-017  -4.7717874380243080E-017  -3.6308548102540786E-017   0.0000000000000000        1.2324480212951866E-066  -1.6454245746682369E-034   0.0000000000000000       -2.0042296202826042E-066   2.6758196804318784E-034  -4.0201557254613534E-035   0.0000000000000000       -1.5547761863741361E-033   1.8858791666200885E-033   8.9674079958986858E-033
