   5.6647844434089406E-002  0.11993323979177867        9.1257104163503702E-002  -4.1307762370541083E-054   3.3951153165658761E-035   1.6387618272648357E-017   6.7175442258107468E-054  -5.5211989180570035E-035   1.9366272424643335E-017   6.1156352125909156E-018   9.7937919450227405E-020   2.3030436476112551E-017   7.7301929605496357E-018  -1.1048331236680380E-017  0.11993323979177867       0.25391931768362791       0.19320700135517427       -8.7455644943598316E-054   7.1880436660957849E-035   3.4695409358364269E-017   1.4222197693390292E-053  -1.1689328700722058E-034   4.1001733036463703E-017   1.2947852681033826E-017   2.0735143756085341E-019   4.8759399196781333E-017   1.6366149413734912E-017  -2.3391219432003556E-017   9.1257104163503702E-002  0.19320700135517427       0.14701104946717169       -6.6544928780048143E-054   5.4693765523849520E-035   2.6399708632140947E-017   1.0821658604344885E-053  -8.8944006573592949E-035   3.1198185166087953E-017   9.8520105256741437E-018   1.5777353941905388E-019   3.7100987008903866E-017   1.2452989716592748E-017  -1.7798359753507188E-017  -4.1307762370541083E-054  -8.7455644943598316E-054  -6.6544928780048143E-054   3.0121732770369241E-106  -2.4757273311690477E-087  -1.1949895855495789E-069  -4.8984515362495478E-106   4.0260732810927716E-087  -1.4121938571751211E-069  -4.4595378452669954E-070  -7.1416597473930310E-072  -1.6793856972827834E-069  -5.6368777502971671E-070   8.0564732140307005E-070   3.3951153165658761E-035   7.1880436660957849E-035   5.4693765523849520E-035  -2.4757273311690477E-087   2.0348184697816377E-068   9.8217071373719627E-051   4.0260732810927716E-087  -3.3090591883531384E-068   1.1606924992564523E-050   3.6653268960578737E-051   5.8697825790166279E-053   1.3802994343098705E-050   4.6329912077957530E-051  -6.6216744836232227E-051   1.6387618272648357E-017   3.4695409358364269E-017   2.6399708632140947E-017  -1.1949895855495789E-069   9.8217071373719627E-051   4.7407634894652489E-033   1.9433140237190248E-069  -1.5972240635166846E-050   5.6024564222992155E-033   1.7691881546404617E-033   2.8332397364830262E-035   6.6624600705175279E-033   2.2362625211413699E-033  -3.1961645966450866E-033   6.7175442258107468E-054   1.4222197693390292E-053   1.0821658604344885E-053  -4.8984515362495478E-106   4.0260732810927716E-087   1.9433140237190248E-069   7.9659519045296351E-106  -6.5472743547549880E-087   2.2965356016857224E-069   7.2521823945665835E-070   1.1613898319754637E-071   2.7310478821134323E-069   9.1667941834860042E-070  -1.3101584790249187E-069  -5.5211989180570035E-035  -1.1689328700722058E-034  -8.8944006573592949E-035   4.0260732810927716E-087  -3.3090591883531384E-068  -1.5972240635166846E-050  -6.5472743547549880E-087   5.3812528609490134E-068  -1.8875394717295344E-050  -5.9606219541636905E-051  -9.5455482959197543E-053  -2.2446683051151325E-050  -7.5342554401725270E-051   1.0768288728315080E-050   1.9366272424643335E-017   4.1001733036463703E-017   3.1198185166087953E-017  -1.4121938571751211E-069   1.1606924992564523E-050   5.6024564222992155E-033   2.2965356016857224E-069  -1.8875394717295344E-050   6.6207728003115791E-033   2.0907601826682120E-033   3.3482164197486954E-035   7.8734453413100652E-033   2.6427311447525317E-033  -3.7771074028456672E-033   6.1156352125909156E-018   1.2947852681033826E-017   9.8520105256741437E-018  -4.4595378452669954E-070   3.6653268960578737E-051   1.7691881546404617E-033   7.2521823945665835E-070  -5.9606219541636905E-051   2.0907601826682120E-033   6.6023684443983620E-034   1.0573263551706605E-035   2.4863390598829977E-033   8.3454261573297756E-034  -1.1927649538373258E-033   9.7937919450227405E-020   2.0735143756085341E-019   1.5777353941905388E-019  -7.1416597473930310E-072   5.8697825790166279E-053   2.8332397364830262E-035   1.1613898319754637E-071  -9.5455482959197543E-053   3.3482164197486954E-035   1.0573263551706605E-035   1.6932393742535907E-037   3.9817102575287903E-035   1.3364657085688362E-035  -1.9101354791644648E-035   2.3030436476112551E-017   4.8759399196781333E-017   3.7100987008903866E-017  -1.6793856972827834E-069   1.3802994343098705E-050   6.6624600705175279E-033   2.7310478821134323E-069  -2.2446683051151325E-050   7.8734453413100652E-033   2.4863390598829977E-033   3.9817102575287903E-035   9.3631277514431246E-033   3.1427447894009623E-033  -4.4917488609733656E-033   7.7301929605496357E-018   1.6366149413734912E-017   1.2452989716592748E-017  -5.6368777502971671E-070   4.6329912077957530E-051   2.2362625211413699E-033   9.1667941834860042E-070  -7.5342554401725270E-051   2.6427311447525317E-033   8.3454261573297756E-034   1.3364657085688362E-035   3.1427447894009623E-033   1.0548659671747612E-033  -1.5076607628199893E-033  -1.1048331236680380E-017  -2.3391219432003556E-017  -1.7798359753507188E-017   8.0564732140307005E-070  -6.6216744836232227E-051  -3.1961645966450866E-033  -1.3101584790249187E-069   1.0768288728315080E-050  -3.7771074028456672E-033  -1.1927649538373258E-033  -1.9101354791644648E-035  -4.4917488609733656E-033  -1.5076607628199893E-033   2.1548149684218355E-033
