  0.12588171989473088       0.16961685640579513       0.10918444762881213       -7.3439408098606427E-023   1.9919885873429973E-018  -9.1383396137338116E-019   1.8361816700052126E-021   2.9970920034218429E-018   1.6011435454970838E-018   0.0000000000000000        0.0000000000000000       -2.0530792834040504E-018   0.0000000000000000        2.7138522594807987E-017  0.16961685640579513       0.22854690896377214       0.14711844412905473       -9.8954491155703669E-023   2.6840659824467689E-018  -1.2313276616702448E-018   2.4741270052290066E-021   4.0383728821347168E-018   2.1574294907056817E-018   0.0000000000000000        0.0000000000000000       -2.7663814435811025E-018   0.0000000000000000        3.6567270401757911E-017  0.10918444762881213       0.14711844412905473        9.4701944126422868E-002  -6.3698217772514622E-023   1.7277661424853690E-018  -7.9262069489073020E-019   1.5926258518975051E-021   2.5995500789153194E-018   1.3887637834606235E-018   0.0000000000000000        0.0000000000000000       -1.7807536128683900E-018   0.0000000000000000        2.3538799767385254E-017  -7.3439408098606427E-023  -9.8954491155703669E-023  -6.3698217772514622E-023   4.2844558100920996E-044  -1.1621263430145767E-039   5.3313082534770017E-040  -1.0712285717057311E-042  -1.7485037774541856E-039  -9.3410730613263458E-040   0.0000000000000000        0.0000000000000000        1.1977666612657688E-039   0.0000000000000000       -1.5832616822363412E-038   1.9919885873429973E-018   2.6840659824467689E-018   1.7277661424853690E-018  -1.1621263430145767E-039   3.1521801063911592E-035  -1.4460771772934857E-035   2.9056267534297402E-038   4.7426846972108833E-035   2.5336956565220850E-035   0.0000000000000000        0.0000000000000000       -3.2488517831431325E-035   0.0000000000000000        4.2944779695904343E-034  -9.1383396137338116E-019  -1.2313276616702448E-018  -7.9262069489073020E-019   5.3313082534770017E-040  -1.4460771772934857E-035   6.6339458156253020E-036  -1.3329696882956947E-038  -2.1757285016266350E-035  -1.1623445803986555E-035   0.0000000000000000        0.0000000000000000        1.4904257553326283E-035   0.0000000000000000       -1.9701115959786366E-034   1.8361816700052126E-021   2.4741270052290066E-021   1.5926258518975051E-021  -1.0712285717057311E-042   2.9056267534297402E-038  -1.3329696882956947E-038   2.6783580078843970E-041   4.3717272091646553E-038   2.3355181608159479E-038   0.0000000000000000        0.0000000000000000       -2.9947370836738546E-038   0.0000000000000000        3.9585777650067314E-037   2.9970920034218429E-018   4.0383728821347168E-018   2.5995500789153194E-018  -1.7485037774541856E-039   4.7426846972108833E-035  -2.1757285016266350E-035   4.3717272091646553E-038   7.1357147681862462E-035   3.8121297679701248E-035   0.0000000000000000        0.0000000000000000       -4.8881342802013061E-035   0.0000000000000000        6.4613550817068697E-034   1.6011435454970838E-018   2.1574294907056817E-018   1.3887637834606235E-018  -9.3410730613263458E-040   2.5336956565220850E-035  -1.1623445803986555E-035   2.3355181608159479E-038   3.8121297679701248E-035   2.0365630970333452E-035   0.0000000000000000        0.0000000000000000       -2.6113995310559551E-035   0.0000000000000000        3.4518649986146562E-034   0.0000000000000000        0.0000000000000000        0.0000000000000000        0.0000000000000000        0.0000000000000000        0.0000000000000000        0.0000000000000000        0.0000000000000000        0.0000000000000000        0.0000000000000000        0.0000000000000000        0.0000000000000000        0.0000000000000000        0.0000000000000000        0.0000000000000000        0.0000000000000000        0.0000000000000000        0.0000000000000000        0.0000000000000000        0.0000000000000000        0.0000000000000000        0.0000000000000000        0.0000000000000000        0.0000000000000000        0.0000000000000000        0.0000000000000000        0.0000000000000000        0.0000000000000000       -2.0530792834040504E-018  -2.7663814435811025E-018  -1.7807536128683900E-018   1.1977666612657688E-039  -3.2488517831431325E-035   1.4904257553326283E-035  -2.9947370836738546E-038  -4.8881342802013061E-035  -2.6113995310559551E-035   0.0000000000000000        0.0000000000000000        3.3484882058076530E-035   0.0000000000000000       -4.4261818608918789E-034   0.0000000000000000        0.0000000000000000        0.0000000000000000        0.0000000000000000        0.0000000000000000        0.0000000000000000        0.0000000000000000        0.0000000000000000        0.0000000000000000        0.0000000000000000        0.0000000000000000        0.0000000000000000        0.0000000000000000        0.0000000000000000        2.7138522594807987E-017   3.6567270401757911E-017   2.3538799767385254E-017  -1.5832616822363412E-038   4.2944779695904343E-034  -1.9701115959786366E-034   3.9585777650067314E-037   6.4613550817068697E-034   3.4518649986146562E-034   0.0000000000000000        0.0000000000000000       -4.4261818608918789E-034   0.0000000000000000        5.8507256593316671E-033
