  0.12588173132512820       0.16961682418783094       0.10918449438385468        4.2787108183861662E-018   1.9462132311949895E-018  -1.5239057122864632E-050   6.8393219160287290E-018  -8.6216178698497505E-018   2.6700603154500802E-050   0.0000000000000000        0.0000000000000000        2.2041752879513905E-018   0.0000000000000000        1.3481801702232957E-017  0.16961682418783094       0.22854680138818986       0.14711846582496654        5.7652634182344290E-018   2.6223861396934496E-018  -2.0533563095992084E-050   9.2155076895058152E-018  -1.1617026768307974E-017   3.5977194333852994E-050   0.0000000000000000        0.0000000000000000        2.9699719598707380E-018   0.0000000000000000        1.8165784383411749E-017  0.10918449438385468       0.14711846582496654        9.4702016633912478E-002   3.7111729589547482E-018   1.6880631158651296E-018  -1.3217714193564770E-050   5.9321388216476571E-018  -7.4780270177491736E-018   2.3158974892381241E-050   0.0000000000000000        0.0000000000000000        1.9118085032273430E-018   0.0000000000000000        1.1693545097817214E-017   4.2787108183861662E-018   5.7652634182344290E-018   3.7111729589547482E-018   1.4543306701184800E-034   6.6151645036502827E-035  -5.1797443431404333E-067   2.3246805048268526E-034  -2.9304815927927939E-034   9.0755154359553402E-067   0.0000000000000000        0.0000000000000000        7.4919756432476549E-035   0.0000000000000000        4.5824545140464158E-034   1.9462132311949895E-018   2.6223861396934496E-018   1.6880631158651296E-018   6.6151645036502827E-035   3.0089719146739617E-035  -2.3560570935311761E-067   1.0574035378491744E-034  -1.3329580548324779E-034   4.1280864660147075E-067   0.0000000000000000        0.0000000000000000        3.4077979895305937E-035   0.0000000000000000        2.0843740054276849E-034  -1.5239057122864632E-050  -2.0533563095992084E-050  -1.3217714193564770E-050  -5.1797443431404333E-067  -2.3560570935311761E-067   1.8448178266163893E-099  -8.2795824511524402E-067   1.0437203701211251E-066  -3.2323357202281705E-099   0.0000000000000000        0.0000000000000000       -2.6683421627831372E-067   0.0000000000000000       -1.6320870717040276E-066   6.8393219160287290E-018   9.2155076895058152E-018   5.9321388216476571E-018   2.3246805048268526E-034   1.0574035378491744E-034  -8.2795824511524402E-067   3.7158945764939209E-034  -4.6842396770497606E-034   1.4506792876410827E-066   0.0000000000000000        0.0000000000000000        1.1975577548039040E-034   0.0000000000000000        7.3248422053779991E-034  -8.6216178698497505E-018  -1.1617026768307974E-017  -7.4780270177491736E-018  -2.9304815927927939E-034  -1.3329580548324779E-034   1.0437203701211251E-066  -4.6842396770497606E-034   5.9049310738924140E-034  -1.8287196630465976E-066   0.0000000000000000        0.0000000000000000       -1.5096358185446634E-034   0.0000000000000000       -9.2336625219691366E-034   2.6700603154500802E-050   3.5977194333852994E-050   2.3158974892381241E-050   9.0755154359553402E-067   4.1280864660147075E-067  -3.2323357202281705E-099   1.4506792876410827E-066  -1.8287196630465976E-066   5.6634286906397710E-099   0.0000000000000000        0.0000000000000000        4.6752462829210836E-067   0.0000000000000000        2.8596066583264317E-066   0.0000000000000000        0.0000000000000000        0.0000000000000000        0.0000000000000000        0.0000000000000000        0.0000000000000000        0.0000000000000000        0.0000000000000000        0.0000000000000000        0.0000000000000000        0.0000000000000000        0.0000000000000000        0.0000000000000000        0.0000000000000000        0.0000000000000000        0.0000000000000000        0.0000000000000000        0.0000000000000000        0.0000000000000000        0.0000000000000000        0.0000000000000000        0.0000000000000000        0.0000000000000000        0.0000000000000000        0.0000000000000000        0.0000000000000000        0.0000000000000000        0.0000000000000000        2.2041752879513905E-018   2.9699719598707380E-018   1.9118085032273430E-018   7.4919756432476549E-035   3.4077979895305937E-035  -2.6683421627831372E-067   1.1975577548039040E-034  -1.5096358185446634E-034   4.6752462829210836E-067   0.0000000000000000        0.0000000000000000        3.8594867173119153E-035   0.0000000000000000        2.3606486688979142E-034   0.0000000000000000        0.0000000000000000        0.0000000000000000        0.0000000000000000        0.0000000000000000        0.0000000000000000        0.0000000000000000        0.0000000000000000        0.0000000000000000        0.0000000000000000        0.0000000000000000        0.0000000000000000        0.0000000000000000        0.0000000000000000        1.3481801702232957E-017   1.8165784383411749E-017   1.1693545097817214E-017   4.5824545140464158E-034   2.0843740054276849E-034  -1.6320870717040276E-066   7.3248422053779991E-034  -9.2336625219691366E-034   2.8596066583264317E-066   0.0000000000000000        0.0000000000000000        2.3606486688979142E-034   0.0000000000000000        1.4438868549470702E-033
