  0.12588171989473076       0.16961685640579530       0.10918444762881216        6.1756052002487258E-018   8.6400297454392969E-018   9.9252171168884819E-149   1.0566886601957346E-017  -7.5611586926583764E-018  -1.7390136497531658E-148   0.0000000000000000        0.0000000000000000       -1.3139049649306815E-016   0.0000000000000000        1.1251271203795137E-017  0.16961685640579530       0.22854690896377280       0.14711844412905506        8.3211981957780445E-018   1.1641838750689971E-017   1.3373539286875311E-148   1.4238144258907170E-017  -1.0188135094647291E-017  -2.3431998606673596E-148   0.0000000000000000        0.0000000000000000       -1.7703954947062774E-016   0.0000000000000000        1.5160304877886107E-017  0.10918444762881216       0.14711844412905506        9.4701944126423007E-002   5.3564571816038671E-018   7.4939941719987869E-018   8.6087110138766211E-149   9.1652678224910602E-018  -6.5582273262716442E-018  -1.5083464455843667E-148   0.0000000000000000        0.0000000000000000       -1.1396252605436099E-016   0.0000000000000000        9.7588739058827727E-018   6.1756052002487258E-018   8.3211981957780445E-018   5.3564571816038671E-018   3.0296773527746750E-034   4.2386942814936922E-034   4.8691916897792462E-165   5.1839869922382542E-034  -3.7094131682769850E-034  -8.5313910134847993E-165   0.0000000000000000        0.0000000000000000       -6.4458591293827599E-033   0.0000000000000000        5.5197378152818254E-034   8.6400297454392969E-018   1.1641838750689971E-017   7.4939941719987869E-018   4.2386942814936922E-034   5.9301790652767048E-034   6.8122814965963381E-165   7.2526983770116937E-034  -5.1896840994217970E-034  -1.1935910689937467E-164   0.0000000000000000        0.0000000000000000       -9.0181306620014263E-033   0.0000000000000000        7.7224332457554643E-034   9.9252171168884819E-149   1.3373539286875311E-148   8.6087110138766211E-149   4.8691916897792462E-165   6.8122814965963381E-165   7.8255949235326273E-296   8.3315229456407117E-165  -5.9616393661161263E-165  -1.3711353846663893E-295   0.0000000000000000        0.0000000000000000       -1.0359559798515774E-163   0.0000000000000000        8.8711299489749318E-165   1.0566886601957346E-017   1.4238144258907170E-017   9.1652678224910602E-018   5.1839869922382542E-034   7.2526983770116937E-034   8.3315229456407117E-165   8.8701594283904886E-034  -6.3470618729661582E-034  -1.4597798672884881E-164   0.0000000000000000        0.0000000000000000       -1.1029309721682962E-032   0.0000000000000000        9.4446522527492041E-034  -7.5611586926583764E-018  -1.0188135094647291E-017  -6.5582273262716442E-018  -3.7094131682769850E-034  -5.1896840994217970E-034  -5.9616393661161263E-165  -6.3470618729661582E-034   4.5416539290512524E-034   1.0445486592873534E-164   0.0000000000000000        0.0000000000000000        7.8920465618205071E-033   0.0000000000000000       -6.7581414630476061E-034  -1.7390136497531658E-148  -2.3431998606673596E-148  -1.5083464455843667E-148  -8.5313910134847993E-165  -1.1935910689937467E-164  -1.3711353846663893E-295  -1.4597798672884881E-164   1.0445486592873534E-164   2.4023889064725224E-295   0.0000000000000000        0.0000000000000000        1.8151155468829533E-163   0.0000000000000000       -1.5543252997207807E-164   0.0000000000000000        0.0000000000000000        0.0000000000000000        0.0000000000000000        0.0000000000000000        0.0000000000000000        0.0000000000000000        0.0000000000000000        0.0000000000000000        0.0000000000000000        0.0000000000000000        0.0000000000000000        0.0000000000000000        0.0000000000000000        0.0000000000000000        0.0000000000000000        0.0000000000000000        0.0000000000000000        0.0000000000000000        0.0000000000000000        0.0000000000000000        0.0000000000000000        0.0000000000000000        0.0000000000000000        0.0000000000000000        0.0000000000000000        0.0000000000000000        0.0000000000000000       -1.3139049649306815E-016  -1.7703954947062774E-016  -1.1396252605436099E-016  -6.4458591293827599E-033  -9.0181306620014263E-033  -1.0359559798515774E-163  -1.1029309721682962E-032   7.8920465618205071E-033   1.8151155468829533E-163   0.0000000000000000        0.0000000000000000        1.3714034558100741E-031   0.0000000000000000       -1.1743644040461538E-032   0.0000000000000000        0.0000000000000000        0.0000000000000000        0.0000000000000000        0.0000000000000000        0.0000000000000000        0.0000000000000000        0.0000000000000000        0.0000000000000000        0.0000000000000000        0.0000000000000000        0.0000000000000000        0.0000000000000000        0.0000000000000000        1.1251271203795137E-017   1.5160304877886107E-017   9.7588739058827727E-018   5.5197378152818254E-034   7.7224332457554643E-034   8.8711299489749318E-165   9.4446522527492041E-034  -6.7581414630476061E-034  -1.5543252997207807E-164   0.0000000000000000        0.0000000000000000       -1.1743644040461538E-032   0.0000000000000000        1.0056353202610524E-033
