  0.12588171989473065       0.16961685640579474       0.10918444762881233       -4.1773947395821270E-019   3.4095791840463369E-018   7.2211205642275242E-018   2.2150930441689424E-018   7.5009587266588293E-018  -3.0593138974926687E-017   0.0000000000000000        0.0000000000000000        1.5453238086731648E-017   0.0000000000000000        2.7563238758109743E-017  0.16961685640579474       0.22854690896377150       0.14711844412905492       -5.6287486720594423E-019   4.5941706496241049E-018   9.7299573826587197E-018   2.9846837103312059E-018   1.0107019830277524E-017  -4.1222125538577706E-017   0.0000000000000000        0.0000000000000000        2.0822162802936403E-017   0.0000000000000000        3.7139545872288622E-017  0.10918444762881233       0.14711844412905492        9.4701944126423382E-002  -3.6232944509353912E-019   2.9573239082538076E-018   6.2632927221329089E-018   1.9212774553466696E-018   6.5060124372438454E-018  -2.6535187023200842E-017   0.0000000000000000        0.0000000000000000        1.3403481188430657E-017   0.0000000000000000        2.3907180495960625E-017  -4.1773947395821270E-019  -5.6287486720594423E-019  -3.6232944509353912E-019   1.3862717179969909E-036  -1.1314715241843546E-035  -2.3963345181586682E-035  -7.3508036259231629E-036  -2.4891990316601071E-035   1.0152357143518287E-034   0.0000000000000000        0.0000000000000000       -5.1281691692016016E-035   0.0000000000000000       -9.1468823821490898E-035   3.4095791840463369E-018   4.5941706496241049E-018   2.9573239082538076E-018  -1.1314715241843546E-035   9.2350424048890926E-035   1.9558822664536642E-034   5.9997076147673493E-035   2.0316780511256125E-034  -8.2863286194990315E-034   0.0000000000000000        0.0000000000000000        4.1855989059169033E-034   0.0000000000000000        7.4656626230671717E-034   7.2211205642275242E-018   9.7299573826587197E-018   6.2632927221329089E-018  -2.3963345181586682E-035   1.9558822664536642E-034   4.1423474549534170E-034   1.2706732912691369E-034   4.3028747428772072E-034  -1.7549549303970159E-033   0.0000000000000000        0.0000000000000000        8.8646465448136136E-034   0.0000000000000000        1.5811467334522096E-033   2.2150930441689424E-018   2.9846837103312059E-018   1.9212774553466696E-018  -7.3508036259231629E-036   5.9997076147673493E-035   1.2706732912691369E-034   3.8978155036560015E-035   1.3199153549788612E-034  -5.3833590293590000E-034   0.0000000000000000        0.0000000000000000        2.7192478959161977E-034   0.0000000000000000        4.8501989406336695E-034   7.5009587266588293E-018   1.0107019830277524E-017   6.5060124372438454E-018  -2.4891990316601071E-035   2.0316780511256125E-034   4.3028747428772072E-034   1.3199153549788612E-034   4.4696229020457188E-034  -1.8229642315164183E-033   0.0000000000000000        0.0000000000000000        9.2081758319428915E-034   0.0000000000000000        1.6424204917959546E-033  -3.0593138974926687E-017  -4.1222125538577706E-017  -2.6535187023200842E-017   1.0152357143518287E-034  -8.2863286194990315E-034  -1.7549549303970159E-033  -5.3833590293590000E-034  -1.8229642315164183E-033   7.4350759834061997E-033   0.0000000000000000        0.0000000000000000       -3.7556132915514857E-033   0.0000000000000000       -6.6987168163185773E-033   0.0000000000000000        0.0000000000000000        0.0000000000000000        0.0000000000000000        0.0000000000000000        0.0000000000000000        0.0000000000000000        0.0000000000000000        0.0000000000000000        0.0000000000000000        0.0000000000000000        0.0000000000000000        0.0000000000000000        0.0000000000000000        0.0000000000000000        0.0000000000000000        0.0000000000000000        0.0000000000000000        0.0000000000000000        0.0000000000000000        0.0000000000000000        0.0000000000000000        0.0000000000000000        0.0000000000000000        0.0000000000000000        0.0000000000000000        0.0000000000000000        0.0000000000000000        1.5453238086731648E-017   2.0822162802936403E-017   1.3403481188430657E-017  -5.1281691692016016E-035   4.1855989059169033E-034   8.8646465448136136E-034   2.7192478959161977E-034   9.2081758319428915E-034  -3.7556132915514857E-033   0.0000000000000000        0.0000000000000000        1.8970392807225201E-033   0.0000000000000000        3.3836627854043889E-033   0.0000000000000000        0.0000000000000000        0.0000000000000000        0.0000000000000000        0.0000000000000000        0.0000000000000000        0.0000000000000000        0.0000000000000000        0.0000000000000000        0.0000000000000000        0.0000000000000000        0.0000000000000000        0.0000000000000000        0.0000000000000000        2.7563238758109743E-017   3.7139545872288622E-017   2.3907180495960625E-017  -9.1468823821490898E-035   7.4656626230671717E-034   1.5811467334522096E-033   4.8501989406336695E-034   1.6424204917959546E-033  -6.6987168163185773E-033   0.0000000000000000        0.0000000000000000        3.3836627854043889E-033   0.0000000000000000        6.0352855956519633E-033
