  0.12588173132512903       0.16961682418783119       0.10918449438385494       -7.9954503884643424E-018  -1.2229272501116929E-017   6.9387977397990852E-084  -9.9090792826049251E-018  -8.5855051402034696E-019  -1.2157581884888657E-083   0.0000000000000000        0.0000000000000000        1.3609422758236666E-017   0.0000000000000000        1.3006193876873239E-017  0.16961682418783119       0.22854680138818903       0.14711846582496613       -1.0773309904198626E-017  -1.6478088932615042E-017   9.3495444010585900E-084  -1.3351790929851649E-017  -1.1568367392154791E-018  -1.6381490843911437E-083   0.0000000000000000        0.0000000000000000        1.8337744825891886E-017   0.0000000000000000        1.7524936120147484E-017  0.10918449438385494       0.14711846582496613        9.4702016633912312E-002  -6.9349158042713396E-018  -1.0607154196728827E-017   6.0184199476493969E-084  -8.5947166430874612E-018  -7.4467043620647675E-019  -1.0544972785633249E-083   0.0000000000000000        0.0000000000000000        1.1804238208928811E-017   0.0000000000000000        1.1281022967796706E-017  -7.9954503884643424E-018  -1.0773309904198626E-017  -6.9349158042713396E-018   5.0783561873074742E-034   7.7674925932777276E-034  -4.4072171950718310E-100   6.2938085586698468E-034   5.4531328482530370E-035   7.7219578870628024E-100   0.0000000000000000        0.0000000000000000       -8.6441029475574930E-034   0.0000000000000000       -8.2609586625958426E-034  -1.2229272501116929E-017  -1.6478088932615042E-017  -1.0607154196728827E-017   7.7674925932777276E-034   1.1880604463589859E-033  -6.7409661034108972E-100   9.6265621314947114E-034   8.3407243302133477E-035   1.1810957814119800E-099   0.0000000000000000        0.0000000000000000       -1.3221405341455968E-033   0.0000000000000000       -1.2635375081697007E-033   6.9387977397990852E-084   9.3495444010585900E-084   6.0184199476493969E-084  -4.4072171950718310E-100  -6.7409661034108972E-100   3.8247737433390071E-166  -5.4620393448547535E-100  -4.7324645947243208E-101  -6.7014491154720571E-166   0.0000000000000000        0.0000000000000000        7.5017264920610208E-100   0.0000000000000000        7.1692173062940060E-100  -9.9090792826049251E-018  -1.3351790929851649E-017  -8.5947166430874612E-018   6.2938085586698468E-034   9.6265621314947114E-034  -5.4620393448547535E-100   7.8001669658756167E-034   6.7582841624379038E-035   9.5701291612339237E-100   0.0000000000000000        0.0000000000000000       -1.0712980166561648E-033   0.0000000000000000       -1.0238134233949816E-033  -8.5855051402034696E-019  -1.1568367392154791E-018  -7.4467043620647675E-019   5.4531328482530370E-035   8.3407243302133477E-035  -4.7324645947243208E-101   6.7582841624379038E-035   5.8555675820885164E-036   8.2918292167085559E-101   0.0000000000000000        0.0000000000000000       -9.2820274885048515E-035   0.0000000000000000       -8.8706076099294260E-035  -1.2157581884888657E-083  -1.6381490843911437E-083  -1.0544972785633249E-083   7.7219578870628024E-100   1.1810957814119800E-099  -6.7014491154720571E-166   9.5701291612339237E-100   8.2918292167085559E-101   1.1741719448234743E-165   0.0000000000000000        0.0000000000000000       -1.3143898629895964E-099   0.0000000000000000       -1.2561303805110483E-099   0.0000000000000000        0.0000000000000000        0.0000000000000000        0.0000000000000000        0.0000000000000000        0.0000000000000000        0.0000000000000000        0.0000000000000000        0.0000000000000000        0.0000000000000000        0.0000000000000000        0.0000000000000000        0.0000000000000000        0.0000000000000000        0.0000000000000000        0.0000000000000000        0.0000000000000000        0.0000000000000000        0.0000000000000000        0.0000000000000000        0.0000000000000000        0.0000000000000000        0.0000000000000000        0.0000000000000000        0.0000000000000000        0.0000000000000000        0.0000000000000000        0.0000000000000000        1.3609422758236666E-017   1.8337744825891886E-017   1.1804238208928811E-017  -8.6441029475574930E-034  -1.3221405341455968E-033   7.5017264920610208E-100  -1.0712980166561648E-033  -9.2820274885048515E-035  -1.3143898629895964E-099   0.0000000000000000        0.0000000000000000        1.4713524024707823E-033   0.0000000000000000        1.4061356567203666E-033   0.0000000000000000        0.0000000000000000        0.0000000000000000        0.0000000000000000        0.0000000000000000        0.0000000000000000        0.0000000000000000        0.0000000000000000        0.0000000000000000        0.0000000000000000        0.0000000000000000        0.0000000000000000        0.0000000000000000        0.0000000000000000        1.3006193876873239E-017   1.7524936120147484E-017   1.1281022967796706E-017  -8.2609586625958426E-034  -1.2635375081697007E-033   7.1692173062940060E-100  -1.0238134233949816E-033  -8.8706076099294260E-035  -1.2561303805110483E-099   0.0000000000000000        0.0000000000000000        1.4061356567203666E-033   0.0000000000000000        1.3438096011398463E-033
