   1.0157484645560013        9.6309734120513957E-003   5.4096831480307233E-003  -1.0347540317935714E-003  -5.7260279716297692E-017   2.8473426206393639E-017   3.1669074785519874E-017  -6.3604263616602878E-017   5.4942315020915915E-017   4.4609725337279304E-017   8.6018968787774805E-017  -2.5125381192658466E-017   1.0553789428329612E-016   1.0037171012764128E-020  -1.2187337855008425E-017  -1.3043822748145085E-017  -4.1394742272770942E-017   7.2120664295915886E-018  -5.0005748468111224E-021   6.0994119584883939E-018   2.0872846357455206E-017   1.3744948057100188E-017  -1.0343108277234757E-017  -4.4588113284099968E-018  -1.0490545521098596E-017   2.2341281813274033E-018  -1.7670077305726666E-018  -3.7108277658578154E-018   7.0163971899644127E-021  -9.9530498339297888E-019   9.6309734120513957E-003   7.2999878724146053E-002  0.15351155347019380       0.14307816479679797        5.6288127399992926E-017   4.6496162573441655E-016   1.0046544744311156E-016   1.6757355377142654E-017   1.2563419270238231E-015   2.9125722311602186E-016   1.2069812533437044E-016   5.7332028265056452E-016   1.6037614533768240E-016   1.7536484885809766E-020  -4.2826037602488695E-019  -1.1065417908981096E-017   2.6867205726667414E-017  -9.4639923644244894E-018  -3.0324742754052679E-020   1.9000251556104499E-018   1.3885869841358322E-017   3.0212532737791281E-017  -1.9103654820675498E-017  -2.1806131803360697E-017  -2.7426323089672469E-017  -3.0049928236643608E-018  -3.4423060385506243E-018  -9.6251040698654038E-018   1.2085876845767896E-017  -5.0546382798912504E-018   5.4096831480307233E-003  0.15351155347019380       0.32303685337943583       0.30117061634627679        1.1931484480848208E-016   9.7824942442207417E-016   2.1099950703033045E-016   3.6202039163451835E-017   2.6435845985112907E-015   6.1239476982661134E-016   2.5279067258274819E-016   1.2071104047653187E-015   3.3602064166175085E-016   3.6764493090354834E-020  -7.2309736813109185E-019  -2.3099993557582040E-017   5.7156616027796045E-017  -2.0025635584667156E-017  -6.3755318205817535E-020   3.9099900558369387E-018   2.8922020430021173E-017   6.3391191930068963E-017  -4.0058645949599987E-017  -4.5833001472479112E-017  -5.7574305862647040E-017  -6.3576931499878049E-018  -7.2196214148489510E-018  -2.0204930599232336E-017   2.5438635696614555E-017  -1.0624600795382321E-017  -1.0347540317935714E-003  0.14307816479679797       0.30117061634627679       0.28082087191591693        1.1159310488533025E-016   9.1195974598340818E-016   1.9654865471195578E-016   3.4135808628043178E-017   2.4645775341033302E-015   5.7073641424299540E-016   2.3518992125982777E-016   1.1256729181161257E-015   3.1267761581681539E-016   3.4219535607374576E-020  -6.0128789787153886E-019  -2.1460617739671518E-017   5.3541164466492387E-017  -1.8715276166109104E-017  -5.9416209206118355E-020   3.6092139784851578E-018   2.6842284189020366E-017   5.9024362841083782E-017  -3.7289207800615027E-017  -4.2708493064546065E-017  -5.3620112672892094E-017  -5.9413508324846209E-018  -6.7210768874008525E-018  -1.8817084106942449E-017   2.3719211945108867E-017  -9.9005340986607420E-018  -5.7260279716297692E-017   5.6288127399992926E-017   1.1931484480848208E-016   1.1159310488533025E-016   4.7526793009697030E-032   3.6061454081010281E-031   7.6291874008761281E-032   1.7117706070890348E-032   9.7579499900388830E-031   2.2418585243186763E-031   8.8597392337272255E-032   4.4849600558050338E-031   1.1828117902580966E-031   1.3029404498747306E-035   4.4328274483353808E-034  -7.7935979700814483E-033   2.3582019377106056E-032  -7.8368947703934598E-033  -2.3318795549824905E-035   1.0921204133196899E-033   9.4928904978882147E-033   2.2673759605410091E-032  -1.4231480659930092E-032  -1.6713220110451409E-032  -2.0709465476410570E-032  -2.4847988915074033E-033  -2.5705518935320128E-033  -7.2659990319215111E-033   9.4202990012284602E-033  -3.8765452227403765E-033   2.8473426206393639E-017   4.6496162573441655E-016   9.7824942442207417E-016   9.1195974598340818E-016   3.6061454081010281E-031   2.9625673553492075E-030   6.3930274861446783E-031   1.0886586859233764E-031   8.0056690942439547E-030   1.8549182312764347E-030   7.6649723691923753E-031   3.6549411644017570E-030   1.0187575374261890E-030   1.1144572633506660E-034  -2.3346940940015850E-033  -7.0104170809793066E-032   1.7258263918118134E-031  -6.0553589865172187E-032  -1.9311644348575686E-034   1.1912419174329702E-032   8.7827002565173248E-032   1.9211793708611181E-031  -1.2142436347020039E-031  -1.3883958593609409E-031  -1.7446513269318746E-031  -1.9225076944123569E-032  -2.1882707493400833E-032  -6.1226547777802047E-032   7.7030590023747178E-032  -3.2184108204702794E-032   3.1669074785519874E-017   1.0046544744311156E-016   2.1099950703033045E-016   1.9654865471195578E-016   7.6291874008761281E-032   6.3930274861446783E-031   1.3859895290525546E-031   2.1867506541372931E-032   1.7270182694464574E-030   4.0095246319652773E-031   1.6738209160360451E-031   7.8719799991699280E-031   2.2224790322562330E-031   2.4274630604029213E-035  -8.0958533336038224E-034  -1.5438953766650155E-032   3.6160030471465554E-032  -1.2871161366915266E-032  -4.1752311086792754E-035   2.7210578292645269E-033   1.9455932160421986E-032   4.1756877281038633E-032  -2.6433234840572636E-032  -3.0039213219323660E-032  -3.7869979833228112E-032  -4.0878456021800494E-033  -4.7612743893647246E-033  -1.3290773587157577E-032   1.6604267078559776E-032  -6.9623636685614616E-033  -6.3604263616602878E-017   1.6757355377142654E-017   3.6202039163451835E-017   3.4135808628043178E-017   1.7117706070890348E-032   1.0886586859233764E-031   2.1867506541372931E-032   8.1165122068606718E-033   2.9558610124396365E-031   6.6457849330157891E-032   2.3159162939610560E-032   1.3814466980323154E-031   3.1340683190851660E-032   3.5244839062870315E-036   6.8868948560853700E-034  -1.7885839339017277E-033   9.0829314658684570E-033  -2.7213822091988890E-033  -6.8962793647181255E-036   5.6715086576895158E-035   1.9522540247910191E-033   6.3022623676691927E-033  -3.8777984911960370E-033  -4.9030402431972669E-033  -5.8499634817248200E-033  -8.6046680800468376E-034  -7.0501950128832142E-034  -2.0511131484536101E-033   2.8773413476996583E-033  -1.1390005715114826E-033   5.4942315020915915E-017   1.2563419270238231E-015   2.6435845985112907E-015   2.4645775341033302E-015   9.7579499900388830E-031   8.0056690942439547E-030   1.7270182694464574E-030   2.9558610124396365E-031   2.1633989063835874E-029   5.0119172888268797E-030   2.0695816156104440E-030   9.8779583321666648E-030   2.7508877391528324E-030   3.0096264867318394E-034  -6.0454257888822474E-033  -1.8917268425055920E-031   4.6729837044097930E-031  -1.6380126017176293E-031  -5.2178544010113324E-034   3.2060956222728834E-032   2.3689870514675530E-031   5.1889754366686096E-031  -3.2792311113004707E-031  -3.7511492819528604E-031  -4.7126165939652387E-031  -5.2003834407376415E-032  -5.9099347766235156E-032  -1.6538326796568802E-031   2.0817365779183797E-031  -8.6955420613341382E-032   4.4609725337279304E-017   2.9125722311602186E-016   6.1239476982661134E-016   5.7073641424299540E-016   2.2418585243186763E-031   1.8549182312764347E-030   4.0095246319652773E-031   6.6457849330157891E-032   5.0119172888268797E-030   1.1621049664714926E-030   4.8199246045395368E-031   2.2868371719199608E-030   6.4038814781935336E-031   7.0014700650535396E-035  -1.7826304611947543E-033  -4.4219764173480664E-032   1.0692169795248407E-031  -3.7708163732098910E-032  -1.2099671121416444E-034   7.6164314787886225E-033   5.5518346167606846E-032   1.2060240382738156E-031  -7.6268049326502566E-032  -8.7012436282960323E-032  -1.0946829990792367E-031  -1.1973380591691273E-032  -1.3742223971596316E-032  -3.8417423389667198E-032   4.8210936818472726E-032  -2.0169157556997631E-032   8.6018968787774805E-017   1.2069812533437044E-016   2.5279067258274819E-016   2.3518992125982777E-016   8.8597392337272255E-032   7.6649723691923753E-031   1.6738209160360451E-031   2.3159162939610560E-032   2.0695816156104440E-030   4.8199246045395368E-031   2.0440569254085495E-031   9.4096645833415030E-031   2.7099635912758924E-031   2.9528511761742091E-035  -1.5462636837342385E-033  -1.9095971069730306E-032   4.1317209416160378E-032  -1.5063193770621082E-032  -5.0208062214125666E-035   3.5456220778839335E-033   2.4274545071058727E-032   5.0627747211610472E-032  -3.2126525941461179E-032  -3.6163596822969273E-032  -4.5821559653892953E-032  -4.7867009590275058E-033  -5.7822264556417150E-033  -1.6082822217712518E-032   1.9873122389586273E-032  -8.3800411058353949E-033  -2.5125381192658466E-017   5.7332028265056452E-016   1.2071104047653187E-015   1.1256729181161257E-015   4.4849600558050338E-031   3.6549411644017570E-030   7.8719799991699280E-031   1.3814466980323154E-031   9.8779583321666648E-030   2.2868371719199608E-030   9.4096645833415030E-031   4.5127029621910271E-030   1.2511675495390767E-030   1.3695941170174852E-034  -2.1585243081098157E-033  -8.5754054354089549E-032   2.1547105164061777E-031  -7.5167870233925369E-032  -2.3806259826102162E-034   1.4341323632921647E-032   1.0716441369320776E-031   2.3631131624608103E-031  -1.4925766756665441E-031  -1.7110203231429434E-031  -2.1471595470609129E-031  -2.3861644680704995E-032  -2.6904491004021307E-032  -7.5350376571993369E-032   9.5076718364730160E-032  -3.9665068566233140E-032   1.0553789428329612E-016   1.6037614533768240E-016   3.3602064166175085E-016   3.1267761581681539E-016   1.1828117902580966E-031   1.0187575374261890E-030   2.2224790322562330E-031   3.1340683190851660E-032   2.7508877391528324E-030   6.4038814781935336E-031   2.7099635912758924E-031   1.2511675495390767E-030   3.5935456021643174E-031   3.9168962510186300E-035  -1.9498441671404559E-033  -2.5273523107283267E-032   5.5287727748299630E-032  -2.0088080200947516E-032  -6.6704711456297340E-035   4.6607050445472297E-033   3.2090108265704213E-032   6.7186738160890876E-032  -4.2620185525708118E-032  -4.8038275513884433E-032  -6.0825499759012242E-032  -6.3829816421581242E-033  -7.6717271809114745E-033  -2.1348776886221647E-032   2.6419872250834338E-032  -1.1132040592777721E-032   1.0037171012764128E-020   1.7536484885809766E-020   3.6764493090354834E-020   3.4219535607374576E-020   1.3029404498747306E-035   1.1144572633506660E-034   2.4274630604029213E-035   3.5244839062870315E-036   3.0096264867318394E-034   7.0014700650535396E-035   2.9528511761742091E-035   1.3695941170174852E-034   3.9168962510186300E-035   4.2715254989058981E-039  -1.9523548478733397E-037  -2.7463959699251538E-036   6.1120688272933150E-036  -2.2090852463641936E-036  -7.2924100445207373E-039   5.0096426427368680E-037   3.4807144791659855E-036   7.3321407989634019E-036  -4.6487558858834191E-036  -5.2504481268221470E-036  -6.6408419084535992E-036  -7.0185057371280884E-037  -8.3692740458797932E-037  -2.3307863181461052E-036   2.8912584131986369E-036  -1.2167571655800090E-036  -1.2187337855008425E-017  -4.2826037602488695E-019  -7.2309736813109185E-019  -6.0128789787153886E-019   4.4328274483353808E-034  -2.3346940940015850E-033  -8.0958533336038224E-034   6.8868948560853700E-034  -6.0454257888822474E-033  -1.7826304611947543E-033  -1.5462636837342385E-033  -2.1585243081098157E-033  -1.9498441671404559E-033  -1.9523548478733397E-037   1.4756951863173775E-034   2.0343381097965384E-034   3.7975328497436531E-034  -4.5648841813385733E-035   1.8985804662774250E-037  -8.1084223903923630E-035  -3.0914794176163501E-034  -2.9393950166060697E-034   2.0561537568482032E-034   1.4684353343161023E-034   2.4307425094713323E-034  -1.3826676113618706E-035   3.5893400064356454E-035   8.5655021191642993E-035  -5.1920136575606618E-035   3.3580879596528238E-035  -1.3043822748145085E-017  -1.1065417908981096E-017  -2.3099993557582040E-017  -2.1460617739671518E-017  -7.7935979700814483E-033  -7.0104170809793066E-032  -1.5438953766650155E-032  -1.7885839339017277E-033  -1.8917268425055920E-031  -4.4219764173480664E-032  -1.9095971069730306E-032  -8.5754054354089549E-032  -2.5273523107283267E-032  -2.7463959699251538E-036   2.0343381097965384E-034   1.8095834488516369E-033  -3.5594204518799149E-033   1.3379552561942900E-033   4.6080807419704933E-036  -3.5479290672641631E-034  -2.3222590557365391E-033  -4.6910896038444737E-033   2.9850821373247874E-033   3.3234653381598495E-033   4.2357888079740496E-033   4.2546314507341389E-034   5.3678034810091907E-034   1.4868585578612073E-033  -1.8138661957740622E-033   7.6993906898691762E-034  -4.1394742272770942E-017   2.6867205726667414E-017   5.7156616027796045E-017   5.3541164466492387E-017   2.3582019377106056E-032   1.7258263918118134E-031   3.6160030471465554E-032   9.0829314658684570E-033   4.6729837044097930E-031   1.0692169795248407E-031   4.1317209416160378E-032   2.1547105164061777E-031   5.5287727748299630E-032   6.1120688272933150E-036   3.7975328497436531E-034  -3.5594204518799149E-033   1.1879053497656428E-032  -3.8579613163647844E-033  -1.1116566820215518E-035   4.4020624086047566E-034   4.2671455904942343E-033   1.0687254245317978E-032  -6.6844637346119493E-033  -7.9555524386643725E-033  -9.7896852141634574E-033  -1.2225007120374694E-033  -1.2087647987789583E-033  -3.4343364916051880E-033   4.5184634789247036E-033  -1.8457827169870923E-033   7.2120664295915886E-018  -9.4639923644244894E-018  -2.0025635584667156E-017  -1.8715276166109104E-017  -7.8368947703934598E-033  -6.0553589865172187E-032  -1.2871161366915266E-032  -2.7213822091988890E-033  -1.6380126017176293E-031  -3.7708163732098910E-032  -1.5063193770621082E-032  -7.5167870233925369E-032  -2.0088080200947516E-032  -2.2090852463641936E-036  -4.5648841813385733E-035   1.3379552561942900E-033  -3.8579613163647844E-033   1.2975105768610971E-033   3.9230811537233279E-036  -1.9754874463070913E-034  -1.6414196808352620E-033  -3.8354829685144482E-033   2.4114322014862838E-033   2.8138400746434300E-033   3.4983435524185909E-033   4.1151796301104066E-034   4.3532499567880594E-034   1.2274789429921202E-033  -1.5801003075839608E-033   6.5256409369246178E-034  -5.0005748468111224E-021  -3.0324742754052679E-020  -6.3755318205817535E-020  -5.9416209206118355E-020  -2.3318795549824905E-035  -1.9311644348575686E-034  -4.1752311086792754E-035  -6.8962793647181255E-036  -5.2178544010113324E-034  -1.2099671121416444E-034  -5.0208062214125666E-035  -2.3806259826102162E-034  -6.6704711456297340E-035  -7.2924100445207373E-039   1.8985804662774250E-037   4.6080807419704933E-036  -1.1116566820215518E-035   3.9230811537233279E-036   1.2598129847190378E-038  -7.9504994862980503E-037  -5.7870683475410985E-036  -1.2560149256680591E-035   7.9435229113890602E-036   9.0600033242881754E-036   1.1399890111750598E-035   1.2457059393914969E-036   1.4312557495699751E-036   4.0007520699263245E-036  -5.0190069346755669E-036   2.1000614954846085E-036   6.0994119584883939E-018   1.9000251556104499E-018   3.9099900558369387E-018   3.6092139784851578E-018   1.0921204133196899E-033   1.1912419174329702E-032   2.7210578292645269E-033   5.6715086576895158E-035   3.2060956222728834E-032   7.6164314787886225E-033   3.5456220778839335E-033   1.4341323632921647E-032   4.6607050445472297E-033   5.0096426427368680E-037  -8.1084223903923630E-035  -3.5479290672641631E-034   4.4020624086047566E-034  -1.9754874463070913E-034  -7.9504994862980503E-037   8.3173008603292405E-035   4.7119416954600371E-034   8.4262839571193570E-034  -5.4232601684932486E-034  -5.7668538594817436E-034  -7.5346626583707177E-034  -6.3047296778344476E-035  -9.7164592453596720E-035  -2.6459301935189559E-034   3.0541629733402005E-034  -1.3345458241636325E-034   2.0872846357455206E-017   1.3885869841358322E-017   2.8922020430021173E-017   2.6842284189020366E-017   9.4928904978882147E-033   8.7827002565173248E-032   1.9455932160421986E-032   1.9522540247910191E-033   2.3689870514675530E-031   5.5518346167606846E-032   2.4274545071058727E-032   1.0716441369320776E-031   3.2090108265704213E-032   3.4807144791659855E-036  -3.0914794176163501E-034  -2.3222590557365391E-033   4.2671455904942343E-033  -1.6414196808352620E-033  -5.7870683475410985E-036   4.7119416954600371E-034   2.9987188083835887E-033   5.9301261359566920E-033  -3.7806794492027156E-033  -4.1776033384534922E-033  -5.3459567298996178E-033  -5.2222914503890886E-034  -6.7942880590347666E-034  -1.8766802320640624E-033   2.2691520306711678E-033  -9.6764625035305317E-034   1.3744948057100188E-017   3.0212532737791281E-017   6.3391191930068963E-017   5.9024362841083782E-017   2.2673759605410091E-032   1.9211793708611181E-031   4.1756877281038633E-032   6.3022623676691927E-033   5.1889754366686096E-031   1.2060240382738156E-031   5.0627747211610472E-032   2.3631131624608103E-031   6.7186738160890876E-032   7.3321407989634019E-036  -2.9393950166060697E-034  -4.6910896038444737E-033   1.0687254245317978E-032  -3.8354829685144482E-033  -1.2560149256680591E-035   8.4262839571193570E-034   5.9301261359566920E-033   1.2597969399350068E-032  -7.9817010515560071E-033  -9.0401429375931286E-033  -1.1417067757279237E-032  -1.2183739951478626E-033  -1.4372999483141279E-033  -4.0070328694455900E-033   4.9867227567283046E-033  -2.0951276842113230E-033  -1.0343108277234757E-017  -1.9103654820675498E-017  -4.0058645949599987E-017  -3.7289207800615027E-017  -1.4231480659930092E-032  -1.2142436347020039E-031  -2.6433234840572636E-032  -3.8777984911960370E-033  -3.2792311113004707E-031  -7.6268049326502566E-032  -3.2126525941461179E-032  -1.4925766756665441E-031  -4.2620185525708118E-032  -4.6487558858834191E-036   2.0561537568482032E-034   2.9850821373247874E-033  -6.6844637346119493E-033   2.4114322014862838E-033   7.9435229113890602E-036  -5.4232601684932486E-034  -3.7806794492027156E-033  -7.9817010515560071E-033   5.0596401563047317E-033   5.7187393660916874E-033   7.2303052628134750E-033   7.6610493763123314E-034   9.1095558235113091E-034   2.5376578151333590E-033  -3.1505642331747338E-033   1.3253028406363505E-033  -4.4588113284099968E-018  -2.1806131803360697E-017  -4.5833001472479112E-017  -4.2708493064546065E-017  -1.6713220110451409E-032  -1.3883958593609409E-031  -3.0039213219323660E-032  -4.9030402431972669E-033  -3.7511492819528604E-031  -8.7012436282960323E-032  -3.6163596822969273E-032  -1.7110203231429434E-031  -4.8038275513884433E-032  -5.2504481268221470E-036   1.4684353343161023E-034   3.3234653381598495E-033  -7.9555524386643725E-033   2.8138400746434300E-033   9.0600033242881754E-036  -5.7668538594817436E-034  -4.1776033384534922E-033  -9.0401429375931286E-033   5.7187393660916874E-033   6.5162772964216685E-033   8.2033598761780014E-033   8.9353339560714597E-034   1.0303143487817155E-033   2.8789656742991512E-033  -3.6077528274607742E-033   1.5104065498942151E-033  -1.0490545521098596E-017  -2.7426323089672469E-017  -5.7574305862647040E-017  -5.3620112672892094E-017  -2.0709465476410570E-032  -1.7446513269318746E-031  -3.7869979833228112E-032  -5.8499634817248200E-033  -4.7126165939652387E-031  -1.0946829990792367E-031  -4.5821559653892953E-032  -2.1471595470609129E-031  -6.0825499759012242E-032  -6.6408419084535992E-036   2.4307425094713323E-034   4.2357888079740496E-033  -9.7896852141634574E-033   3.4983435524185909E-033   1.1399890111750598E-035  -7.5346626583707177E-034  -5.3459567298996178E-033  -1.1417067757279237E-032   7.2303052628134750E-033   8.2033598761780014E-033   1.0350723030917464E-032   1.1111670985075638E-033   1.3021804621571101E-033   3.6327223773658069E-033  -4.5299546273812273E-033   1.9012710801530497E-033   2.2341281813274033E-018  -3.0049928236643608E-018  -6.3576931499878049E-018  -5.9413508324846209E-018  -2.4847988915074033E-033  -1.9225076944123569E-032  -4.0878456021800494E-033  -8.6046680800468376E-034  -5.2003834407376415E-032  -1.1973380591691273E-032  -4.7867009590275058E-033  -2.3861644680704995E-032  -6.3829816421581242E-033  -7.0185057371280884E-037  -1.3826676113618706E-035   4.2546314507341389E-034  -1.2225007120374694E-033   4.1151796301104066E-034   1.2457059393914969E-036  -6.3047296778344476E-035  -5.2222914503890886E-034  -1.2183739951478626E-033   7.6610493763123314E-034   8.9353339560714597E-034   1.1111670985075638E-033   1.3051978733876736E-034   1.3829600646154860E-034   3.8988164432380715E-034  -5.0162373210224849E-034   2.0721926068766493E-034  -1.7670077305726666E-018  -3.4423060385506243E-018  -7.2196214148489510E-018  -6.7210768874008525E-018  -2.5705518935320128E-033  -2.1882707493400833E-032  -4.7612743893647246E-033  -7.0501950128832142E-034  -5.9099347766235156E-032  -1.3742223971596316E-032  -5.7822264556417150E-033  -2.6904491004021307E-032  -7.6717271809114745E-033  -8.3692740458797932E-037   3.5893400064356454E-035   5.3678034810091907E-034  -1.2087647987789583E-033   4.3532499567880594E-034   1.4312557495699751E-036  -9.7164592453596720E-035  -6.7942880590347666E-034  -1.4372999483141279E-033   9.1095558235113091E-034   1.0303143487817155E-033   1.3021804621571101E-033   1.3829600646154860E-034   1.6402079080619419E-034   4.5703027755228053E-034  -5.6785457795746093E-034   2.3877628505579099E-034  -3.7108277658578154E-018  -9.6251040698654038E-018  -2.0204930599232336E-017  -1.8817084106942449E-017  -7.2659990319215111E-033  -6.1226547777802047E-032  -1.3290773587157577E-032  -2.0511131484536101E-033  -1.6538326796568802E-031  -3.8417423389667198E-032  -1.6082822217712518E-032  -7.5350376571993369E-032  -2.1348776886221647E-032  -2.3307863181461052E-036   8.5655021191642993E-035   1.4868585578612073E-033  -3.4343364916051880E-033   1.2274789429921202E-033   4.0007520699263245E-036  -2.6459301935189559E-034  -1.8766802320640624E-033  -4.0070328694455900E-033   2.5376578151333590E-033   2.8789656742991512E-033   3.6327223773658069E-033   3.8988164432380715E-034   4.5703027755228053E-034   1.2749525334485657E-033  -1.5897147401897914E-033   6.6724917978550153E-034   7.0163971899644127E-021   1.2085876845767896E-017   2.5438635696614555E-017   2.3719211945108867E-017   9.4202990012284602E-033   7.7030590023747178E-032   1.6604267078559776E-032   2.8773413476996583E-033   2.0817365779183797E-031   4.8210936818472726E-032   1.9873122389586273E-032   9.5076718364730160E-032   2.6419872250834338E-032   2.8912584131986369E-036  -5.1920136575606618E-035  -1.8138661957740622E-033   4.5184634789247036E-033  -1.5801003075839608E-033  -5.0190069346755669E-036   3.0541629733402005E-034   2.2691520306711678E-033   4.9867227567283046E-033  -3.1505642331747338E-033  -3.6077528274607742E-033  -4.5299546273812273E-033  -5.0162373210224849E-034  -5.6785457795746093E-034  -1.5897147401897914E-033   2.0034247311611475E-033  -8.3633313179081111E-034  -9.9530498339297888E-019  -5.0546382798912504E-018  -1.0624600795382321E-017  -9.9005340986607420E-018  -3.8765452227403765E-033  -3.2184108204702794E-032  -6.9623636685614616E-033  -1.1390005715114826E-033  -8.6955420613341382E-032  -2.0169157556997631E-032  -8.3800411058353949E-033  -3.9665068566233140E-032  -1.1132040592777721E-032  -1.2167571655800090E-036   3.3580879596528238E-035   7.6993906898691762E-034  -1.8457827169870923E-033   6.5256409369246178E-034   2.1000614954846085E-036  -1.3345458241636325E-034  -9.6764625035305317E-034  -2.0951276842113230E-033   1.3253028406363505E-033   1.5104065498942151E-033   1.9012710801530497E-033   2.0721926068766493E-034   2.3877628505579099E-034   6.6724917978550153E-034  -8.3633313179081111E-034   3.5009825898113330E-034
