   1.0157484595742399        9.6309703336640139E-003   5.4096819766064324E-003  -1.0347548561925723E-003  -6.5005809168981108E-019  -6.8549292112154722E-018   4.8959365231439336E-017   3.1947141245210052E-019  -6.2622792939637172E-017  -1.2155512035395751E-016  -3.1658860131616279E-017  -3.2910466958083185E-017  -2.7499369019798475E-017  -2.1155113937514211E-046  -7.0515590529030274E-026  -1.3639061125570875E-017  -1.3525650987062118E-023   4.3999710053205471E-018   2.8756760241276964E-046   9.5853888383909919E-026   1.9835263894152739E-017   2.4073908985368540E-023  -6.4551696199020485E-018   4.3214643718614329E-018  -3.1448403814633908E-024   4.6958489457903510E-017  -1.6603281290528024E-017  -5.8502967188981027E-018   5.6793189140665540E-017   6.8312770593367195E-018   9.6309703336640139E-003   7.2999871641264744E-002  0.15351152717955516       0.14307817561797248       -1.2593429085656823E-017  -1.0349529466635569E-017  -4.8552043648392791E-018   4.3042678570644681E-018   7.6166303474181675E-017   6.9358634666229839E-017  -1.5906158412218958E-016  -7.3709051171047551E-017  -6.2015513799117551E-017  -7.8174459933077260E-047   6.9887333253590137E-028  -9.6644803285808188E-018  -6.0066631963519685E-022   1.3246826992934463E-017   1.0626481180516712E-046  -9.4999880039023047E-028   4.7580129693309599E-017   4.9707923295322066E-023  -2.1073459812281758E-017  -2.6307955076203387E-018  -7.5904379850120895E-022   4.0381694364323685E-017   7.5274065944626895E-018  -8.9669627318537442E-018  -6.0624328377610682E-019   3.7370460403473873E-018   5.4096819766064324E-003  0.15351152717955516       0.32303677392983798       0.30117061660528049       -2.6497537184477959E-017  -2.1683719818254460E-017  -1.0935735264018804E-017   9.0550850055100594E-018   1.6123351172246516E-016   1.4776678112474027E-016  -3.3433464563449838E-016  -1.5466361754675374E-016  -1.3012986194372177E-016  -1.6144877636857415E-046   2.5027572252003086E-027  -2.0142544892433287E-017  -1.2641035980106637E-021   2.7817963073864266E-017   2.1946200653855547E-046  -3.4020705196762338E-027   9.9857945275082845E-017   1.0427457506178556E-022  -4.4261637202955922E-017  -5.6006110864571423E-018  -1.5976134192610246E-021   8.4309597990734833E-017   1.6086854214007457E-017  -1.8788348803036571E-017  -2.1070077089610657E-018   7.7659012909394322E-018  -1.0347548561925723E-003  0.14307817561797248       0.30117061660528049       0.28082094146855252       -2.4702700711985763E-017  -2.0177111813835998E-017  -1.0489598091526820E-017   8.4411475619027438E-018   1.5071064425735394E-016   1.3850680227618186E-016  -3.1154778508987942E-016  -1.4401307977709245E-016  -1.2116992300524711E-016  -1.4927055078240987E-046   2.7556023014390548E-027  -1.8699503599586684E-017  -1.1785829581868457E-021   2.5911438575971705E-017   2.0290779111906331E-046  -3.7457701687096230E-027   9.2989925871236408E-017   9.7082672981540843E-023  -4.1231399208861599E-017  -5.2479325467254485E-018  -1.4896132567347870E-021   7.8330157857175181E-017   1.5098920545747011E-017  -1.7483448757721088E-017  -2.3044787156367455E-018   7.2001284368209574E-018  -6.5005809168981108E-019  -1.2593429085656823E-017  -2.6497537184477959E-017  -2.4702700711985763E-017   2.1735389674421361E-033   1.7799557926082699E-033   8.8703593459269692E-034  -7.4278993743154324E-034  -1.3212131574394619E-032  -1.2095578669553069E-032   2.7429554545467419E-032   1.2692655982213745E-032   1.0679225067544518E-032   1.3285484109504810E-062  -1.9095901401426750E-043   1.6549221686888497E-033   1.0368828944117661E-037  -2.2826059913273207E-033  -1.8059344060012024E-062   2.5957612888017326E-043  -8.1946754155417699E-033  -8.5578015855248655E-039   3.6317826100470105E-033   4.5850093556411208E-034   1.3104164946555228E-037  -6.9248634969220732E-033  -1.3161188897250674E-033   1.5422647572584847E-033   1.6128603846522362E-034  -6.3837006258107700E-034  -6.8549292112154722E-018  -1.0349529466635569E-017  -2.1683719818254460E-017  -2.0177111813835998E-017   1.7799557926082699E-033   1.4970052390103663E-033   4.1995167778753274E-034  -6.0889185107943504E-034  -1.0405211950574016E-032  -9.1260249996391182E-033   2.2608653374893561E-032   1.0575535928443633E-032   8.8967567634948788E-033   1.2172083004885414E-062   2.8298757353484942E-043   1.4370817357463351E-033   8.4803615379967891E-038  -1.8924159536915986E-033  -1.6545865630518149E-062  -3.8467322026432996E-043  -6.8190193305721577E-033  -7.1421034238561792E-039   3.0075674542909487E-033   3.4771778324319235E-034   1.0708828498210971E-037  -5.9503709482417356E-033  -9.7197841019417449E-034   1.2965431471702461E-033  -2.2179992403782778E-034  -5.6411555402760029E-034   4.8959365231439336E-017  -4.8552043648392791E-018  -1.0935735264018804E-017  -1.0489598091526820E-017   8.8703593459269692E-034   4.1995167778753274E-034   2.7479610901920787E-033  -2.9842045969295247E-034  -8.6188636230043284E-033  -1.1003498345549071E-032   1.0057291720768869E-032   3.7687634944250064E-033   3.1801608866891700E-033  -4.6395513989898789E-063  -3.4986429323253022E-042   3.8280145728598396E-035   4.3163414590402898E-038  -7.5136695558834540E-034   6.3066768442803329E-063   4.7558068593668293E-042  -2.5016668784697151E-033  -2.4496749206532724E-039   1.2219164397136527E-033   4.0322859320230100E-034   5.5226200306126083E-038  -6.5035729634695946E-034  -1.3609695518708031E-033   3.6819794541846960E-034   2.8209680522779931E-033   6.1339777696001257E-035   3.1947141245210052E-019   4.3042678570644681E-018   9.0550850055100594E-018   8.4411475619027438E-018  -7.4278993743154324E-034  -6.0889185107943504E-034  -2.9842045969295247E-034   2.5385197585652983E-034   4.5087628813607044E-033   4.1215742583886897E-033  -9.3760833577319850E-033  -4.3404058708982322E-033  -3.6518707752663669E-033  -4.5601021444500440E-063   5.8495864198276287E-044  -5.6681628582058224E-034  -3.5432986122862716E-038   7.8041896266052255E-034   6.1986791671750016E-063  -7.9515125601530382E-044   2.8021321367551152E-033   2.9266234406629499E-039  -1.2416477959316967E-033  -1.5626184691312359E-034  -4.4779004179116475E-038   2.3708194224306270E-033   4.4814454402110433E-034  -5.2757333906184931E-034  -4.9671206215023671E-035   2.1879431062380368E-034  -6.2622792939637172E-017   7.6166303474181675E-017   1.6123351172246516E-016   1.5071064425735394E-016  -1.3212131574394619E-032  -1.0405211950574016E-032  -8.6188636230043284E-033   4.5087628813607044E-033   8.4675862642317414E-032   8.1730149457953533E-032  -1.6519641550091577E-031  -7.5245333737794284E-032  -6.3321686417615088E-032  -6.7149817122491001E-062   5.7871347830357728E-042  -9.1979966970674861E-033  -6.3142862343754753E-037   1.3631423545658861E-032   9.1278694926469782E-062  -7.8666202380788912E-042   4.8672742538217525E-032   5.0609307591371243E-038  -2.1724288442514075E-032  -3.0793372169142691E-033  -7.9891628142901094E-037   3.9151081694411694E-032   9.1144206308391878E-033  -9.0215750589867266E-033  -4.7066153527937289E-033   3.4451073048987320E-033  -1.2155512035395751E-016   6.9358634666229839E-017   1.4776678112474027E-016   1.3850680227618186E-016  -1.2095578669553069E-032  -9.1260249996391182E-033  -1.1003498345549071E-032   4.1215742583886897E-033   8.1730149457953533E-032   8.2739192935174774E-032  -1.4975238751356852E-031  -6.7045156064667208E-032  -5.6433293027681530E-032  -4.8347603415490282E-062   9.7611476469175028E-042  -7.5894315699541231E-033  -5.7917258098694157E-037   1.2244351409573974E-032   6.5720300243533653E-062  -1.3268611239401079E-041   4.3460018840107199E-032   4.4971737813808023E-038  -1.9548836617745766E-032  -3.1010688428027449E-033  -7.3367976462318589E-037   3.3003715841900205E-032   9.4190635492251839E-033  -7.9183569957497027E-033  -7.9035642096474611E-033   2.7340203727579346E-033  -3.1658860131616279E-017  -1.5906158412218958E-016  -3.3433464563449838E-016  -3.1154778508987942E-016   2.7429554545467419E-032   2.2608653374893561E-032   1.0057291720768869E-032  -9.3760833577319850E-033  -1.6519641550091577E-031  -1.4975238751356852E-031   3.4669630142015099E-031   1.6085078321881185E-031   1.3533068781019812E-031   1.7245393332669610E-061  -7.7990810540111543E-043   2.1188308486905028E-032   1.3081181755618973E-036  -2.8891809697642480E-032  -2.3442163573256962E-061   1.0601517185628427E-042  -1.0381640259287870E-031  -1.0849435774043497E-037   4.5956251263682545E-032   5.6831989819031423E-033   1.6528824962244660E-036  -8.8426882915923904E-032  -1.6216552053486801E-032   1.9587486799054550E-032   7.2258020302862624E-034  -8.2094471236846887E-033  -3.2910466958083185E-017  -7.3709051171047551E-017  -1.5466361754675374E-016  -1.4401307977709245E-016   1.2692655982213745E-032   1.0575535928443633E-032   3.7687634944250064E-033  -4.3404058708982322E-033  -7.5245333737794284E-032  -6.7045156064667208E-032   1.6085078321881185E-031   7.4955035731930440E-032   6.3059486529730211E-032   8.3533200636995060E-062   9.0808135268553161E-043   1.0040948918342396E-032   6.0499961837172285E-037  -1.3436135752330535E-032  -1.1354910354062647E-061  -1.2343813328485772E-042  -4.8352228992567788E-032  -5.0591152179159055E-038   2.1362174819627007E-032   2.5496532954496730E-033   7.6420089471858847E-037  -4.1725470144684353E-032  -7.1983678290380219E-033   9.1607457574299511E-033  -6.8770591523255739E-034  -3.9182115390140137E-033  -2.7499369019798475E-017  -6.2015513799117551E-017  -1.3012986194372177E-016  -1.2116992300524711E-016   1.0679225067544518E-032   8.8967567634948788E-033   3.1801608866891700E-033  -3.6518707752663669E-033  -6.3321686417615088E-032  -5.6433293027681530E-032   1.3533068781019812E-031   6.3059486529730211E-032   5.3051825696224325E-032   7.0243419827149365E-062   7.5079292669474646E-043   8.4456913180661501E-033   5.0903205251785809E-037  -1.1304069555003550E-032  -9.5483918851162083E-062  -1.0205746113010251E-042  -4.0678872933572304E-032  -4.2561861815652312E-038   1.7972494365713339E-032   2.1460392760092104E-033   6.4298277667755974E-037  -3.5098154455831605E-032  -6.0596823520413911E-033   7.7065693267092740E-033  -5.6795162286835239E-034  -3.2954214492945980E-033  -2.1155113937514211E-046  -7.8174459933077260E-047  -1.6144877636857415E-046  -1.4927055078240987E-046   1.3285484109504810E-062   1.2172083004885414E-062  -4.6395513989898789E-063  -4.5601021444500440E-063  -6.7149817122491001E-062  -4.8347603415490282E-062   1.7245393332669610E-061   8.3533200636995060E-062   7.0243419827149365E-062   1.2363443656896925E-091   1.3257742730102368E-071   1.2802140629387826E-062   6.3020769383958381E-067  -1.4711951853038605E-062  -1.6805987717582460E-091  -1.8021634398008093E-071  -5.3642273566211339E-062  -5.6706011158049196E-068   2.3296227431119961E-062   1.8911998196194023E-063   7.9360770918711817E-067  -5.1502279757150119E-062  -4.5704695771634962E-063   1.0528411318013655E-062  -1.0632462620183123E-062  -5.2592354952486822E-063  -7.0515590529030274E-026   6.9887333253590137E-028   2.5027572252003086E-027   2.7556023014390548E-027  -1.9095901401426750E-043   2.8298757353484942E-043  -3.4986429323253022E-042   5.8495864198276287E-044   5.7871347830357728E-042   9.7611476469175028E-042  -7.7990810540111543E-043   9.0808135268553161E-043   7.5079292669474646E-043   1.3257742730102368E-071   4.9210027115627957E-051   7.6801289316820658E-043  -1.0324747985125637E-047  -5.7780257826550661E-044  -1.8021634398008089E-071  -6.6892617804408411E-051  -4.8812114605946289E-043  -7.4322238529037782E-049   5.4025542838618237E-044  -3.5011786773008565E-043  -1.4017791715717992E-047  -2.5109156028350274E-042   1.2967751239408372E-042   2.3899652502059609E-043  -3.9641843514717931E-042  -4.0536553391613159E-043  -1.3639061125570875E-017  -9.6644803285808188E-018  -2.0142544892433287E-017  -1.8699503599586684E-017   1.6549221686888497E-033   1.4370817357463351E-033   3.8280145728598396E-035  -5.6681628582058224E-034  -9.1979966970674861E-033  -7.5894315699541231E-033   2.1188308486905028E-032   1.0040948918342396E-032   8.4456913180661501E-033   1.2802140629387826E-062   7.6801289316820658E-043   1.4301713700757549E-033   7.8721459293404073E-038  -1.7860774526697597E-033  -1.7402321242126801E-062  -1.0439822114067374E-042  -6.4643896079615507E-033  -6.7943264318230215E-039   2.8347115537889135E-033   2.9139376619356838E-034   9.9307937645778129E-038  -5.8535266230502819E-033  -7.8209914638239137E-034   1.2440222444564646E-033  -6.1288463509347633E-034  -5.7199667246208685E-034  -1.3525650987062118E-023  -6.0066631963519685E-022  -1.2641035980106637E-021  -1.1785829581868457E-021   1.0368828944117661E-037   8.4803615379967891E-038   4.3163414590402898E-038  -3.5432986122862716E-038  -6.3142862343754753E-037  -5.7917258098694157E-037   1.3081181755618973E-036   6.0499961837172285E-037   5.0903205251785809E-037   6.3020769383958381E-067  -1.0324747985125637E-047   7.8721459293404073E-038   4.9467324375519202E-042  -1.0882731007062272E-037  -8.5665960521328504E-067   1.4034729533333480E-047  -3.9062621626699244E-037  -4.0787797674522276E-043   1.7316110256036085E-037   2.1949471095216317E-038   6.2519391907763763E-042  -3.2957653317944436E-037  -6.3077860698757865E-038   7.3480680115142992E-038   8.6727863644050363E-039  -3.0339000177909590E-038   4.3999710053205471E-018   1.3246826992934463E-017   2.7817963073864266E-017   2.5911438575971705E-017  -2.2826059913273207E-033  -1.8924159536915986E-033  -7.5136695558834540E-034   7.8041896266052255E-034   1.3631423545658861E-032   1.2244351409573974E-032  -2.8891809697642480E-032  -1.3436135752330535E-032  -1.1304069555003550E-032  -1.4711951853038605E-062  -5.7780257826550661E-044  -1.7860774526697597E-033  -1.0882731007062272E-037   2.4107525718949389E-033   1.9998383056156361E-062   7.8542381095420532E-044   8.6695130661856254E-033   9.0659781535910627E-039  -3.8336759298075500E-033  -4.6518821588012630E-034  -1.3748530493222131E-037   7.4366535388263186E-033   1.3199462464764055E-033  -1.6393806010748719E-033   3.8680794883420972E-035   6.9470921888776462E-034   2.8756760241276964E-046   1.0626481180516712E-046   2.1946200653855547E-046   2.0290779111906331E-046  -1.8059344060012024E-062  -1.6545865630518149E-062   6.3066768442803329E-063   6.1986791671750016E-063   9.1278694926469782E-062   6.5720300243533653E-062  -2.3442163573256962E-061  -1.1354910354062647E-061  -9.5483918851162083E-062  -1.6805987717582460E-091  -1.8021634398008089E-071  -1.7402321242126801E-062  -8.5665960521328504E-067   1.9998383056156361E-062   2.2844866770268591E-091   2.4497330577854764E-071   7.2917499016872988E-062   7.7082126427101005E-068  -3.1667237942642555E-062  -2.5707627924754998E-063  -1.0787739875157873E-066   7.0008543335199099E-062   6.2127719192981481E-063  -1.4311575011504812E-062   1.4453014965840108E-062   7.1490314179348184E-063   9.5853888383909919E-026  -9.4999880039023047E-028  -3.4020705196762338E-027  -3.7457701687096230E-027   2.5957612888017326E-043  -3.8467322026432996E-043   4.7558068593668293E-042  -7.9515125601530382E-044  -7.8666202380788912E-042  -1.3268611239401079E-041   1.0601517185628427E-042  -1.2343813328485772E-042  -1.0205746113010251E-042  -1.8021634398008093E-071  -6.6892617804408411E-051  -1.0439822114067374E-042   1.4034729533333480E-047   7.8542381095420532E-044   2.4497330577854764E-071   9.0929076430149342E-051   6.6351723783618964E-043   1.0102837546927772E-048  -7.3438488060326499E-044   4.7592537710927809E-043   1.9054791038786860E-047   3.4131604391298636E-042  -1.7627440549913994E-042  -3.2487491151386371E-043   5.3886308192056645E-042   5.5102513289858256E-043   1.9835263894152739E-017   4.7580129693309599E-017   9.9857945275082845E-017   9.2989925871236408E-017  -8.1946754155417699E-033  -6.8190193305721577E-033  -2.5016668784697151E-033   2.8021321367551152E-033   4.8672742538217525E-032   4.3460018840107199E-032  -1.0381640259287870E-031  -4.8352228992567788E-032  -4.0678872933572304E-032  -5.3642273566211339E-062  -4.8812114605946289E-043  -6.4643896079615507E-033  -3.9062621626699244E-037   8.6695130661856254E-033   7.2917499016872988E-062   6.6351723783618964E-043   3.1193149907973852E-032   3.2632906707558153E-038  -1.3784451889374819E-032  -1.6523170888550592E-033  -4.9343609865430909E-037   2.6876506407722187E-032   4.6710750162946110E-033  -5.9068961609966180E-033   3.6494002178650709E-034   2.5204530996986237E-033   2.4073908985368540E-023   4.9707923295322066E-023   1.0427457506178556E-022   9.7082672981540843E-023  -8.5578015855248655E-039  -7.1421034238561792E-039  -2.4496749206532724E-039   2.9266234406629499E-039   5.0609307591371243E-038   4.4971737813808023E-038  -1.0849435774043497E-037  -5.0591152179159055E-038  -4.2561861815652312E-038  -5.6706011158049196E-068  -7.4322238529037782E-049  -6.7943264318230215E-039  -4.0787797674522276E-043   9.0659781535910627E-039   7.7082126427101005E-068   1.0102837546927772E-048   3.2632906707558153E-038   3.4150125830368963E-044  -1.4413036647145928E-038  -1.7107852226406927E-039  -5.1518221099424812E-043   2.8215968648227611E-038   4.8218319822638606E-039  -6.1864734511164030E-039   5.6915645521874440E-040   2.6541084418269635E-039  -6.4551696199020485E-018  -2.1073459812281758E-017  -4.4261637202955922E-017  -4.1231399208861599E-017   3.6317826100470105E-033   3.0075674542909487E-033   1.2219164397136527E-033  -1.2416477959316967E-033  -2.1724288442514075E-032  -1.9548836617745766E-032   4.5956251263682545E-032   2.1362174819627007E-032   1.7972494365713339E-032   2.3296227431119961E-062   5.4025542838618237E-044   2.8347115537889135E-033   1.7316110256036085E-037  -3.8336759298075500E-033  -3.1667237942642555E-062  -7.3438488060326499E-044  -1.3784451889374819E-032  -1.4413036647145928E-038   6.0967573628314610E-033   7.4254119056173829E-034   2.1876790697476648E-037  -1.1808115144207733E-032  -2.1092545327243753E-033   2.6054722979986475E-033  -3.1012486278992321E-035  -1.1017632488078769E-033   4.3214643718614329E-018  -2.6307955076203387E-018  -5.6006110864571423E-018  -5.2479325467254485E-018   4.5850093556411208E-034   3.4771778324319235E-034   4.0322859320230100E-034  -1.5626184691312359E-034  -3.0793372169142691E-033  -3.1010688428027449E-033   5.6831989819031423E-033   2.5496532954496730E-033   2.1460392760092104E-033   1.8911998196194023E-063  -3.5011786773008565E-043   2.9139376619356838E-034   2.1949471095216317E-038  -4.6518821588012630E-034  -2.5707627924754998E-063   4.7592537710927809E-043  -1.6523170888550592E-033  -1.7107852226406927E-039   7.4254119056173829E-034   1.1629385141999470E-034   2.7801064022561966E-038  -1.2637078654643208E-033  -3.5225256649684207E-034   3.0167618099169997E-034   2.8357396104075565E-034  -1.0550889494885250E-034  -3.1448403814633908E-024  -7.5904379850120895E-022  -1.5976134192610246E-021  -1.4896132567347870E-021   1.3104164946555228E-037   1.0708828498210971E-037   5.5226200306126083E-038  -4.4779004179116475E-038  -7.9891628142901094E-037  -7.3367976462318589E-037   1.6528824962244660E-036   7.6420089471858847E-037   6.4298277667755974E-037   7.9360770918711817E-067  -1.4017791715717992E-047   9.9307937645778129E-038   6.2519391907763763E-042  -1.3748530493222131E-037  -1.0787739875157873E-066   1.9054791038786860E-047  -4.9343609865430909E-037  -5.1518221099424812E-043   2.1876790697476648E-037   2.7801064022561966E-038   7.9017193345405158E-042  -4.1590351834315640E-037  -7.9951494542608115E-038   9.2791139385979865E-038   1.1741433376275199E-038  -3.8251335137261079E-038   4.6958489457903510E-017   4.0381694364323685E-017   8.4309597990734833E-017   7.8330157857175181E-017  -6.9248634969220732E-033  -5.9503709482417356E-033  -6.5035729634695946E-034   2.3708194224306270E-033   3.9151081694411694E-032   3.3003715841900205E-032  -8.8426882915923904E-032  -4.1725470144684353E-032  -3.5098154455831605E-032  -5.1502279757150119E-062  -2.5109156028350274E-042  -5.8535266230502819E-033  -3.2957653317944436E-037   7.4366535388263186E-033   7.0008543335199099E-062   3.4131604391298636E-042   2.6876506407722187E-032   2.8215968648227611E-038  -1.1808115144207733E-032  -1.2637078654643208E-033  -4.1590351834315640E-037   2.4046534640554453E-032   3.4418737222597924E-033  -5.1518281823108988E-033   1.9985318859419426E-033   2.3273409026370698E-033  -1.6603281290528024E-017   7.5274065944626895E-018   1.6086854214007457E-017   1.5098920545747011E-017  -1.3161188897250674E-033  -9.7197841019417449E-034  -1.3609695518708031E-033   4.4814454402110433E-034   9.1144206308391878E-033   9.4190635492251839E-033  -1.6216552053486801E-032  -7.1983678290380219E-033  -6.0596823520413911E-033  -4.5704695771634962E-063   1.2967751239408372E-042  -7.8209914638239137E-034  -6.3077860698757865E-038   1.3199462464764055E-033   6.2127719192981481E-063  -1.7627440549913994E-042   4.6710750162946110E-033   4.8218319822638606E-039  -2.1092545327243753E-033  -3.5225256649684207E-034  -7.9951494542608115E-038   3.4418737222597924E-033   1.0814049186291448E-033  -8.4367634051965779E-034  -1.0489929479656087E-033   2.7540828859555468E-034  -5.8502967188981027E-018  -8.9669627318537442E-018  -1.8788348803036571E-017  -1.7483448757721088E-017   1.5422647572584847E-033   1.2965431471702461E-033   3.6819794541846960E-034  -5.2757333906184931E-034  -9.0215750589867266E-033  -7.9183569957497027E-033   1.9587486799054550E-032   9.1607457574299511E-033   7.7065693267092740E-033   1.0528411318013655E-062   2.3899652502059609E-043   1.2440222444564646E-033   7.3480680115142992E-038  -1.6393806010748719E-033  -1.4311575011504812E-062  -3.2487491151386371E-043  -5.9068961609966180E-033  -6.1864734511164030E-039   2.6054722979986475E-033   3.0167618099169997E-034   9.2791139385979865E-038  -5.1518281823108988E-033  -8.4367634051965779E-034   1.1229323182319499E-033  -1.8718636152710106E-034  -4.8820139329325721E-034   5.6793189140665540E-017  -6.0624328377610682E-019  -2.1070077089610657E-018  -2.3044787156367455E-018   1.6128603846522362E-034  -2.2179992403782778E-034   2.8209680522779931E-033  -4.9671206215023671E-035  -4.7066153527937289E-033  -7.9035642096474611E-033   7.2258020302862624E-034  -6.8770591523255739E-034  -5.6795162286835239E-034  -1.0632462620183123E-062  -3.9641843514717931E-042  -6.1288463509347633E-034   8.6727863644050363E-039   3.8680794883420972E-035   1.4453014965840108E-062   5.3886308192056645E-042   3.6494002178650709E-034   5.6915645521874440E-040  -3.1012486278992321E-035   2.8357396104075565E-034   1.1741433376275199E-038   1.9985318859419426E-033  -1.0489929479656087E-033  -1.8718636152710106E-034   3.1934312570125122E-033   3.2429647431835029E-034   6.8312770593367195E-018   3.7370460403473873E-018   7.7659012909394322E-018   7.2001284368209574E-018  -6.3837006258107700E-034  -5.6411555402760029E-034   6.1339777696001257E-035   2.1879431062380368E-034   3.4451073048987320E-033   2.7340203727579346E-033  -8.2094471236846887E-033  -3.9182115390140137E-033  -3.2954214492945980E-033  -5.2592354952486822E-063  -4.0536553391613159E-043  -5.7199667246208685E-034  -3.0339000177909590E-038   6.9470921888776462E-034   7.1490314179348184E-063   5.5102513289858256E-043   2.5204530996986237E-033   2.6541084418269635E-039  -1.1017632488078769E-033  -1.0550889494885250E-034  -3.8251335137261079E-038   2.3273409026370698E-033   2.7540828859555468E-034  -4.8820139329325721E-034   3.2429647431835029E-034   2.3090874468275061E-034
