  0.97856052793188775       -9.5171100596910235E-003   5.2390887043963063E-003  -1.7423184527295874E-003   1.1245387007867487E-018  -1.9647923247494481E-018  -1.2664651056033230E-019   4.8600295396714881E-018   3.8825119552191677E-018   1.2872666716643302E-019  -4.5317200183318290E-017  -1.0036301288329694E-017  -7.1127209331646590E-017  -7.6797083791230212E-018  -2.7549457820292189E-016   3.4328284704952181E-018  -3.7709860057587171E-018  -1.2410194374254793E-016   1.0439212828942217E-017   3.0443165541915616E-016   3.0529749396921978E-017  -1.9463427826495043E-018   1.3840224286998960E-016   1.8517686328060426E-019  -2.0947136355976227E-018  -7.9325424755020588E-020   2.3386280669706725E-021   2.7150838117616364E-018   8.1476083642194527E-021   6.4946555991183274E-018  -9.5171100596910235E-003   9.2559817510416221E-005  -5.0953397760280650E-005   1.6945131139411977E-005  -1.0936838628048948E-020   1.9108827982869787E-020   1.2317161230954525E-021  -4.7266811507466098E-020  -3.7759844722102780E-020  -1.2519469405018051E-021   4.4073797116381345E-019   9.7609275284298913E-020   6.9175637083849359E-019   7.4689942813156720E-020   2.6793562041037693E-018  -3.3386393010139696E-020   3.6675185464724150E-020   1.2069686273935033E-018  -1.0152784073515876E-019  -2.9607872866089162E-018  -2.9692081052907141E-019   1.8929394705413605E-020  -1.3460479350066946E-018  -1.8009602247849258E-021   2.0372393576563413E-020   7.7148911730661766E-022  -2.2744613201475412E-023  -2.6405879575411899E-020  -7.9240561326762349E-023  -6.3164567108821659E-020   5.2390887043963063E-003  -5.0953397760280650E-005   2.8049415104186049E-005  -9.3281515701931042E-006   6.0206372899586570E-021  -1.0519248407489295E-020  -6.7804932243703568E-022   2.6019980509675281E-020   2.0786475592124201E-020   6.8918621654559950E-022  -2.4262253056237583E-019  -5.3733081616047031E-020  -3.8080603943039767E-019  -4.1116182672066253E-020  -1.4749629599670671E-018   1.8378927363758715E-020  -2.0189379832191827E-020  -6.6442603507553730E-019   5.5890218799737837E-020   1.6298883938615036E-018   1.6345239834218718E-019  -1.0420471903779932E-020   7.4098801922424071E-019   9.9141339246465118E-022  -1.1214830594483466E-020  -4.2469824292196942E-022   1.2520717461744006E-023   1.4536213676789294E-020   4.3621259728348809E-023   3.4771560692516942E-020  -1.7423184527295874E-003   1.6945131139411977E-005  -9.3281515701931042E-006   3.1021827511658227E-006  -2.0022313114653704E-021   3.4982955325485033E-021   2.2549300326820289E-022  -8.6532400460463989E-021  -6.9127785450512577E-021  -2.2919670389368830E-022   8.0686878176361373E-020   1.7869546576507418E-020   1.2664137349949781E-019   1.3673653533529215E-020   4.9051568454773732E-019  -6.1121210374588245E-021   6.7142075684415666E-021   2.2096242432670520E-019  -1.8586927047095714E-020  -5.4203789718844098E-019  -5.4357951514645201E-020   3.4654462843644594E-021  -2.4642398172464336E-019  -3.2970578385605775E-022   3.7296192890584814E-021   1.4123822428581019E-022  -4.1639067986583878E-024  -4.8341829564056895E-021  -1.4506745360550215E-023  -1.1563677433814319E-020   1.1245387007867487E-018  -1.0936838628048948E-020   6.0206372899586570E-021  -2.0022313114653704E-021   1.2922933773343144E-036  -2.2578930430180919E-036  -1.4553918575244672E-037   5.5850314296631893E-036   4.4616912549481848E-036   1.4792965270925445E-037  -5.2077458637273864E-035  -1.1533480954249382E-035  -8.1737712986890790E-035  -8.8253399116065964E-036  -3.1659187776647266E-034   3.9449255902371249E-036  -4.3335282617245376E-036  -1.4261502952331312E-034   1.1996497402879253E-035   3.4984568505633188E-034   3.5084068631623088E-035  -2.2366912639651095E-036   1.5904859632129299E-034   2.1280088794244769E-037  -2.4071955520969037E-036  -9.1158908976120988E-038   2.6874962692524191E-039   3.1201103407045273E-036   9.3630395493086240E-039   7.4635051803338874E-036  -1.9647923247494481E-018   1.9108827982869787E-020  -1.0519248407489295E-020   3.4982955325485033E-021  -2.2578930430180919E-036   3.9449873249568097E-036   2.5428584620220941E-037  -9.7581585042910951E-036  -7.7954602424895278E-036  -2.5846246646971735E-037   9.0989657315827861E-035   2.0151280556817769E-035   1.4281200905478767E-034   1.5419620604874022E-035   5.5314885212789189E-034  -6.8925680512221318E-036   7.5715340537095736E-036   2.4917676484169202E-034  -2.0960262198680564E-035  -6.1124985415307947E-034  -6.1298831885615981E-035   3.9079436085198485E-036  -2.7788946800641062E-034  -3.7180539098980874E-037   4.2058484440082505E-036   1.5927270850128011E-037  -4.6955894349618032E-039  -5.4514520891977469E-036  -1.6359088602230075E-038  -1.3040225012966106E-035  -1.2664651056033230E-019   1.2317161230954525E-021  -6.7804932243703568E-022   2.2549300326820289E-022  -1.4553918575244672E-037   2.5428584620220941E-037   1.6390747612726895E-038  -6.2899101777623921E-037  -5.0247948624748301E-037  -1.6659964046521186E-038   5.8650079456104846E-036   1.2989104923181562E-036   9.2053711657316549E-036   9.9391733119708870E-037   3.5654848128228581E-035  -4.4428089497867320E-037   4.8804566030322102E-037   1.6061426636495541E-035  -1.3510558008877815E-036  -3.9399920354875809E-035  -3.9511978248020065E-036   2.5189808370648313E-037  -1.7912188988710010E-035  -2.3965818057836708E-038   2.7110042250759132E-037   1.0266394318164064E-038  -3.0266812907960068E-040  -3.5138949592128990E-037  -1.0544735244138044E-039  -8.4054633866931530E-037   4.8600295396714881E-018  -4.7266811507466098E-020   2.6019980509675281E-020  -8.6532400460463989E-021   5.5850314296631893E-036  -9.7581585042910951E-036  -6.2899101777623921E-037   2.4137379806641359E-035   1.9282530055009776E-035   6.3932213400689100E-037  -2.2506827657518491E-034  -4.9845379348593959E-035  -3.5325391588885020E-034  -3.8141339767179344E-035  -1.3682462656809017E-033   1.7049173040416475E-035  -1.8728635438022503E-035  -6.1635340411095481E-034   5.1846443087992726E-035   1.5119625162840962E-033   1.5162627111210870E-034  -9.6665286898445202E-036   6.8737596653986003E-034   9.1968253359805127E-037  -1.0403413846737240E-035  -3.9397042548932874E-037   1.1614817033140551E-038   1.3484487827986328E-035   4.0465169192413214E-038   3.2255764626452328E-035   3.8825119552191677E-018  -3.7759844722102780E-020   2.0786475592124201E-020  -6.9127785450512577E-021   4.4616912549481848E-036  -7.7954602424895278E-036  -5.0247948624748301E-037   1.9282530055009776E-035   1.5404156055913359E-035   5.1073266288948665E-037  -1.7979937517062822E-034  -3.9819774685244388E-035  -2.8220251347672964E-034  -3.0469816371560523E-035  -1.0930453078170304E-033   1.3620003256295355E-035  -1.4961668524751154E-035  -4.9238372741713146E-034   4.1418356304543855E-035   1.2078553221536702E-033   1.2112906012457222E-034  -7.7222603067402931E-036   5.4912123188488477E-034   7.3470303062027200E-037  -8.3109327433800334E-036  -3.1472954525879149E-037   9.2786814608331722E-039   1.0772297734985186E-035   3.2326244496474852E-038   2.5768030989252341E-035   1.2872666716643302E-019  -1.2519469405018051E-021   6.8918621654559950E-022  -2.2919670389368830E-022   1.4792965270925445E-037  -2.5846246646971735E-037  -1.6659964046521186E-038   6.3932213400689100E-037   5.1073266288948665E-037   1.6933602334030596E-038  -5.9613401301208747E-036  -1.3202449706971876E-036  -9.3565684909266812E-036  -1.0102423265977533E-036  -3.6240475537505846E-035   4.5157816542509396E-037  -4.9606176275931600E-037  -1.6325234005316749E-035   1.3732467608833876E-036   4.0047060210868876E-035   4.0160958643998469E-036  -2.5603548520746283E-037   1.8206394948982716E-035   2.4359454286210078E-038  -2.7555322055390797E-037  -1.0435018845340363E-038   3.0763942363304322E-040   3.5716103418176863E-037   1.0717931493925185E-039   8.5435223044936421E-037  -4.5317200183318290E-017   4.4073797116381345E-019  -2.4262253056237583E-019   8.0686878176361373E-020  -5.2077458637273864E-035   9.0989657315827861E-035   5.8650079456104846E-036  -2.2506827657518491E-034  -1.7979937517062822E-034  -5.9613401301208747E-036   2.0986424179556588E-033   4.6478174992869662E-034   3.2939055804500710E-033   3.5564778266883942E-034   1.2758171409412942E-032  -1.5897450443990751E-034   1.7463460136965018E-034   5.7471688947087817E-033  -4.8344060895778035E-034  -1.4098249292688758E-032  -1.4138346330919590E-033   9.0135257849705197E-035  -6.4094166553140544E-033  -8.5755522965363312E-036   9.7006321470705429E-035   3.6735654572613573E-036  -1.0830201427521033E-037  -1.2573570371995741E-034  -3.7731626068848679E-037  -3.0076791318057357E-034  -1.0036301288329694E-017   9.7609275284298913E-020  -5.3733081616047031E-020   1.7869546576507418E-020  -1.1533480954249382E-035   2.0151280556817769E-035   1.2989104923181562E-036  -4.9845379348593959E-035  -3.9819774685244388E-035  -1.3202449706971876E-036   4.6478174992869662E-034   1.0293419842205135E-034   7.2949407039662234E-034   7.8764537194528605E-035   2.8255243403178462E-033  -3.5207736075211982E-035   3.8675943518645346E-035   1.2728129352405753E-033  -1.0706653515412710E-034  -3.1223084605189450E-033  -3.1311886639478063E-034   1.9962058574261317E-035  -1.4194794995046845E-033  -1.8992088260904586E-036   2.1483778018372623E-035   8.1357651360481587E-037  -2.3985410418164185E-038  -2.7846411519884125E-035  -8.3563407667219109E-038  -6.6610412433502438E-035  -7.1127209331646590E-017   6.9175637083849359E-019  -3.8080603943039767E-019   1.2664137349949781E-019  -8.1737712986890790E-035   1.4281200905478767E-034   9.2053711657316549E-036  -3.5325391588885020E-034  -2.8220251347672964E-034  -9.3565684909266812E-036   3.2939055804500710E-033   7.2949407039662234E-034   5.1699202684987190E-033   5.5820382071031575E-034   2.0024474699573022E-032  -2.4951702245396999E-034   2.7409618859772715E-034   9.0204179292778879E-033  -7.5877991697767092E-034  -2.2127782047310613E-032  -2.2190715997781659E-033   1.4147099395601895E-034  -1.0059843024108101E-032  -1.3459681994095320E-035   1.5225541087773882E-034   5.7658120584492368E-036  -1.6998446526331285E-037  -1.9734735779734684E-034  -5.9221338806591294E-037  -4.7206760864525024E-034  -7.6797083791230212E-018   7.4689942813156720E-020  -4.1116182672066253E-020   1.3673653533529215E-020  -8.8253399116065964E-036   1.5419620604874022E-035   9.9391733119708870E-037  -3.8141339767179344E-035  -3.0469816371560523E-035  -1.0102423265977533E-036   3.5564778266883942E-034   7.8764537194528605E-035   5.5820382071031575E-034   6.0270079473793649E-035   2.1620716963715557E-033  -2.6940716303641037E-035   2.9594564668560420E-035   9.7394766089669722E-034  -8.1926572700933927E-035  -2.3891688539020220E-033  -2.3959639241895439E-034   1.5274829251644839E-035  -1.0861759021737902E-033  -1.4532614671892421E-036   1.6439238452791982E-035   6.2254312511062896E-037  -1.8353470274878126E-038  -2.1307881632293306E-035  -6.3942141991715601E-038  -5.0969827210871244E-035  -2.7549457820292189E-016   2.6793562041037693E-018  -1.4749629599670671E-018   4.9051568454773732E-019  -3.1659187776647266E-034   5.5314885212789189E-034   3.5654848128228581E-035  -1.3682462656809017E-033  -1.0930453078170304E-033  -3.6240475537505846E-035   1.2758171409412942E-032   2.8255243403178462E-033   2.0024474699573022E-032   2.1620716963715557E-033   7.7560110440596717E-032  -9.6644571748748119E-034   1.0616473579424104E-033   3.4938475106667823E-032  -2.9389562045365333E-033  -8.5706778586878959E-032  -8.5950538496800668E-033   5.4795474438107407E-034  -3.8964444644409462E-032  -5.2132924214965980E-035   5.8972565622945676E-034   2.2332521913425403E-035  -6.5839499396653037E-037  -7.6437874628733949E-034  -2.2937997861073267E-036  -1.8284432631201410E-033   3.4328284704952181E-018  -3.3386393010139696E-020   1.8378927363758715E-020  -6.1121210374588245E-021   3.9449255902371249E-036  -6.8925680512221318E-036  -4.4428089497867320E-037   1.7049173040416475E-035   1.3620003256295355E-035   4.5157816542509396E-037  -1.5897450443990751E-034  -3.5207736075211982E-035  -2.4951702245396999E-034  -2.6940716303641037E-035  -9.6644571748748119E-034   1.2042496065877264E-035  -1.3228765878965240E-035  -4.3535445540969889E-034   3.6621165462793038E-035   1.0679581121584031E-033   1.0709955075372996E-034  -6.8278463384813375E-036   4.8552046208996898E-034   6.4960765348886522E-037  -7.3483370732429305E-036  -2.7827668167718581E-037   8.2039984048436051E-039   9.5246198295919494E-036   2.8582127687337399E-038   2.2783504965025943E-035  -3.7709860057587171E-018   3.6675185464724150E-020  -2.0189379832191827E-020   6.7142075684415666E-021  -4.3335282617245376E-036   7.5715340537095736E-036   4.8804566030322102E-037  -1.8728635438022503E-035  -1.4961668524751154E-035  -4.9606176275931600E-037   1.7463460136965018E-034   3.8675943518645346E-035   2.7409618859772715E-034   2.9594564668560420E-035   1.0616473579424104E-033  -1.3228765878965240E-035   1.4531891538361626E-035   4.7823990420874390E-034  -4.0228605554196272E-035  -1.1731594311512067E-033  -1.1764960311492025E-034   7.5004368010760731E-036  -5.3334761226408010E-034  -7.1359853589972182E-037   8.0721995016545532E-036   3.0568887474364788E-037  -9.0121494394006512E-039  -1.0462861280797356E-035  -3.1397666516151160E-038  -2.5027839032357141E-035  -1.2410194374254793E-016   1.2069686273935033E-018  -6.6442603507553730E-019   2.2096242432670520E-019  -1.4261502952331312E-034   2.4917676484169202E-034   1.6061426636495541E-035  -6.1635340411095481E-034  -4.9238372741713146E-034  -1.6325234005316749E-035   5.7471688947087817E-033   1.2728129352405753E-033   9.0204179292778879E-033   9.7394766089669722E-034   3.4938475106667823E-032  -4.3535445540969889E-034   4.7823990420874390E-034   1.5738722338645700E-032  -1.3239105463939644E-033  -3.8608301781929787E-032  -3.8718108221044206E-033   2.4683697698962942E-034  -1.7552299391018796E-032  -2.3484299655780319E-035   2.6565350465452099E-034   1.0060123129130038E-035  -2.9658695657315460E-037  -3.4432941943372385E-034  -1.0332871661905570E-036  -8.2365818034007998E-034   1.0439212828942217E-017  -1.0152784073515876E-019   5.5890218799737837E-020  -1.8586927047095714E-020   1.1996497402879253E-035  -2.0960262198680564E-035  -1.3510558008877815E-036   5.1846443087992726E-035   4.1418356304543855E-035   1.3732467608833876E-036  -4.8344060895778035E-034  -1.0706653515412710E-034  -7.5877991697767092E-034  -8.1926572700933927E-035  -2.9389562045365333E-033   3.6621165462793038E-035  -4.0228605554196272E-035  -1.3239105463939644E-033   1.1136476628407095E-034   3.2476548481924633E-033   3.2568915511266389E-034  -2.0763443819969860E-035   1.4764651016286827E-033   1.9754533640015323E-036  -2.2346253331825532E-035  -8.4623788526808505E-037   2.4948314817521307E-038   2.8964317433993451E-035   8.6918095849127504E-038   6.9284515484357018E-035   3.0443165541915616E-016  -2.9607872866089162E-018   1.6298883938615036E-018  -5.4203789718844098E-019   3.4984568505633188E-034  -6.1124985415307947E-034  -3.9399920354875809E-035   1.5119625162840962E-033   1.2078553221536702E-033   4.0047060210868876E-035  -1.4098249292688758E-032  -3.1223084605189450E-033  -2.2127782047310613E-032  -2.3891688539020220E-033  -8.5706778586878959E-032   1.0679581121584031E-033  -1.1731594311512067E-033  -3.8608301781929787E-032   3.2476548481924633E-033   9.4709146931480038E-032   9.4978510609656056E-033  -6.0551017379311062E-034   4.3057146398171251E-032   5.7608801320632231E-035  -6.5166856981426295E-034  -2.4678259224328250E-035   7.2755071711531189E-037   8.4466666682664283E-034   2.5347332446245344E-036   2.0204971475760411E-033   3.0529749396921978E-017  -2.9692081052907141E-019   1.6345239834218718E-019  -5.4357951514645201E-020   3.5084068631623088E-035  -6.1298831885615981E-035  -3.9511978248020065E-036   1.5162627111210870E-034   1.2112906012457222E-034   4.0160958643998469E-036  -1.4138346330919590E-033  -3.1311886639478063E-034  -2.2190715997781659E-033  -2.3959639241895439E-034  -8.5950538496800668E-033   1.0709955075372996E-034  -1.1764960311492025E-034  -3.8718108221044206E-033   3.2568915511266389E-034   9.4978510609656056E-033   9.5248640389032128E-034  -6.0723231418683534E-035   4.3179605861711404E-033   5.7772647360025480E-036  -6.5352198998120696E-035  -2.4748447024461803E-036   7.2961995481379479E-038   8.4706899572074335E-035   2.5419423167372952E-037   2.0262436732395968E-034  -1.9463427826495043E-018   1.8929394705413605E-020  -1.0420471903779932E-020   3.4654462843644594E-021  -2.2366912639651095E-036   3.9079436085198485E-036   2.5189808370648313E-037  -9.6665286898445202E-036  -7.7222603067402931E-036  -2.5603548520746283E-037   9.0135257849705197E-035   1.9962058574261317E-035   1.4147099395601895E-034   1.5274829251644839E-035   5.4795474438107407E-034  -6.8278463384813375E-036   7.5004368010760731E-036   2.4683697698962942E-034  -2.0763443819969860E-035  -6.0551017379311062E-034  -6.0723231418683534E-035   3.8712477352606797E-036  -2.7528006579400680E-034  -3.6831411146492187E-037   4.1663552227877284E-036   1.5777712624362793E-037  -4.6514975103990242E-039  -5.4002625596181729E-036  -1.6205475576526686E-038  -1.2917776356515791E-035   1.3840224286998960E-016  -1.3460479350066946E-018   7.4098801922424071E-019  -2.4642398172464336E-019   1.5904859632129299E-034  -2.7788946800641062E-034  -1.7912188988710010E-035   6.8737596653986003E-034   5.4912123188488477E-034   1.8206394948982716E-035  -6.4094166553140544E-033  -1.4194794995046845E-033  -1.0059843024108101E-032  -1.0861759021737902E-033  -3.8964444644409462E-032   4.8552046208996898E-034  -5.3334761226408010E-034  -1.7552299391018796E-032   1.4764651016286827E-033   4.3057146398171251E-032   4.3179605861711404E-033  -2.7528006579400680E-034   1.9574855396964137E-032   2.6190401588984729E-035  -2.9626482681635446E-034  -1.1219353723486404E-035   3.3076274841322676E-037   3.8400658763743505E-034   1.1523531140352198E-036   9.1856852583847362E-034   1.8517686328060426E-019  -1.8009602247849258E-021   9.9141339246465118E-022  -3.2970578385605775E-022   2.1280088794244769E-037  -3.7180539098980874E-037  -2.3965818057836708E-038   9.1968253359805127E-037   7.3470303062027200E-037   2.4359454286210078E-038  -8.5755522965363312E-036  -1.8992088260904586E-036  -1.3459681994095320E-035  -1.4532614671892421E-036  -5.2132924214965980E-035   6.4960765348886522E-037  -7.1359853589972182E-037  -2.3484299655780319E-035   1.9754533640015323E-036   5.7608801320632231E-035   5.7772647360025480E-036  -3.6831411146492187E-037   2.6190401588984729E-035   3.5041747255955507E-038  -3.9639091240565301E-037  -1.5011062591683387E-038   4.4254780104083144E-040   5.1378600449839683E-037   1.5418040244414898E-039   1.2290092616695613E-036  -2.0947136355976227E-018   2.0372393576563413E-020  -1.1214830594483466E-020   3.7296192890584814E-021  -2.4071955520969037E-036   4.2058484440082505E-036   2.7110042250759132E-037  -1.0403413846737240E-035  -8.3109327433800334E-036  -2.7555322055390797E-037   9.7006321470705429E-035   2.1483778018372623E-035   1.5225541087773882E-034   1.6439238452791982E-035   5.8972565622945676E-034  -7.3483370732429305E-036   8.0721995016545532E-036   2.6565350465452099E-034  -2.2346253331825532E-035  -6.5166856981426295E-034  -6.5352198998120696E-035   4.1663552227877284E-036  -2.9626482681635446E-034  -3.9639091240565301E-037   4.4839589273357888E-036   1.6980456920236683E-037  -5.0060838963410084E-039  -5.8119277448347409E-036  -1.7440828493368032E-038  -1.3902506031727597E-035  -7.9325424755020588E-020   7.7148911730661766E-022  -4.2469824292196942E-022   1.4123822428581019E-022  -9.1158908976120988E-038   1.5927270850128011E-037   1.0266394318164064E-038  -3.9397042548932874E-037  -3.1472954525879149E-037  -1.0435018845340363E-038   3.6735654572613573E-036   8.1357651360481587E-037   5.7658120584492368E-036   6.2254312511062896E-037   2.2332521913425403E-035  -2.7827668167718581E-037   3.0568887474364788E-037   1.0060123129130038E-035  -8.4623788526808505E-037  -2.4678259224328250E-035  -2.4748447024461803E-036   1.5777712624362793E-037  -1.1219353723486404E-035  -1.5011062591683387E-038   1.6980456920236683E-037   6.4303871175584768E-039  -1.8957709764620085E-040  -2.2009387305724566E-037  -6.6047267979958098E-040  -5.2647874028441677E-037   2.3386280669706725E-021  -2.2744613201475412E-023   1.2520717461744006E-023  -4.1639067986583878E-024   2.6874962692524191E-039  -4.6955894349618032E-039  -3.0266812907960068E-040   1.1614817033140551E-038   9.2786814608331722E-039   3.0763942363304322E-040  -1.0830201427521033E-037  -2.3985410418164185E-038  -1.6998446526331285E-037  -1.8353470274878126E-038  -6.5839499396653037E-037   8.2039984048436051E-039  -9.0121494394006512E-039  -2.9658695657315460E-037   2.4948314817521307E-038   7.2755071711531189E-037   7.2961995481379479E-038  -4.6514975103990242E-039   3.3076274841322676E-037   4.4254780104083144E-040  -5.0060838963410084E-039  -1.8957709764620085E-040   5.5890065862166726E-042   6.4886851912807184E-039   1.9471688317040810E-041   1.5521353494102458E-038   2.7150838117616364E-018  -2.6405879575411899E-020   1.4536213676789294E-020  -4.8341829564056895E-021   3.1201103407045273E-036  -5.4514520891977469E-036  -3.5138949592128990E-037   1.3484487827986328E-035   1.0772297734985186E-035   3.5716103418176863E-037  -1.2573570371995741E-034  -2.7846411519884125E-035  -1.9734735779734684E-034  -2.1307881632293306E-035  -7.6437874628733949E-034   9.5246198295919494E-036  -1.0462861280797356E-035  -3.4432941943372385E-034   2.8964317433993451E-035   8.4466666682664283E-034   8.4706899572074335E-035  -5.4002625596181729E-036   3.8400658763743505E-034   5.1378600449839683E-037  -5.8119277448347409E-036  -2.2009387305724566E-037   6.4886851912807184E-039   7.5331876715583202E-036   2.2606102476888072E-038   1.8019870796751183E-035   8.1476083642194527E-021  -7.9240561326762349E-023   4.3621259728348809E-023  -1.4506745360550215E-023   9.3630395493086240E-039  -1.6359088602230075E-038  -1.0544735244138044E-039   4.0465169192413214E-038   3.2326244496474852E-038   1.0717931493925185E-039  -3.7731626068848679E-037  -8.3563407667219109E-038  -5.9221338806591294E-037  -6.3942141991715601E-038  -2.2937997861073267E-036   2.8582127687337399E-038  -3.1397666516151160E-038  -1.0332871661905570E-036   8.6918095849127504E-038   2.5347332446245344E-036   2.5419423167372952E-037  -1.6205475576526686E-038   1.1523531140352198E-036   1.5418040244414898E-039  -1.7440828493368032E-038  -6.6047267979958098E-040   1.9471688317040810E-041   2.2606102476888072E-038   6.7837931494125619E-041   5.4075255205658957E-038   6.4946555991183274E-018  -6.3164567108821659E-020   3.4771560692516942E-020  -1.1563677433814319E-020   7.4635051803338874E-036  -1.3040225012966106E-035  -8.4054633866931530E-037   3.2255764626452328E-035   2.5768030989252341E-035   8.5435223044936421E-037  -3.0076791318057357E-034  -6.6610412433502438E-035  -4.7206760864525024E-034  -5.0969827210871244E-035  -1.8284432631201410E-033   2.2783504965025943E-035  -2.5027839032357141E-035  -8.2365818034007998E-034   6.9284515484357018E-035   2.0204971475760411E-033   2.0262436732395968E-034  -1.2917776356515791E-035   9.1856852583847362E-034   1.2290092616695613E-036  -1.3902506031727597E-035  -5.2647874028441677E-037   1.5521353494102458E-038   1.8019870796751183E-035   5.4075255205658957E-038   4.3104693217397996E-035
