   1.0001137893703342        1.5259078949693677E-006  -3.7514062359661411E-006  -8.3853515104944558E-004  -2.0155797879479792E-004   9.1769298602758718E-018   2.8378969933582372E-016  -8.2263151765428947E-018  -2.5574494275624226E-019  -5.4120231697873513E-018   9.5820151934622070E-020   3.5266219812144984E-019   8.6326686157516725E-018  -1.8947353256602498E-019  -1.5775709914116172E-019  -3.7643683142248428E-018   7.8963549857484330E-020  -1.1987929550873286E-016  -5.5526637038467869E-017   3.4535806679831757E-019  -8.4020179587726179E-020  -4.7921688321678681E-019   1.8042563991425849E-019   1.1504052511050268E-019  -4.7991939116418261E-019   1.7631355734588505E-019   1.7185633065268227E-019   4.9448732917877208E-023  -2.1476345370064491E-023  -6.3658314210449841E-023   4.6353366990694741E-024   7.9674255767085672E-023   5.3679504440659754E-023   3.4517035104666413E-023   1.5259078949693677E-006  0.97906652999433863       -1.9126566563647407E-006   2.0924066673317934E-002   2.7295602774089511E-003   8.1992004705239841E-017   2.6206625435411996E-015  -7.2089947136668356E-017   1.0005237583653091E-017   4.6168211370152189E-016  -9.2844404720363053E-018  -1.0627569064010064E-017  -4.2977481111405900E-016   7.2773803532106800E-018   5.3804220291717060E-018   2.0292507545175421E-016  -3.7210523835852920E-018  -1.5056430666138677E-017   8.5411090799626794E-018   2.8365716347366254E-017  -6.3338107498606142E-018   1.8881745542125757E-017   1.0118331575557787E-017  -1.4824972749444398E-017  -4.4720820497833252E-017   1.2363270596480249E-017  -3.6177611406376996E-017  -1.2234466966324167E-020   5.5287244397364422E-021   1.6018475331252036E-020  -1.2646887789479037E-021  -1.9985812741146496E-020  -1.3349230989769675E-020  -9.1112195921312168E-021  -3.7514062359661411E-006  -1.9126566563647407E-006  0.28763323217364584       0.13936319028117916       0.17478636506644457        9.0199947915246323E-017   2.8098784197566468E-015  -7.7353438237620210E-017  -2.3326950420758777E-017  -6.1697644276805500E-016   7.5356616223060057E-018   1.6805240710895030E-017   3.9675793242888881E-016  -6.3363677521966036E-018  -1.4188625730639387E-017  -2.9907548804677852E-016   4.3660293108956689E-018  -2.1085213087674825E-015  -1.2813992460539387E-015   3.6555376246519789E-017   1.1464084971211840E-016   5.0738740376776274E-017   4.2249644763709188E-017  -9.8902194593648443E-017  -1.2940451486965552E-017   4.8419130454836138E-018   4.0437977143698361E-017  -2.2370328864986509E-019   1.0339094703308157E-019   2.9576156364501724E-019  -2.4384270600805803E-020  -3.6835350836240648E-019  -2.4481346715995750E-019  -1.7270223291797983E-019  -8.3853515104944558E-004   2.0924066673317934E-002  0.13936319028117916        6.7971751863160693E-002   8.4745493758767443E-002  -6.3762656846758338E-017  -2.0296929489984511E-015   6.9194759287035626E-017  -1.1088757568480928E-017  -2.8907966745531188E-016   3.4531420130804147E-018   7.2268181427691802E-018   1.6132329333582692E-016  -2.2325287689623697E-018  -6.5881419402969505E-018  -1.3515842260461299E-016   1.8660303141729751E-018  -1.0218361865017294E-015  -6.2063088395100553E-016   1.8317660261510419E-017   5.5410157036817540E-017   2.4987737870826053E-017   2.0686778611165541E-017  -4.8236748825534537E-017  -7.2252598343671211E-018   2.6100749749113501E-018   1.8819546697428154E-017  -1.0864959649855606E-019   5.0212864919472898E-020   1.4364395026399798E-019  -1.1841630101852795E-020  -1.7890079584180916E-019  -1.1890166830983790E-019  -8.3871947607892716E-020  -2.0155797879479792E-004   2.7295602774089511E-003  0.17478636506644457        8.4745493758767443E-002  0.10622025591186827       -6.6985728309854143E-017  -1.7820612058685617E-015   2.7926400875507106E-017  -1.4147713352185918E-017  -3.7364594363116787E-016   4.5536327326806913E-018   9.4134243494228643E-018   2.1786327958641924E-016  -3.3566619110963205E-018  -8.4155060082403175E-018  -1.7568584271001971E-016   2.5248245205252739E-018  -1.2813053284959386E-015  -7.7863425633600084E-016   2.2292687755015361E-017   6.9646269177566507E-017   3.0885219094082822E-017   2.5702068443694694E-017  -6.0141365436955987E-017  -7.9881725026290260E-018   2.9767374437074427E-018   2.4472047891955680E-017  -1.3597213097974597E-019   6.2843103166032234E-020   1.7977041080090515E-019  -1.4821142024291902E-020  -2.2389349791133737E-019  -1.4880328400010467E-019  -1.0497155513144595E-019   9.1769298602758718E-018   8.1992004705239841E-017   9.0199947915246323E-017  -6.3762656846758338E-017  -6.6985728309854143E-017  0.99820877691330145       -3.2265856653168612E-016   2.3765711620882257E-016   4.5732940978456455E-006  -4.0292086751466181E-016  -1.4587039596541514E-016   6.2900807935742497E-003   2.2009304101455722E-017  -1.9393666360334461E-017  -1.5663184465206856E-003   1.2031255982800084E-016   1.0626536543073550E-016   8.0916365020252431E-017  -1.0005899184346055E-016   8.2602974495085197E-017  -3.2246319552711094E-018   2.5060177288880077E-017  -2.4199231735783779E-016   1.8260391582594146E-017  -1.8164767607834939E-016  -1.1953187341087519E-017   2.9717617074771422E-017  -1.2714854764637725E-016   9.8646008585968031E-018  -2.2840714900824184E-017  -5.2480485118457477E-017  -4.8484721018722618E-017  -5.4663738770264544E-017   1.1003536739026346E-016   2.8378969933582372E-016   2.6206625435411996E-015   2.8098784197566468E-015  -2.0296929489984511E-015  -1.7820612058685617E-015  -3.2265856653168612E-016  0.99820877691331411        2.9081012771492443E-016  -2.9347626979552544E-017   4.5732941062445311E-006  -2.4120878966995257E-017   1.5612511283791242E-017   6.2900807935661138E-003  -1.0189594597232412E-017  -2.3466200770733118E-017  -1.5663184465171071E-003  -1.9832217668775432E-018   1.3946001899854979E-017  -1.1876541346550068E-018   3.0142880497978129E-017  -5.8041480461514641E-019  -1.0427850621584428E-016  -1.2362641343797056E-017   2.5961615257637877E-018   8.0679806015668125E-017  -1.1322126749847837E-018   1.5433235973892945E-016  -1.1545697476873402E-016  -1.8502659703754609E-018  -1.2773228065763243E-016   2.5925063804568718E-018   4.0421590212462374E-018   4.0180829751388083E-018  -2.2839543460283345E-018  -8.2263151765428947E-018  -7.2089947136668356E-017  -7.7353438237620210E-017   6.9194759287035626E-017   2.7926400875507106E-017   2.3765711620882257E-016   2.9081012771492443E-016  0.99820877691329812        2.8678657563167869E-016   4.3329389012220686E-016   4.5732940953992094E-006   1.7883914835148396E-016  -2.5381871660067144E-016   6.2900807935762403E-003  -3.2699198708983912E-016   2.1582717133394784E-017  -1.5663184465215204E-003   1.4951811644166547E-016   1.4671917687071273E-016  -1.9782444799185711E-017  -3.3059713536511230E-017  -5.3802856142781321E-017  -1.3944338219284960E-016  -1.5056875149550412E-016  -6.4772784300642138E-017  -1.3228010202667558E-017   2.8652495365844039E-017  -2.3806571379049860E-017   5.4499885501547630E-018  -3.6309999426044100E-017   1.4916837888106610E-016   4.3708468406817894E-017  -3.8358007585331347E-017  -1.2284561586790158E-016  -2.5574494275624226E-019   1.0005237583653091E-017  -2.3326950420758777E-017  -1.1088757568480928E-017  -1.4147713352185918E-017   4.5732940978456455E-006  -2.9347626979552544E-017   2.8678657563167869E-016   2.0952549595951281E-011  -1.9804316421927103E-021   6.4560252789836551E-022   2.8818008850991952E-008  -1.8482027298520374E-019   1.8070520194914735E-018  -7.1760888828990610E-009   4.6599142260016239E-020  -4.4951659558667632E-019   3.7071837408962129E-022  -4.5842032976622324E-022   3.7844557616672831E-022  -1.4773653216291162E-023   1.1481321695478371E-022  -1.1086879441810959E-021   8.3659994727615633E-023  -8.3221893468584185E-022  -5.4763534829360703E-023   1.3615128008630858E-022  -5.8253114574121673E-022   4.5194674630426655E-023  -1.0464474874305317E-022  -2.4043937335812296E-022  -2.2213277781811127E-022  -2.5044195130037286E-022   5.0412710030571769E-022  -5.4120231697873513E-018   4.6168211370152189E-016  -6.1697644276805500E-016  -2.8907966745531188E-016  -3.7364594363116787E-016  -4.0292086751466181E-016   4.5732941062445311E-006   4.3329389012220686E-016  -1.9804316421927103E-021   2.0952549672910017E-011   1.8746202270181263E-021  -2.5388717613612132E-018   2.8818008903878780E-008   2.7302890994228878E-018   6.3212501346330651E-019  -7.1760888960615113E-009  -6.7990104592293655E-019   6.3893620563058208E-023  -5.4412352685536441E-024   1.3809962485616461E-022  -2.6591710351493890E-024  -4.7775203849913712E-022  -5.6639448732008091E-023   1.1894315709727939E-023   3.6963457938842996E-022  -5.1872330505841318E-024   7.0707379800465885E-022  -5.2896619866040309E-022  -8.4769946476534831E-024  -5.8520551995367546E-022   1.1877569612879632E-023   1.8519154003819419E-023   1.8408849550841357E-023  -1.0463938294672008E-023   9.5820151934622070E-020  -9.2844404720363053E-018   7.5356616223060057E-018   3.4531420130804147E-018   4.5536327326806913E-018  -1.4587039596541514E-016  -2.4120878966995257E-017   4.5732940953992094E-006   6.4560252789836551E-022   1.8746202270181263E-021   2.0952549573534655E-011  -9.1837055424452160E-019  -1.5316578831188227E-019   2.8818008835585273E-008   2.2739308130182065E-019   3.7949753630321308E-020  -7.1760888790641359E-009   6.8501733788113078E-022   6.7219399464764377E-022  -9.0633282432682757E-023  -1.5146309690453235E-022  -2.4649781689382867E-022  -6.3885993705687230E-022  -6.8983082306738927E-022  -2.9675654914201058E-022  -6.0604136480372737E-023   1.3127142427419422E-022  -1.0906982067904458E-022   2.4969125729485820E-023  -1.6635428360602241E-022   6.8341501511752125E-022   2.0025037358309147E-022  -1.7573723418446761E-022  -5.6281726098181904E-022   3.5266219812144984E-019  -1.0627569064010064E-017   1.6805240710895030E-017   7.2268181427691802E-018   9.4134243494228643E-018   6.2900807935742497E-003   1.5612511283791242E-017   1.7883914835148396E-016   2.8818008850991952E-008  -2.5388717613612132E-018  -9.1837055424452160E-019   3.9636113511280078E-005   2.4987471944003974E-019   9.9531665258300591E-019  -9.8699488573386190E-006   7.3040709832920739E-019   3.9135569141108869E-019   5.0988378911423598E-019  -6.3050852424398615E-019   5.2051173600206228E-019  -2.0319592451307014E-020   1.5791339797248878E-019  -1.5248826325810678E-018   1.1506544626061155E-019  -1.1446288441091020E-018  -7.5321431603382844E-020   1.8726163976522491E-019  -8.0120978294183837E-019   6.2160479683225586E-020  -1.4392774881568325E-019  -3.3069884689033666E-019  -3.0552006705923129E-019  -3.4445633147710913E-019   6.9337333736495008E-019   8.6326686157516725E-018  -4.2977481111405900E-016   3.9675793242888881E-016   1.6132329333582692E-016   2.1786327958641924E-016   2.2009304101455722E-017   6.2900807935661138E-003  -2.5381871660067144E-016  -1.8482027298520374E-019   2.8818008903878780E-008  -1.5316578831188227E-019   2.4987471944003974E-019   3.9636113511177025E-005  -1.6751267672035941E-018  -1.8560609456711693E-019  -9.8699488573031758E-006   3.8862806334120038E-019   8.7878889390018110E-020  -7.4838457007189807E-021   1.8994138107002261E-019  -3.6574072469472432E-021  -6.5709723687085473E-019  -7.7901551932593736E-020   1.6359369029607117E-020   5.0839314378406815E-019  -7.1344886619530494E-021   9.7250498520104828E-019  -7.2753688033252551E-019  -1.1659206683432485E-020  -8.0488809942885667E-019   1.6336336614165110E-020   2.5471131302501194E-020   2.5319419277234649E-020  -1.4392036713726910E-020  -1.8947353256602498E-019   7.2773803532106800E-018  -6.3363677521966036E-018  -2.2325287689623697E-018  -3.3566619110963205E-018  -1.9393666360334461E-017  -1.0189594597232412E-017   6.2900807935762403E-003   1.8070520194914735E-018   2.7302890994228878E-018   2.8818008835585273E-008   9.9531665258300591E-019  -1.6751267672035941E-018   3.9636113511305286E-005  -2.0277307012777904E-018   1.5484159322503228E-019  -9.8699488573470351E-006   9.4216866678897603E-019   9.2453151868446482E-019  -1.2465646361688001E-019  -2.0832141929283583E-019  -3.3903159328025925E-019  -8.7868405929547672E-019  -9.4878910484362995E-019  -4.0815714698059701E-019  -8.3354559524431493E-020   1.8054991596650557E-019  -1.5001396587125561E-019   3.4342383174132584E-020  -2.2880266662327688E-019   9.3996484173390031E-019   2.7542314193280209E-019  -2.4170791959816624E-019  -7.7409542654507233E-019  -1.5775709914116172E-019   5.3804220291717060E-018  -1.4188625730639387E-017  -6.5881419402969505E-018  -8.4155060082403175E-018  -1.5663184465206856E-003  -2.3466200770733118E-017  -3.2699198708983912E-016  -7.1760888828990610E-009   6.3212501346330651E-019   2.2739308130182065E-019  -9.8699488573386190E-006  -1.8560609456711693E-019  -2.0277307012777904E-018   2.4577558649577554E-006  -1.5116891130527657E-019   3.4576149604716538E-019  -1.2696822356990449E-019   1.5700547649893271E-019  -1.2961473158872352E-019   5.0598638597475240E-021  -3.9322653605602510E-020   3.7971718878888796E-019  -2.8652911933811399E-020   2.8502865571764460E-019   1.8756094175971399E-020  -4.6630777936859028E-020   1.9951248699964394E-019  -1.5478832334217895E-020   3.5840030571082625E-020   8.2348656738454023E-020   7.6078786985676865E-020   8.5774463591099342E-020  -1.7265969774976198E-019  -3.7643683142248428E-018   2.0292507545175421E-016  -2.9907548804677852E-016  -1.3515842260461299E-016  -1.7568584271001971E-016   1.2031255982800084E-016  -1.5663184465171071E-003   2.1582717133394784E-017   4.6599142260016239E-020  -7.1760888960615113E-009   3.7949753630321308E-020   7.3040709832920739E-019  -9.8699488573031758E-006   1.5484159322503228E-019  -1.5116891130527657E-019   2.4577558649464932E-006  -3.1468018453052883E-020  -2.1883077502369042E-020   1.8635826728035339E-021  -4.7298071152169317E-020   9.1074576381889508E-022   1.6362643931677602E-019   1.9398580369397825E-020  -4.0737126159311190E-021  -1.2659703195011718E-019   1.7765878634015292E-021  -2.4216739778740352E-019   1.8116689969258539E-019   2.9033061894373951E-021   2.0042843945773120E-019  -4.0679772211404900E-021  -6.3426693745529044E-021  -6.3048909498317751E-021   3.5838192429642534E-021   7.8963549857484330E-020  -3.7210523835852920E-018   4.3660293108956689E-018   1.8660303141729751E-018   2.5248245205252739E-018   1.0626536543073550E-016  -1.9832217668775432E-018  -1.5663184465215204E-003  -4.4951659558667632E-019  -6.7990104592293655E-019  -7.1760888790641359E-009   3.9135569141108869E-019   3.8862806334120038E-019  -9.8699488573470351E-006   3.4576149604716538E-019  -3.1468018453052883E-020   2.4577558649603829E-006  -2.3461322850309604E-019  -2.3022133095413682E-019   3.1041209938147851E-020   5.1874958772731537E-020   8.4423627602810862E-020   2.1880466974991980E-019   2.3626181054668064E-019   1.0163686117483208E-019   2.0756455834099967E-020  -4.4959464461098711E-020   3.7355584084052266E-020  -8.5517356657933667E-021   5.6975076967427113E-020  -2.3406444511700026E-019  -6.8584229990950593E-020   6.0188666181132486E-020   1.9276063150155557E-019  -1.1987929550873286E-016  -1.5056430666138677E-017  -2.1085213087674825E-015  -1.0218361865017294E-015  -1.2813053284959386E-015   8.0916365020252431E-017   1.3946001899854979E-017   1.4951811644166547E-016   3.7071837408962129E-022   6.3893620563058208E-023   6.8501733788113078E-022   5.0988378911423598E-019   8.7878889390018110E-020   9.4216866678897603E-019  -1.2696822356990449E-019  -2.1883077502369042E-020  -2.3461322850309604E-019   1.5500463121316736E-029   9.4137894954439837E-030  -2.6429665132653573E-031  -8.4549909500916314E-031  -3.7966256963775275E-031  -3.5056799308153142E-031   7.0418934175478882E-031   7.2307521772161440E-032  -3.8671666402399001E-032  -2.8704114836051349E-031  -1.3845753877131590E-032   8.3212477539189457E-034  -1.1243146165623046E-032   1.8304236849115219E-032   5.3737079239651884E-033  -8.3256733492024152E-033  -8.2467291942023116E-033  -5.5526637038467869E-017   8.5411090799626794E-018  -1.2813992460539387E-015  -6.2063088395100553E-016  -7.7863425633600084E-016  -1.0005899184346055E-016  -1.1876541346550068E-018   1.4671917687071273E-016  -4.5842032976622324E-022  -5.4412352685536441E-024   6.7219399464764377E-022  -6.3050852424398615E-019  -7.4838457007189807E-021   9.2453151868446482E-019   1.5700547649893271E-019   1.8635826728035339E-021  -2.3022133095413682E-019   9.4137894954439837E-030   5.7433587338705510E-030  -1.7384886826635077E-031  -5.1530815882568028E-031  -2.3614475377808500E-031  -1.8436709905318508E-031   4.1650696456899590E-031   6.5877963922419755E-032  -2.2217424247631565E-032  -1.7942615377779865E-031   1.0379889299188194E-032  -6.4611400078814904E-034  -4.2129067572233563E-033   2.7291237413458329E-032   1.2920434225673570E-032   9.2719770223579645E-034  -2.8313914397788512E-032   3.4535806679831757E-019   2.8365716347366254E-017   3.6555376246519789E-017   1.8317660261510419E-017   2.2292687755015361E-017   8.2602974495085197E-017   3.0142880497978129E-017  -1.9782444799185711E-017   3.7844557616672831E-022   1.3809962485616461E-022  -9.0633282432682757E-023   5.2051173600206228E-019   1.8994138107002261E-019  -1.2465646361688001E-019  -1.2961473158872352E-019  -4.7298071152169317E-020   3.1041209938147851E-020  -2.6429665132653573E-031  -1.7384886826635077E-031   1.3605548819951301E-032   1.4757027109017053E-032   6.9864202142831395E-033  -1.1972246974527991E-032  -8.4255706138149061E-033  -1.4252059619313685E-032   2.1243803813793069E-034   1.0642890032866456E-032  -1.3565133461119276E-032   6.6572774661937900E-034  -4.9895823797702812E-033  -7.2238834019153725E-033  -4.8037130693625171E-033  -3.6734794459014040E-033   1.1448924899954807E-032  -8.4020179587726179E-020  -6.3338107498606142E-018   1.1464084971211840E-016   5.5410157036817540E-017   6.9646269177566507E-017  -3.2246319552711094E-018  -5.8041480461514641E-019  -3.3059713536511230E-017  -1.4773653216291162E-023  -2.6591710351493890E-024  -1.5146309690453235E-022  -2.0319592451307014E-020  -3.6574072469472432E-021  -2.0832141929283583E-019   5.0598638597475240E-021   9.1074576381889508E-022   5.1874958772731537E-020  -8.4549909500916314E-031  -5.1530815882568028E-031   1.4757027109017053E-032   4.6838586159369618E-032   2.1862219735870727E-032   2.2180963862419820E-032  -3.4396976606573665E-032  -2.1832117611812592E-033   2.3272073629401849E-033   1.5216522406093820E-032   1.1772455124717014E-033  -1.7011695260062591E-034   1.4683849300216452E-033  -4.7819971460245776E-033  -1.4399907205654261E-033   1.3471426938514401E-033   3.6456219495357603E-033  -4.7921688321678681E-019   1.8881745542125757E-017   5.0738740376776274E-017   2.4987737870826053E-017   3.0885219094082822E-017   2.5060177288880077E-017  -1.0427850621584428E-016  -5.3802856142781321E-017   1.1481321695478371E-022  -4.7775203849913712E-022  -2.4649781689382867E-022   1.5791339797248878E-019  -6.5709723687085473E-019  -3.3903159328025925E-019  -3.9322653605602510E-020   1.6362643931677602E-019   8.4423627602810862E-020  -3.7966256963775275E-031  -2.3614475377808500E-031   6.9864202142831395E-033   2.1862219735870727E-032   2.3737341717935636E-032   1.0380064776616930E-032  -9.4296218279318716E-033  -1.2642298876727059E-032   1.6236419160910103E-033  -1.0485212953404239E-032   1.0112664948250942E-032   1.6553521611090768E-034   1.4779782194707146E-032  -9.6327702772687529E-033  -4.0607063871361414E-033   2.3193815286009255E-034   9.5917133714701998E-033   1.8042563991425849E-019   1.0118331575557787E-017   4.2249644763709188E-017   2.0686778611165541E-017   2.5702068443694694E-017  -2.4199231735783779E-016  -1.2362641343797056E-017  -1.3944338219284960E-016  -1.1086879441810959E-021  -5.6639448732008091E-023  -6.3885993705687230E-022  -1.5248826325810678E-018  -7.7901551932593736E-020  -8.7868405929547672E-019   3.7971718878888796E-019   1.9398580369397825E-020   2.1880466974991980E-019  -3.5056799308153142E-031  -1.8436709905318508E-031  -1.1972246974527991E-032   2.2180963862419820E-032   1.0380064776616930E-032   8.4608363160140853E-032   1.8938650233057266E-033   4.9722296697044241E-032   5.5986820072271905E-033  -7.5523275392740794E-033   3.5546739316547155E-032  -3.1146106000815278E-033   1.2235021722332153E-032  -8.1509077481444099E-033   5.5438160807011981E-033   1.8524449153959111E-032  -9.5119239636411154E-033   1.1504052511050268E-019  -1.4824972749444398E-017  -9.8902194593648443E-017  -4.8236748825534537E-017  -6.0141365436955987E-017   1.8260391582594146E-017   2.5961615257637877E-018  -1.5056875149550412E-016   8.3659994727615633E-023   1.1894315709727939E-023  -6.8983082306738927E-022   1.1506544626061155E-019   1.6359369029607117E-020  -9.4878910484362995E-019  -2.8652911933811399E-020  -4.0737126159311190E-021   2.3626181054668064E-019   7.0418934175478882E-031   4.1650696456899590E-031  -8.4255706138149061E-033  -3.4396976606573665E-032  -9.4296218279318716E-033   1.8938650233057266E-033   5.7284285052898600E-032   1.1783870964953640E-032  -7.8383450006861462E-035  -1.6733582099961201E-032   1.0418318280461593E-033  -6.8206251547515708E-034   4.6249845197292818E-033  -2.3445287363560035E-032  -7.3424043036045884E-033   4.8807398424077242E-033   2.0596377837450476E-032  -4.7991939116418261E-019  -4.4720820497833252E-017  -1.2940451486965552E-017  -7.2252598343671211E-018  -7.9881725026290260E-018  -1.8164767607834939E-016   8.0679806015668125E-017  -6.4772784300642138E-017  -8.3221893468584185E-022   3.6963457938842996E-022  -2.9675654914201058E-022  -1.1446288441091020E-018   5.0839314378406815E-019  -4.0815714698059701E-019   2.8502865571764460E-019  -1.2659703195011718E-019   1.0163686117483208E-019   7.2307521772161440E-032   6.5877963922419755E-032  -1.4252059619313685E-032  -2.1832117611812592E-033  -1.2642298876727059E-032   4.9722296697044241E-032   1.1783870964953640E-032   4.6404175415938435E-032   2.1593677033870386E-033   5.0399052038533144E-033   1.5361329482633073E-032  -2.3031926575900122E-033  -3.8254179937529971E-033   8.1368330433045544E-035   6.3309320793518332E-033   1.2772756073904389E-032  -1.2228618049716961E-032   1.7631355734588505E-019   1.2363270596480249E-017   4.8419130454836138E-018   2.6100749749113501E-018   2.9767374437074427E-018  -1.1953187341087519E-017  -1.1322126749847837E-018  -1.3228010202667558E-017  -5.4763534829360703E-023  -5.1872330505841318E-024  -6.0604136480372737E-023  -7.5321431603382844E-020  -7.1344886619530494E-021  -8.3354559524431493E-020   1.8756094175971399E-020   1.7765878634015292E-021   2.0756455834099967E-020  -3.8671666402399001E-032  -2.2217424247631565E-032   2.1243803813793069E-034   2.3272073629401849E-033   1.6236419160910103E-033   5.5986820072271905E-033  -7.8383450006861462E-035   2.1593677033870386E-033   5.5737100027035836E-034  -6.8668988305319903E-034   1.9650724920245750E-033  -1.8643796081153770E-034   9.0474083883160226E-034  -1.3516738687959023E-033  -9.6645688131748461E-036   1.1540418499893380E-033   3.0985378384717111E-034   1.7185633065268227E-019  -3.6177611406376996E-017   4.0437977143698361E-017   1.8819546697428154E-017   2.4472047891955680E-017   2.9717617074771422E-017   1.5433235973892945E-016   2.8652495365844039E-017   1.3615128008630858E-022   7.0707379800465885E-022   1.3127142427419422E-022   1.8726163976522491E-019   9.7250498520104828E-019   1.8054991596650557E-019  -4.6630777936859028E-020  -2.4216739778740352E-019  -4.4959464461098711E-020  -2.8704114836051349E-031  -1.7942615377779865E-031   1.0642890032866456E-032   1.5216522406093820E-032  -1.0485212953404239E-032  -7.5523275392740794E-033  -1.6733582099961201E-032   5.0399052038533144E-033  -6.8668988305319903E-034   3.2590313478504308E-032  -2.2350393921934401E-032   1.7837740952245626E-034  -2.1429838289978843E-032   3.1167664177242197E-033   3.8507571165533020E-034  -2.1411075671839191E-033  -6.2735670248077874E-034   4.9448732917877208E-023  -1.2234466966324167E-020  -2.2370328864986509E-019  -1.0864959649855606E-019  -1.3597213097974597E-019  -1.2714854764637725E-016  -1.1545697476873402E-016  -2.3806571379049860E-017  -5.8253114574121673E-022  -5.2896619866040309E-022  -1.0906982067904458E-022  -8.0120978294183837E-019  -7.2753688033252551E-019  -1.5001396587125561E-019   1.9951248699964394E-019   1.8116689969258539E-019   3.7355584084052266E-020  -1.3845753877131590E-032   1.0379889299188194E-032  -1.3565133461119276E-032   1.1772455124717014E-033   1.0112664948250942E-032   3.5546739316547155E-032   1.0418318280461593E-033   1.5361329482633073E-032   1.9650724920245750E-033  -2.2350393921934401E-032   3.0117940806603403E-032  -1.1725697723193133E-033   1.8549158893809087E-032   2.8273902926540535E-033   4.6661619912520668E-033   7.4131407495123881E-033  -1.0821855939368494E-032  -2.1476345370064491E-023   5.5287244397364422E-021   1.0339094703308157E-019   5.0212864919472898E-020   6.2843103166032234E-020   9.8646008585968031E-018  -1.8502659703754609E-018   5.4499885501547630E-018   4.5194674630426655E-023  -8.4769946476534831E-024   2.4969125729485820E-023   6.2160479683225586E-020  -1.1659206683432485E-020   3.4342383174132584E-020  -1.5478832334217895E-020   2.9033061894373951E-021  -8.5517356657933667E-021   8.3212477539189457E-034  -6.4611400078814904E-034   6.6572774661937900E-034  -1.7011695260062591E-034   1.6553521611090768E-034  -3.1146106000815278E-033  -6.8206251547515708E-034  -2.3031926575900122E-033  -1.8643796081153770E-034   1.7837740952245626E-034  -1.1725697723193133E-033   1.3070746458926451E-034  -1.8709383893795716E-034   2.9098255025911679E-034  -2.4812757104439322E-034  -7.5716535766533170E-034   4.2086554810526085E-034  -6.3658314210449841E-023   1.6018475331252036E-020   2.9576156364501724E-019   1.4364395026399798E-019   1.7977041080090515E-019  -2.2840714900824184E-017  -1.2773228065763243E-016  -3.6309999426044100E-017  -1.0464474874305317E-022  -5.8520551995367546E-022  -1.6635428360602241E-022  -1.4392774881568325E-019  -8.0488809942885667E-019  -2.2880266662327688E-019   3.5840030571082625E-020   2.0042843945773120E-019   5.6975076967427113E-020  -1.1243146165623046E-032  -4.2129067572233563E-033  -4.9895823797702812E-033   1.4683849300216452E-033   1.4779782194707146E-032   1.2235021722332153E-032   4.6249845197292818E-033  -3.8254179937529971E-033   9.0474083883160226E-034  -2.1429838289978843E-032   1.8549158893809087E-032  -1.8709383893795716E-034   1.8188533394956925E-032  -4.5569462621551057E-033  -9.9810921073654175E-034   2.1316659942250304E-033   2.2428124476206774E-033   4.6353366990694741E-024  -1.2646887789479037E-021  -2.4384270600805803E-020  -1.1841630101852795E-020  -1.4821142024291902E-020  -5.2480485118457477E-017   2.5925063804568718E-018   1.4916837888106610E-016  -2.4043937335812296E-022   1.1877569612879632E-023   6.8341501511752125E-022  -3.3069884689033666E-019   1.6336336614165110E-020   9.3996484173390031E-019   8.2348656738454023E-020  -4.0679772211404900E-021  -2.3406444511700026E-019   1.8304236849115219E-032   2.7291237413458329E-032  -7.2238834019153725E-033  -4.7819971460245776E-033  -9.6327702772687529E-033  -8.1509077481444099E-033  -2.3445287363560035E-032   8.1368330433045544E-035  -1.3516738687959023E-033   3.1167664177242197E-033   2.8273902926540535E-033   2.9098255025911679E-034  -4.5569462621551057E-033   2.5057012429873531E-032   9.0912179753114210E-033  -2.8476854795412450E-033  -2.4148552817565799E-032   7.9674255767085672E-023  -1.9985812741146496E-020  -3.6835350836240648E-019  -1.7890079584180916E-019  -2.2389349791133737E-019  -4.8484721018722618E-017   4.0421590212462374E-018   4.3708468406817894E-017  -2.2213277781811127E-022   1.8519154003819419E-023   2.0025037358309147E-022  -3.0552006705923129E-019   2.5471131302501194E-020   2.7542314193280209E-019   7.6078786985676865E-020  -6.3426693745529044E-021  -6.8584229990950593E-020   5.3737079239651884E-033   1.2920434225673570E-032  -4.8037130693625171E-033  -1.4399907205654261E-033  -4.0607063871361414E-033   5.5438160807011981E-033  -7.3424043036045884E-033   6.3309320793518332E-033  -9.6645688131748461E-036   3.8507571165533020E-034   4.6661619912520668E-033  -2.4812757104439322E-034  -9.9810921073654175E-034   9.0912179753114210E-033   4.2856853399994551E-033   9.9211842467103605E-034  -1.0732663553330203E-032   5.3679504440659754E-023  -1.3349230989769675E-020  -2.4481346715995750E-019  -1.1890166830983790E-019  -1.4880328400010467E-019  -5.4663738770264544E-017   4.0180829751388083E-018  -3.8358007585331347E-017  -2.5044195130037286E-022   1.8408849550841357E-023  -1.7573723418446761E-022  -3.4445633147710913E-019   2.5319419277234649E-020  -2.4170791959816624E-019   8.5774463591099342E-020  -6.3048909498317751E-021   6.0188666181132486E-020  -8.3256733492024152E-033   9.2719770223579645E-034  -3.6734794459014040E-033   1.3471426938514401E-033   2.3193815286009255E-034   1.8524449153959111E-032   4.8807398424077242E-033   1.2772756073904389E-032   1.1540418499893380E-033  -2.1411075671839191E-033   7.4131407495123881E-033  -7.5716535766533170E-034   2.1316659942250304E-033  -2.8476854795412450E-033   9.9211842467103605E-034   4.4838458179520488E-033  -1.3142158321284050E-033   3.4517035104666413E-023  -9.1112195921312168E-021  -1.7270223291797983E-019  -8.3871947607892716E-020  -1.0497155513144595E-019   1.1003536739026346E-016  -2.2839543460283345E-018  -1.2284561586790158E-016   5.0412710030571769E-022  -1.0463938294672008E-023  -5.6281726098181904E-022   6.9337333736495008E-019  -1.4392036713726910E-020  -7.7409542654507233E-019  -1.7265969774976198E-019   3.5838192429642534E-021   1.9276063150155557E-019  -8.2467291942023116E-033  -2.8313914397788512E-032   1.1448924899954807E-032   3.6456219495357603E-033   9.5917133714701998E-033  -9.5119239636411154E-033   2.0596377837450476E-032  -1.2228618049716961E-032   3.0985378384717111E-034  -6.2735670248077874E-034  -1.0821855939368494E-032   4.2086554810526085E-034   2.2428124476206774E-033  -2.4148552817565799E-032  -1.0732663553330203E-032  -1.3142158321284050E-033   2.7252963593385722E-032
