  0.95084384302239355        5.3344942107164976E-003   4.5926006270950927E-002   5.8568858409552456E-003  -2.7425216109204512E-016  -2.7588645663551596E-016  -4.6013693333255509E-018   8.8462453151915750E-016   7.3496643416826662E-016   9.3026555213215824E-017  -1.1725334645582226E-016  -4.8329599641660512E-017  -3.8656841249202133E-017   6.7100104986150260E-018   1.2757254564858229E-016  -4.3514736802137683E-017   3.3264518808764828E-017   7.8227196443008246E-017  -1.1047129045869786E-017  -1.0923946941576734E-017   7.3606168176410430E-018  -1.3475141855730162E-017   8.6405173151200319E-019  -5.6838218839945775E-017  -2.4563417760424848E-017   7.2598111051061966E-018   1.4090528257886057E-022   3.1437050307031888E-017  -3.4223265061871172E-024   4.1009843621793053E-017   5.3344942107164976E-003  0.38447420950322286       0.10187573943989842       0.20715541131251244        6.6191536911803680E-016   4.0519130800932350E-016   3.3728860067049778E-017   1.0121565698736571E-015   4.7542282475423120E-016   2.2568500869094088E-016   6.3781867205212917E-016   7.2934444812375500E-016   8.2091437077155289E-017   1.0415356776099468E-017  -1.6756949152171244E-017  -1.8135957866970072E-018   1.6123428464034781E-017   1.3148992895333233E-016  -9.9966802498020708E-018  -1.8930816829940590E-016   1.0318420727543143E-016   3.9145744482232458E-017  -7.9434692987389091E-017   2.9619627375978469E-017   9.1962094459669827E-018   2.9350294726577040E-018   6.3094697915679244E-021  -1.2710208582071389E-018  -2.2423241421276176E-021   2.0425746753815555E-018   4.5926006270950927E-002  0.10187573943989842        2.9078397257579616E-002   5.5030475537894079E-002   1.7673972251655869E-017   4.8922864585682189E-018   5.1231783075640710E-017   1.1370148075199801E-016   3.9374998047326252E-017   1.2150065270831769E-016   3.4210492059230320E-017   1.1084363533529402E-016   5.7840523852754888E-017   3.0671798051170166E-018   1.5433318041566557E-018  -2.5166216975363455E-018   5.8191747153303985E-018   3.8418411554474579E-017  -3.1595656008513886E-018  -5.0550236381477331E-017   2.7618729005488187E-017   9.7163132195386382E-018  -2.0956091070763907E-017   5.1681826958836461E-018   1.2807908186037016E-018   1.1156854580005178E-018   1.6743449047162369E-021   1.1358366165948579E-018  -5.9286166216405361E-022   2.4598740453352294E-018   5.8568858409552456E-003  0.20715541131251244        5.5030475537894079E-002  0.11162507351647147       -8.4517557763869079E-016  -7.2894214954964461E-016  -2.0244040922055402E-016  -1.0752394971775975E-015  -1.0207964223905777E-015  -1.7630561494667118E-016  -7.2833637903898892E-016  -4.5167191098519483E-016  -1.5273514185573600E-016   5.6324099535543042E-018  -8.6277390962044549E-018  -1.1135994535318393E-018   8.7909849101678466E-018   7.1086698064161731E-017  -5.4204504258800407E-018  -1.0202561880495470E-016   5.5614440362932452E-017   2.1047822527254040E-017  -4.2793390583609652E-017   1.5779513868724009E-017   4.8774766346501683E-018   1.6040462084760455E-018   3.3997213337960887E-021  -5.8615219636470275E-019  -1.2080815082838832E-021   1.2291056579025851E-018  -2.7425216109204512E-016   6.6191536911803680E-016   1.7673972251655869E-017  -8.4517557763869079E-016  0.13757919942043872       -3.1225022567582528E-016  -8.3700407715880942E-017  0.18596907233438204       -1.5265566588595902E-016  -7.7628875549962117E-017  0.12276317189233360       -1.3877787807814457E-017  -3.6212352561015848E-017  -1.7222554163497506E-017   1.9195185092655910E-016  -3.1789686996211629E-017  -1.5766714602936081E-017  -2.1553336213187005E-017  -3.6249890315577228E-017  -2.1819923026016952E-016   3.9346085493192957E-017   1.7313085926181020E-017   2.4703804242443029E-017  -7.1136744360276185E-017  -1.5389251297851473E-016   2.5489732903629774E-017   1.1314171575316661E-018   1.3384600424864382E-017   4.6490544592050059E-018   1.3944296535715595E-016  -2.7588645663551596E-016   4.0519130800932350E-016   4.8922864585682189E-018  -7.2894214954964461E-016  -3.1225022567582528E-016  0.13757919942043870       -4.0115480381963664E-017   1.6653345369377348E-016  0.18596907233438217       -7.1991024253037494E-017  -9.7144514654701197E-017  0.12276317189233325       -3.7947076036992655E-017  -1.5152535724913267E-017   1.0532226863290880E-016   1.0952423406928028E-017   3.3432416629024860E-017   2.4017240538188397E-017  -1.7142307121521036E-017  -1.5169222131552192E-016   4.2808380220353202E-017  -6.1133553926111211E-018   7.4835652763884098E-017   7.1251684886431459E-018  -3.7720401440365733E-017   8.5374047744618950E-018  -1.2844217538185704E-018   1.7804781600835346E-017  -7.3266252356556441E-018   1.1093552357522193E-016  -4.6013693333255509E-018   3.3728860067049778E-017   5.1231783075640710E-017  -2.0244040922055402E-016  -8.3700407715880942E-017  -4.0115480381963664E-017  0.13757919942043917       -2.9056618222611519E-017   4.8138576458356397E-017  0.18596907233438181        1.3422422895370545E-016  -1.1969591984239969E-016  0.12276317189233441        3.9611996598913343E-019  -1.0254762146231320E-017   8.0463384004058903E-017   2.5731293726825011E-018  -5.6276344504425442E-017   6.6292853547504978E-020  -7.9515789937355325E-017   3.6991305923592725E-017  -1.2530452109664380E-016  -5.8419146335714903E-017  -3.2306450443293051E-017   2.9930845933356664E-017  -1.5182033700316368E-017  -5.1854209762732106E-017  -1.0217795100126479E-016   1.1939104130761099E-017  -2.2219297904991738E-017   8.8462453151915750E-016   1.0121565698736571E-015   1.1370148075199801E-016  -1.0752394971775975E-015  0.18596907233438204        1.6653345369377348E-016  -2.9056618222611519E-017  0.25137881315344213        6.1062266354383610E-016   8.6736173798840355E-018  0.16594189593933575        5.1347814888913490E-016   2.5587171270657905E-017  -2.3280135620112291E-017   2.5946587710973932E-016  -4.2970875142391398E-017  -2.1312242699628301E-017  -2.9134156603341426E-017  -4.8999837930511428E-017  -2.9494508331563784E-016   5.3185038508600170E-017   2.3402509554500267E-017   3.3392719084356238E-017  -9.6157227351937353E-017  -2.0802016582725942E-016   3.4455077527039239E-017   1.5293634509847563E-018   1.8092282373091272E-017   6.2842373603893208E-018   1.8848836902864892E-016   7.3496643416826662E-016   4.7542282475423120E-016   3.9374998047326252E-017  -1.0207964223905777E-015  -1.5265566588595902E-016  0.18596907233438217        4.8138576458356397E-017   6.1062266354383610E-016  0.25137881315344257        4.0766001685454967E-017   1.1102230246251565E-016  0.16594189593933542        4.1416522988946269E-017  -2.0482042519118504E-017   1.4236661265892594E-016   1.4804650916562780E-017   4.5191391813497307E-017   3.2464674614577499E-017  -2.3171663787038673E-017  -2.0504597931392381E-016   5.7865104545258208E-017  -8.2635677195647182E-018   1.0115712971629600E-016   9.6312595191788474E-018  -5.0987562752914475E-017   1.1540212857307434E-017  -1.7361833987257485E-018   2.4067146279175994E-017  -9.9035733901365898E-018   1.4995418271890438E-016   9.3026555213215824E-017   2.2568500869094088E-016   1.2150065270831769E-016  -1.7630561494667118E-016  -7.7628875549962117E-017  -7.1991024253037494E-017  0.18596907233438181        8.6736173798840355E-018   4.0766001685454967E-017  0.25137881315344074        2.1380466841414147E-016  -1.7672495411513722E-016  0.16594189593933611        5.3544476867469253E-019  -1.3861605616096117E-017   1.0876426773200803E-016   3.4781601030527889E-018  -7.6070071827320664E-017   8.9609625063679053E-020  -1.0748338231999257E-016   5.0002027021723393E-017  -1.6937709803379548E-016  -7.8966547969353858E-017  -4.3669396570593226E-017   4.0458235517125027E-017  -2.0521915633256008E-017  -7.0092567240038040E-017  -1.3811636381647783E-016   1.6138370691604512E-017  -3.0034352843448120E-017  -1.1725334645582226E-016   6.3781867205212917E-016   3.4210492059230320E-017  -7.2833637903898892E-016  0.12276317189233360       -9.7144514654701197E-017   1.3422422895370545E-016  0.16594189593933575        1.1102230246251565E-016   2.1380466841414147E-016  0.10954269567313482        1.5265566588595902E-016   1.5417354892743873E-016  -1.5367841840227872E-017   1.7128038373254288E-016  -2.8366227057283070E-017  -1.4068782949249035E-017  -1.9232238082057455E-017  -3.2346107076040570E-017  -1.9470115921625774E-016   3.5108870214676772E-017   1.5448624156092632E-017   2.2043429380205085E-017  -6.3475964481184620E-017  -1.3731969006441203E-016   2.2744720678125260E-017   1.0095738278540229E-018   1.1943200786089948E-017   4.1483936097640749E-018   1.2442622720171283E-016  -4.8329599641660512E-017   7.2934444812375500E-016   1.1084363533529402E-016  -4.5167191098519483E-016  -1.3877787807814457E-017  0.12276317189233325       -1.1969591984239969E-016   5.1347814888913490E-016  0.16594189593933542       -1.7672495411513722E-016   1.5265566588595902E-016  0.10954269567313422       -1.0744443529331349E-016  -1.3520745546117087E-017   9.3980018947192014E-017   9.7729470952464109E-018   2.9832049660810497E-017   2.1430802337777939E-017  -1.5296236674261613E-017  -1.3535634978641143E-016   3.8198307313619075E-017  -5.4550026607476274E-018   6.6776534117284904E-017   6.3578526958863392E-018  -3.3658257537320314E-017   7.6180039879342309E-018  -1.1461012217727143E-018   1.5887368682013841E-017  -6.5376143849102811E-018   9.8988777424211377E-017  -3.8656841249202133E-017   8.2091437077155289E-017   5.7840523852754888E-017  -1.5273514185573600E-016  -3.6212352561015848E-017  -3.7947076036992655E-017  0.12276317189233441        2.5587171270657905E-017   4.1416522988946269E-017  0.16594189593933611        1.5417354892743873E-016  -1.0744443529331349E-016  0.10954269567313590        3.5346145114640570E-019  -9.1504176021958057E-018   7.1798209926650399E-017   2.2960267599355363E-018  -5.0215894430060469E-017   5.9153716619717000E-020  -7.0952663115904890E-017   3.3007678971457191E-017  -1.1181036469956819E-016  -5.2127936007958459E-017  -2.8827339784708491E-017   2.6707566257677732E-017  -1.3547066858060669E-017  -4.6269983349661257E-017  -9.1174315704814787E-017   1.0653371285916632E-017  -1.9826481761255581E-017   6.7100104986150260E-018   1.0415356776099468E-017   3.0671798051170166E-018   5.6324099535543042E-018  -1.7222554163497506E-017  -1.5152535724913267E-017   3.9611996598913343E-019  -2.3280135620112291E-017  -2.0482042519118504E-017   5.3544476867469253E-019  -1.5367841840227872E-017  -1.3520745546117087E-017   3.5346145114640570E-019   4.1534492308498574E-033  -3.5229853765971561E-032   2.6554838974855946E-033  -1.0360660098918584E-033   3.9805350078206073E-033   6.0799176631756434E-033   3.8607123480077962E-032  -6.6975385110894604E-033  -8.9112363358870537E-034  -1.3641152547238343E-032   8.4343988367755122E-033   2.3583904838241700E-032  -4.0455112980073997E-033  -1.4929995633083267E-034  -3.7478992947278274E-033   2.5926408369901424E-034  -2.9399596661009153E-032   1.2757254564858229E-016  -1.6756949152171244E-017   1.5433318041566557E-018  -8.6277390962044549E-018   1.9195185092655910E-016   1.0532226863290880E-016  -1.0254762146231320E-017   2.5946587710973932E-016   1.4236661265892594E-016  -1.3861605616096117E-017   1.7128038373254288E-016   9.3980018947192014E-017  -9.1504176021958057E-018  -3.5229853765971561E-032   3.6711602817829719E-031  -4.7733227989795194E-032   7.1428664052885154E-033  -2.9512038768414407E-033  -6.4734896583686808E-032  -4.0749770028769118E-031   8.1210110423104032E-032   2.5224711277730438E-032   9.9837399757902022E-032  -1.0037459170929093E-031  -2.4953959268134128E-031   4.4073358132531206E-032   4.4600866133796676E-033   4.4204257791787783E-032  -1.2217676832917563E-035   2.8655366989181698E-031  -4.3514736802137683E-017  -1.8135957866970072E-018  -2.5166216975363455E-018  -1.1135994535318393E-018  -3.1789686996211629E-017   1.0952423406928028E-017   8.0463384004058903E-017  -4.2970875142391398E-017   1.4804650916562780E-017   1.0876426773200803E-016  -2.8366227057283070E-017   9.7729470952464109E-018   7.1798209926650399E-017   2.6554838974855946E-033  -4.7733227989795194E-032   5.7274325358888513E-032   6.2221311988994882E-033  -3.0136138283678663E-032   7.5962941521914943E-033  -6.8902151629675114E-033   1.5192895416000566E-032  -7.7315073546641311E-032  -3.3632403322492724E-032   5.8887653262440584E-034   5.1147385441011682E-032  -1.4433418364313742E-032  -3.0690719009994294E-032  -6.2867004342844130E-032   5.3251197605984086E-033  -3.8268141890592775E-032   3.3264518808764828E-017   1.6123428464034781E-017   5.8191747153303985E-018   8.7909849101678466E-018  -1.5766714602936081E-017   3.3432416629024860E-017   2.5731293726825011E-018  -2.1312242699628301E-017   4.5191391813497307E-017   3.4781601030527889E-018  -1.4068782949249035E-017   2.9832049660810497E-017   2.2960267599355363E-018  -1.0360660098918584E-033   7.1428664052885154E-033   6.2221311988994882E-033   1.1803625996118279E-032   1.5423134682824534E-032  -8.0846008656131953E-034  -2.1570505645117178E-032   1.1118594418685138E-032  -4.6587598511804963E-033   1.0998871384478661E-032   8.5322037689149854E-033   8.5573905430968453E-033  -7.5650655718364876E-034  -1.4113397058317276E-033   1.9215365446196092E-033  -2.0899892478622882E-033   1.2071836609952922E-032   7.8227196443008246E-017   1.3148992895333233E-016   3.8418411554474579E-017   7.1086698064161731E-017  -2.1553336213187005E-017   2.4017240538188397E-017  -5.6276344504425442E-017  -2.9134156603341426E-017   3.2464674614577499E-017  -7.6070071827320664E-017  -1.9232238082057455E-017   2.1430802337777939E-017  -5.0215894430060469E-017   3.9805350078206073E-033  -2.9512038768414407E-033  -3.0136138283678663E-032   1.5423134682824534E-032   8.1698048312207200E-032  -1.6361466300800211E-033  -2.5181927692499204E-032   2.1943259643576629E-032   5.9737250387973756E-032   6.0815095632226191E-033   3.1132483469467929E-032   6.4419754874042591E-033   5.2911823317566796E-033   2.0811494522284608E-032   4.4899885810438476E-032  -6.8917561323448246E-033   1.0601252100653188E-032  -1.1047129045869786E-017  -9.9966802498020708E-018  -3.1595656008513886E-018  -5.4204504258800407E-018  -3.6249890315577228E-017  -1.7142307121521036E-017   6.6292853547504978E-020  -4.8999837930511428E-017  -2.3171663787038673E-017   8.9609625063679053E-020  -3.2346107076040570E-017  -1.5296236674261613E-017   5.9153716619717000E-020   6.0799176631756434E-033  -6.4734896583686808E-032   7.5962941521914943E-033  -8.0846008656131953E-034  -1.6361466300800211E-033   1.2072292664281564E-032   8.1371813545020552E-032  -1.8434044955723602E-032  -4.7173643115674310E-033  -1.3818874824606014E-032   1.7726717300006271E-032   4.5306728197840451E-032  -7.9463439399378364E-033  -1.6322244702300793E-034  -6.1221679563159523E-033  -3.0624541834003241E-034  -5.1097485973827614E-032  -1.0923946941576734E-017  -1.8930816829940590E-016  -5.0550236381477331E-017  -1.0202561880495470E-016  -2.1819923026016952E-016  -1.5169222131552192E-016  -7.9515789937355325E-017  -2.9494508331563784E-016  -2.0504597931392381E-016  -1.0748338231999257E-016  -1.9470115921625774E-016  -1.3535634978641143E-016  -7.0952663115904890E-017   3.8607123480077962E-032  -4.0749770028769118E-031  -6.8902151629675114E-033  -2.1570505645117178E-032  -2.5181927692499204E-032   8.1371813545020552E-032   6.5255634598223134E-031  -1.8183962556737801E-031   3.2551238506062868E-032  -4.8833159541603183E-032   1.0955348568517157E-031   2.6405026865855380E-031  -4.2573132845013681E-032   2.9588509214690050E-032   1.8547418158579295E-032  -6.1944209749082341E-033  -3.3199197545103452E-031   7.3606168176410430E-018   1.0318420727543143E-016   2.7618729005488187E-017   5.5614440362932452E-017   3.9346085493192957E-017   4.2808380220353202E-017   3.6991305923592725E-017   5.3185038508600170E-017   5.7865104545258208E-017   5.0002027021723393E-017   3.5108870214676772E-017   3.8198307313619075E-017   3.3007678971457191E-017  -6.6975385110894604E-033   8.1210110423104032E-032   1.5192895416000566E-032   1.1118594418685138E-032   2.1943259643576629E-032  -1.8434044955723602E-032  -1.8183962556737801E-031   6.2247794097559273E-032  -2.0223413211235308E-032  -6.6630858245300874E-033  -1.9221361012998580E-032  -4.5386704528948437E-032   6.6969026279032155E-033  -1.4016574541537857E-032  -1.8249955633667460E-032   2.2593634803340699E-033   6.9226758014834634E-032  -1.3475141855730162E-017   3.9145744482232458E-017   9.7163132195386382E-018   2.1047822527254040E-017   1.7313085926181020E-017  -6.1133553926111211E-018  -1.2530452109664380E-016   2.3402509554500267E-017  -8.2635677195647182E-018  -1.6937709803379548E-016   1.5448624156092632E-017  -5.4550026607476274E-018  -1.1181036469956819E-016  -8.9112363358870537E-034   2.5224711277730438E-032  -7.7315073546641311E-032  -4.6587598511804963E-033   5.9737250387973756E-032  -4.7173643115674310E-033   3.2551238506062868E-032  -2.0223413211235308E-032   1.2076768165451867E-031   4.4873724770128362E-032   2.4015434438972723E-032  -4.3649929026366067E-032   1.6848191579385637E-032   4.7427922762722162E-032   9.3361724963609940E-032  -9.9635370331429608E-033   3.2458829708092238E-032   8.6405173151200319E-019  -7.9434692987389091E-017  -2.0956091070763907E-017  -4.2793390583609652E-017   2.4703804242443029E-017   7.4835652763884098E-017  -5.8419146335714903E-017   3.3392719084356238E-017   1.0115712971629600E-016  -7.8966547969353858E-017   2.2043429380205085E-017   6.6776534117284904E-017  -5.2127936007958459E-017  -1.3641152547238343E-032   9.9837399757902022E-032  -3.3632403322492724E-032   1.0998871384478661E-032   6.0815095632226191E-033  -1.3818874824606014E-032  -4.8833159541603183E-032  -6.6630858245300874E-033   4.4873724770128362E-032   8.6364187076640434E-032  -1.4176075202889872E-033  -6.2811240687571068E-032   1.5075997710707194E-032   2.1521633493791953E-032   5.5802834795054927E-032  -8.2196435335872881E-033   9.4478938283778278E-032  -5.6838218839945775E-017   2.9619627375978469E-017   5.1681826958836461E-018   1.5779513868724009E-017  -7.1136744360276185E-017   7.1251684886431459E-018  -3.2306450443293051E-017  -9.6157227351937353E-017   9.6312595191788474E-018  -4.3669396570593226E-017  -6.3475964481184620E-017   6.3578526958863392E-018  -2.8827339784708491E-017   8.4343988367755122E-033  -1.0037459170929093E-031   5.8887653262440584E-034   8.5322037689149854E-033   3.1132483469467929E-032   1.7726717300006271E-032   1.0955348568517157E-031  -1.9221361012998580E-032   2.4015434438972723E-032  -1.4176075202889872E-033   5.0466271567171750E-032   7.2785006275494517E-032  -9.3810982446093964E-033   1.1525396587534705E-032   1.6003043747219183E-032  -5.5870081582470398E-033  -6.3447849275240338E-032  -2.4563417760424848E-017   9.1962094459669827E-018   1.2807908186037016E-018   4.8774766346501683E-018  -1.5389251297851473E-016  -3.7720401440365733E-017   2.9930845933356664E-017  -2.0802016582725942E-016  -5.0987562752914475E-017   4.0458235517125027E-017  -1.3731969006441203E-016  -3.3658257537320314E-017   2.6707566257677732E-017   2.3583904838241700E-032  -2.4953959268134128E-031   5.1147385441011682E-032   8.5573905430968453E-033   6.4419754874042591E-033   4.5306728197840451E-032   2.6405026865855380E-031  -4.5386704528948437E-032  -4.3649929026366067E-032  -6.2811240687571068E-032   7.2785006275494517E-032   1.8985478815890199E-031  -3.4273050650259882E-032  -1.2194339868898335E-032  -4.2929684938479030E-032  -5.9421351835105258E-034  -1.9224201777728462E-031   7.2598111051061966E-018   2.9350294726577040E-018   1.1156854580005178E-018   1.6040462084760455E-018   2.5489732903629774E-017   8.5374047744618950E-018  -1.5182033700316368E-017   3.4455077527039239E-017   1.1540212857307434E-017  -2.0521915633256008E-017   2.2744720678125260E-017   7.6180039879342309E-018  -1.3547066858060669E-017  -4.0455112980073997E-033   4.4073358132531206E-032  -1.4433418364313742E-032  -7.5650655718364876E-034   5.2911823317566796E-033  -7.9463439399378364E-033  -4.2573132845013681E-032   6.6969026279032155E-033   1.6848191579385637E-032   1.5075997710707194E-032  -9.3810982446093964E-033  -3.4273050650259882E-032   7.0049229533080096E-033   5.8521414472064750E-033   1.5089265055224878E-032  -9.1081658234361296E-034   3.5497771737730286E-032   1.4090528257886057E-022   6.3094697915679244E-021   1.6743449047162369E-021   3.3997213337960887E-021   1.1314171575316661E-018  -1.2844217538185704E-018  -5.1854209762732106E-017   1.5293634509847563E-018  -1.7361833987257485E-018  -7.0092567240038040E-017   1.0095738278540229E-018  -1.1461012217727143E-018  -4.6269983349661257E-017  -1.4929995633083267E-034   4.4600866133796676E-033  -3.0690719009994294E-032  -1.4113397058317276E-033   2.0811494522284608E-032  -1.6322244702300793E-034   2.9588509214690050E-032  -1.4016574541537857E-032   4.7427922762722162E-032   2.1521633493791953E-032   1.1525396587534705E-032  -1.2194339868898335E-032   5.8521414472064750E-033   1.9565377177134982E-032   3.8455151778837769E-032  -4.3932681740261703E-033   8.4856521270247328E-033   3.1437050307031888E-017  -1.2710208582071389E-018   1.1358366165948579E-018  -5.8615219636470275E-019   1.3384600424864382E-017   1.7804781600835346E-017  -1.0217795100126479E-016   1.8092282373091272E-017   2.4067146279175994E-017  -1.3811636381647783E-016   1.1943200786089948E-017   1.5887368682013841E-017  -9.1174315704814787E-017  -3.7478992947278274E-033   4.4204257791787783E-032  -6.2867004342844130E-032   1.9215365446196092E-033   4.4899885810438476E-032  -6.1221679563159523E-033   1.8547418158579295E-032  -1.8249955633667460E-032   9.3361724963609940E-032   5.5802834795054927E-032   1.6003043747219183E-032  -4.2929684938479030E-032   1.5089265055224878E-032   3.8455151778837769E-032   8.0537161701524566E-032  -9.3628635892548392E-033   4.5773600434590915E-032  -3.4223265061871172E-024  -2.2423241421276176E-021  -5.9286166216405361E-022  -1.2080815082838832E-021   4.6490544592050059E-018  -7.3266252356556441E-018   1.1939104130761099E-017   6.2842373603893208E-018  -9.9035733901365898E-018   1.6138370691604512E-017   4.1483936097640749E-018  -6.5376143849102811E-018   1.0653371285916632E-017   2.5926408369901424E-034  -1.2217676832917563E-035   5.3251197605984086E-033  -2.0899892478622882E-033  -6.8917561323448246E-033  -3.0624541834003241E-034  -6.1944209749082341E-033   2.2593634803340699E-033  -9.9635370331429608E-033  -8.2196435335872881E-033  -5.5870081582470398E-033  -5.9421351835105258E-034  -9.1081658234361296E-034  -4.3932681740261703E-033  -9.3628635892548392E-033   1.5833451195422328E-033  -3.1239101157907797E-033   4.1009843621793053E-017   2.0425746753815555E-018   2.4598740453352294E-018   1.2291056579025851E-018   1.3944296535715595E-016   1.1093552357522193E-016  -2.2219297904991738E-017   1.8848836902864892E-016   1.4995418271890438E-016  -3.0034352843448120E-017   1.2442622720171283E-016   9.8988777424211377E-017  -1.9826481761255581E-017  -2.9399596661009153E-032   2.8655366989181698E-031  -3.8268141890592775E-032   1.2071836609952922E-032   1.0601252100653188E-032  -5.1097485973827614E-032  -3.3199197545103452E-031   6.9226758014834634E-032   3.2458829708092238E-032   9.4478938283778278E-032  -6.3447849275240338E-032  -1.9224201777728462E-031   3.5497771737730286E-032   8.4856521270247328E-033   4.5773600434590915E-032  -3.1239101157907797E-033   2.3614941420241550E-031
