  0.95084384302239355        5.3344942107165713E-003   4.5926006270951156E-002   5.8568858409555205E-003   2.1644728477287217E-016   1.8082801877302750E-016  -1.2790321079208430E-016   2.6236828290415910E-016  -7.7463338723974050E-016  -3.2363369177937499E-016   1.6661479914894945E-016  -4.3973612092646138E-017  -1.9584221108193288E-016  -1.7404774337528539E-018  -5.3414689651055121E-017  -1.3320062849004079E-017   6.7367141826920944E-017  -1.9997758964289050E-016   3.0721064683228739E-018   4.7126460302442317E-017  -2.4923859549788613E-018  -5.5757295660621593E-017   3.6455033779053678E-017  -7.0977384475480877E-018   1.6297964675179559E-017   8.4537145641129221E-019  -4.0705404494615068E-022  -1.9250285527764130E-019  -1.0611465102039122E-019  -1.8727751182487871E-019   5.3344942107165713E-003  0.38447420950322331       0.10187573943989840       0.20715541131251256        2.6376289071159883E-016  -2.7185208708672636E-016  -5.7822637082753520E-016   1.4042213631031902E-016  -1.0453157948570493E-015  -3.8337558099023692E-016   7.1451189699155460E-016   3.8634883693888331E-017  -5.3058704084687152E-016   7.7994570130974855E-018  -1.1892455464267146E-017   2.8563167823774744E-017  -4.8519958664252674E-017  -5.2214127241596042E-017  -6.4533430538877686E-018  -3.2333079268246355E-016  -2.1350364082306926E-017  -1.1803087314154415E-016  -5.1810152225443841E-017  -2.3066759589185167E-017   1.5910563798403192E-017  -2.5770980026187800E-020  -2.8298323954842727E-020   1.6015157390991634E-017  -2.7591130455346899E-020   9.0289420159513014E-018   4.5926006270951156E-002  0.10187573943989840        2.9078397257579599E-002   5.5030475537894058E-002  -3.1381226950696410E-016   2.9814056356994683E-016   1.2563376546333861E-016  -4.8272562043256878E-016   1.7612227509107478E-016   2.6802584483223778E-016  -1.5460712828654058E-016   3.3075160491088821E-016   1.0441139628838829E-016   1.9801038730999386E-018  -5.6442016185359372E-018   6.9263382335321920E-018  -9.6710692120525265E-018  -2.3163894873117157E-017  -1.5619495221762028E-018  -8.3257948359298661E-017  -5.7601133545850271E-018  -3.3808871256164863E-017  -1.1987970623866350E-017  -6.4294092138526357E-018   4.9685806148921306E-018   3.2766128818026173E-020  -7.4990004192337294E-021   4.2241876451518242E-018  -1.2261019032761412E-020   2.3778036784117032E-018   5.8568858409555205E-003  0.20715541131251256        5.5030475537894058E-002  0.11162507351647147       -2.0945863712910596E-016   4.2547069520567030E-016   2.8311838734274674E-016  -3.9965735103424995E-016   2.0672631816170938E-016   5.9677292051842805E-016   7.1163076356644967E-017   5.3051199196646157E-016   2.4449053021476300E-016   4.1965622686941600E-018  -6.5747259342753486E-018   1.5346857875806594E-017  -2.5929194290398218E-017  -2.8758142812635012E-017  -3.4671547426881192E-018  -1.7404931247462241E-016  -1.1510504975154878E-017  -6.3765029758035819E-017  -2.7798787488968895E-017  -1.2449674728354158E-017   8.6230766942063243E-018  -1.1232323357931041E-020  -1.5247234241504999E-020   8.6276952804431565E-018  -1.5197842112941788E-020   4.8638300627423821E-018   2.1644728477287217E-016   2.6376289071159883E-016  -3.1381226950696410E-016  -2.0945863712910596E-016  0.13757919942043925       -1.3877787807814457E-016   5.2041704279304213E-017  0.18596907233438184       -5.5511151231257827E-017   2.0643209364124004E-016  0.12276317189233449       -2.1510571102112408E-016   1.1882855810441129E-016  -5.9853949490742028E-018  -3.1676566854420529E-017   9.0540740474099527E-017   1.9119488526463834E-017   3.9211757136567015E-017   4.4811819946972377E-018   2.3209218068614559E-016   4.3915181107068332E-017  -4.7352949768753604E-017  -3.9187575913320952E-017   1.9062464177269773E-017  -2.3296968055354319E-017  -2.3612503750828454E-017  -2.3658393332398615E-018   3.3575202754665861E-017  -2.1823197945291893E-019  -7.3137773012646200E-017   1.8082801877302750E-016  -2.7185208708672636E-016   2.9814056356994683E-016   4.2547069520567030E-016  -1.3877787807814457E-016  0.13757919942043956       -2.3418766925686896E-016   8.3266726846886741E-017  0.18596907233438190       -2.9490299091605721E-016  -1.7347234759768071E-016  0.12276317189233450        2.1163626406917047E-016  -4.6996897711560844E-020  -9.2853289387450253E-019   6.2802970237727597E-018   1.6291393870322005E-017   2.7664955245055071E-017   7.3097464071107041E-018  -1.1540640218883440E-016   4.4830741542752952E-017  -3.7654024162767526E-018  -4.3132846654931809E-017   7.9049240125354003E-017  -4.1811750292105213E-018  -7.6557792324755184E-018  -5.6210581799729546E-018   1.9684756351589070E-017   1.2755277892364620E-017  -3.7886464945627127E-018  -1.2790321079208430E-016  -5.7822637082753520E-016   1.2563376546333861E-016   2.8311838734274674E-016   5.2041704279304213E-017  -2.3418766925686896E-016  0.13757919942043959        3.4694469519536142E-017  -2.4459601011272980E-016  0.18596907233438198       -2.0903417885520525E-016   3.3827107781547738E-017  0.12276317189233477        2.3304225040959262E-018  -1.8266028389630257E-018   3.2743771656763598E-017  -3.2750379971550522E-017  -2.0111832708769874E-017   6.1549158673102067E-019  -1.2873874725837809E-016  -1.5184108030939838E-017   5.7828466352157832E-017   1.5263643056358215E-016   2.5253606336889098E-017  -1.0946149980239317E-017   5.4260249020368188E-019  -4.5126450005970023E-017  -3.2092365309222382E-017  -9.1864137374861374E-018  -9.3326100576231665E-018   2.6236828290415910E-016   1.4042213631031902E-016  -4.8272562043256878E-016  -3.9965735103424995E-016  0.18596907233438184        8.3266726846886741E-017   3.4694469519536142E-017  0.25137881315344063        2.4980018054066022E-016   2.3071822230491534E-016  0.16594189593933611       -5.5511151231257827E-017   1.2923689896027213E-016  -8.0906005480713621E-018  -4.2817967959329800E-017   1.2238606988095926E-016   2.5844266864123849E-017   5.3003463677701173E-017   6.0573201619573843E-018   3.1372451446213272E-016   5.9361193598169642E-017  -6.4008107169457801E-017  -5.2970777343764609E-017   2.5767185696587234E-017  -3.1491065187971422E-017  -3.1917582283745357E-017  -3.1979612321355417E-018   4.5384399211705060E-017  -2.9498935117747529E-019  -9.8862065319910107E-017  -7.7463338723974050E-016  -1.0453157948570493E-015   1.7612227509107478E-016   2.0672631816170938E-016  -5.5511151231257827E-017  0.18596907233438190       -2.4459601011272980E-016   2.4980018054066022E-016  0.25137881315344018       -2.9837243786801082E-016  -1.3877787807814457E-016  0.16594189593933584        3.5214886562329184E-016  -6.3526823145012889E-020  -1.2551199718650153E-018   8.4892266884487380E-018   2.2021464130192570E-017   3.7395377242839106E-017   9.8807578766009441E-018  -1.5599757555586932E-016   6.0598778390111781E-017  -5.0897839009852489E-018  -5.8303693533247136E-017   1.0685273585525653E-016  -5.6517936194245049E-018  -1.0348498667370366E-017  -7.5981178817054571E-018   2.6608352812449100E-017   1.7241612155055809E-017  -5.1212034738157506E-018  -3.2363369177937499E-016  -3.8337558099023692E-016   2.6802584483223778E-016   5.9677292051842805E-016   2.0643209364124004E-016  -2.9490299091605721E-016  0.18596907233438198        2.3071822230491534E-016  -2.9837243786801082E-016  0.25137881315344035       -1.6132928326584306E-016   6.6786853825107073E-017  0.16594189593933623        3.1500874627818251E-018  -2.4690624521459503E-018   4.4260534044309212E-017  -4.4269466660400781E-017  -2.7185642070530530E-017   8.3197460005701488E-019  -1.7401922312374044E-016  -2.0524719555239691E-017   7.8168111802757527E-017   2.0632228938616371E-016   3.4135899637101782E-017  -1.4796170976669410E-017   7.3344867665009522E-019  -6.0998494545006987E-017  -4.3380012608835638E-017  -1.2417493691174302E-017  -1.2615110730298843E-017   1.6661479914894945E-016   7.1451189699155460E-016  -1.5460712828654058E-016   7.1163076356644967E-017  0.12276317189233449       -1.7347234759768071E-016  -2.0903417885520525E-016  0.16594189593933611       -1.3877787807814457E-016  -1.6132928326584306E-016  0.10954269567313599       -2.4286128663675299E-016  -1.2229800505636490E-016  -5.3408223922804994E-018  -2.8265288925140611E-017   8.0790326829230172E-017   1.7060493638249009E-017   3.4989007799399192E-017   3.9985994817042178E-018   2.0709796533535507E-016   3.9185915818965696E-017  -4.2253468086448128E-017  -3.4967430673798959E-017   1.7009610292425925E-017  -2.0788096645406044E-017  -2.1069652018491818E-017  -2.1110599709814178E-018   2.9959459020363281E-017  -1.9473038161902122E-019  -6.5261500561109737E-017  -4.3973612092646138E-017   3.8634883693888331E-017   3.3075160491088821E-016   5.3051199196646157E-016  -2.1510571102112408E-016  0.12276317189233450        3.3827107781547738E-017  -5.5511151231257827E-017  0.16594189593933584        6.6786853825107073E-017  -2.4286128663675299E-016  0.10954269567313576        4.0679265511656126E-016  -4.1935759595004958E-020  -8.2853835273491807E-019   5.6039661977404444E-018   1.4536959035181880E-017   2.4685691372309761E-017   6.5225532525681116E-018  -1.0297818310519274E-016   4.0002878729182006E-017  -3.3599028488350901E-018  -3.8487831666495293E-017   7.0536356472107287E-017  -3.7309005357291602E-018  -6.8313214922409632E-018  -5.0157213770087129E-018   1.7564887263690707E-017   1.1381650562230368E-017  -3.3806437514578829E-018  -1.9584221108193288E-016  -5.3058704084687152E-016   1.0441139628838829E-016   2.4449053021476300E-016   1.1882855810441129E-016   2.1163626406917047E-016  0.12276317189233477        1.2923689896027213E-016   3.5214886562329184E-016  0.16594189593933623       -1.2229800505636490E-016   4.0679265511656126E-016  0.10954269567313622        2.0794572119714614E-018  -1.6298943389936045E-018   2.9217565483997453E-017  -2.9223462143430756E-017  -1.7945971384463309E-017   5.4920874506065751E-019  -1.1487475596210042E-016  -1.3548917802156450E-017   5.1600866882245768E-017   1.3619887629267294E-016   2.2534022793392704E-017  -9.7673492595113867E-018   4.8416914079078700E-019  -4.0266742082456952E-017  -2.8636309670968656E-017  -8.1971205929372865E-018  -8.3275729000783799E-018  -1.7404774337528539E-018   7.7994570130974855E-018   1.9801038730999386E-018   4.1965622686941600E-018  -5.9853949490742028E-018  -4.6996897711560844E-020   2.3304225040959262E-018  -8.0906005480713621E-018  -6.3526823145012889E-020   3.1500874627818251E-018  -5.3408223922804994E-018  -4.1935759595004958E-020   2.0794572119714614E-018   4.6170035384490422E-034   1.2097573954179853E-033  -2.7803850865684706E-033  -2.5086876577252612E-033  -2.7278172909806835E-033  -3.2408583564460082E-034  -1.8897899767769214E-032  -2.6118919776033274E-033   7.5177637217175933E-034   3.1817624210851531E-033  -8.8330665029655403E-034   1.1210520094912549E-033   1.0369029979147138E-033  -6.6011442774895988E-034  -1.6853311992079897E-033  -1.5082367043888941E-034   3.2088455448581804E-033  -5.3414689651055121E-017  -1.1892455464267146E-017  -5.6442016185359372E-018  -6.5747259342753486E-018  -3.1676566854420529E-017  -9.2853289387450253E-019  -1.8266028389630257E-018  -4.2817967959329800E-017  -1.2551199718650153E-018  -2.4690624521459503E-018  -2.8265288925140611E-017  -8.2853835273491807E-019  -1.6298943389936045E-018   1.2097573954179853E-033   1.0674012096369396E-032  -2.1438732058570530E-032  -6.3871740684045402E-033   3.8267236866800923E-033  -1.0667248068578292E-033  -4.3838825639493693E-032  -9.4287043800876264E-033   1.6842271357088930E-032   6.8078185678590033E-033  -4.1646902160655123E-033   4.1449221091121899E-033   5.4344957776695952E-033   1.1826616526662355E-033  -7.9093578293429160E-033   9.2900632413448100E-035   1.6727118033695901E-032  -1.3320062849004079E-017   2.8563167823774744E-017   6.9263382335321920E-018   1.5346857875806594E-017   9.0540740474099527E-017   6.2802970237727597E-018   3.2743771656763598E-017   1.2238606988095926E-016   8.4892266884487380E-018   4.4260534044309212E-017   8.0790326829230172E-017   5.6039661977404444E-018   2.9217565483997453E-017  -2.7803850865684706E-033  -2.1438732058570530E-032   6.9984342429362772E-032   9.4541333047258158E-034   2.1276959559528250E-032   2.9041875683548091E-033   9.2066429215511650E-032   2.5778722514852147E-032  -2.5559603427723874E-032   4.1837770528375262E-033   2.0547934990079049E-032  -1.7177674452319969E-032  -1.5773818319462052E-032  -1.2555721719304964E-032   1.6552198701856738E-032  -1.7482434666713556E-033  -4.9850718502622259E-032   6.7367141826920944E-017  -4.8519958664252674E-017  -9.6710692120525265E-018  -2.5929194290398218E-017   1.9119488526463834E-017   1.6291393870322005E-017  -3.2750379971550522E-017   2.5844266864123849E-017   2.2021464130192570E-017  -4.4269466660400781E-017   1.7060493638249009E-017   1.4536959035181880E-017  -2.9223462143430756E-017  -2.5086876577252612E-033  -6.3871740684045402E-033   9.4541333047258158E-034   2.3374667368658994E-032   5.8428886312837473E-033   2.3824767885514753E-033   9.3731497539993599E-032   1.7563295815703190E-032  -9.7701767561064702E-033  -3.7689565503082086E-032   8.4241062112906786E-033  -1.9843515186595041E-033  -4.2533941539201228E-033   9.7514090786904444E-033   1.2585679755757927E-032   3.6628019462590422E-033  -9.5528440429404815E-033  -1.9997758964289050E-016  -5.2214127241596042E-017  -2.3163894873117157E-017  -2.8758142812635012E-017   3.9211757136567015E-017   2.7664955245055071E-017  -2.0111832708769874E-017   5.3003463677701173E-017   3.7395377242839106E-017  -2.7185642070530530E-017   3.4989007799399192E-017   2.4685691372309761E-017  -1.7945971384463309E-017  -2.7278172909806835E-033   3.8267236866800923E-033   2.1276959559528250E-032   5.8428886312837473E-033   6.8527391267304455E-032   2.8709083771190097E-033   9.4856233262680868E-032   2.7110540080082455E-032   4.6643297787759643E-033  -4.2909595958274224E-032   2.2189917303252624E-032  -1.1410604635426535E-032  -8.5223658378724185E-033   4.7959991185023831E-033   1.6130957601861483E-032   3.8714906247301210E-033  -2.1403409727232762E-032   3.0721064683228739E-018  -6.4533430538877686E-018  -1.5619495221762028E-018  -3.4671547426881192E-018   4.4811819946972377E-018   7.3097464071107041E-018   6.1549158673102067E-019   6.0573201619573843E-018   9.8807578766009441E-018   8.3197460005701488E-019   3.9985994817042178E-018   6.5225532525681116E-018   5.4920874506065751E-019  -3.2408583564460082E-034  -1.0667248068578292E-033   2.9041875683548091E-033   2.3824767885514753E-033   2.8709083771190097E-033   6.5592056262560286E-034   6.4506948108441785E-033   4.0954308452672051E-033   3.1744845101183207E-034  -1.8920079676246767E-033   5.2984877237217224E-033  -1.2435357186693145E-033  -1.1701865743549428E-033  -5.7712122107414027E-034   1.7257108172548501E-033   6.2960892346599511E-034  -2.7778538289674205E-033   4.7126460302442317E-017  -3.2333079268246355E-016  -8.3257948359298661E-017  -1.7404931247462241E-016   2.3209218068614559E-016  -1.1540640218883440E-016  -1.2873874725837809E-016   3.1372451446213272E-016  -1.5599757555586932E-016  -1.7401922312374044E-016   2.0709796533535507E-016  -1.0297818310519274E-016  -1.1487475596210042E-016  -1.8897899767769214E-032  -4.3838825639493693E-032   9.2066429215511650E-032   9.3731497539993599E-032   9.4856233262680868E-032   6.4506948108441785E-033   8.8351918164089132E-031   6.8522201509613967E-032  -3.4514703748316155E-032  -1.2716666920407078E-031  -3.8751909687363723E-032  -3.8058752472490500E-032  -3.3851828714564793E-032   4.2974591804808319E-032   5.6667564490183310E-032  -2.4541547039092006E-033  -1.1908038312937479E-031  -2.4923859549788613E-018  -2.1350364082306926E-017  -5.7601133545850271E-018  -1.1510504975154878E-017   4.3915181107068332E-017   4.4830741542752952E-017  -1.5184108030939838E-017   5.9361193598169642E-017   6.0598778390111781E-017  -2.0524719555239691E-017   3.9185915818965696E-017   4.0002878729182006E-017  -1.3548917802156450E-017  -2.6118919776033274E-033  -9.4287043800876264E-033   2.5778722514852147E-032   1.7563295815703190E-032   2.7110540080082455E-032   4.0954308452672051E-033   6.8522201509613967E-032   3.1492474367203156E-032  -1.6044892623512130E-032  -4.0618358603505456E-032   3.0352677288758799E-032  -8.5114131472894509E-033  -1.0092168397987666E-032   2.3951921991725247E-033   1.9785069123722876E-032   5.1023466243554564E-033  -2.4050731700316503E-032  -5.5757295660621593E-017  -1.1803087314154415E-016  -3.3808871256164863E-017  -6.3765029758035819E-017  -4.7352949768753604E-017  -3.7654024162767526E-018   5.7828466352157832E-017  -6.4008107169457801E-017  -5.0897839009852489E-018   7.8168111802757527E-017  -4.2253468086448128E-017  -3.3599028488350901E-018   5.1600866882245768E-017   7.5177637217175933E-034   1.6842271357088930E-032  -2.5559603427723874E-032  -9.7701767561064702E-033   4.6643297787759643E-033   3.1744845101183207E-034  -3.4514703748316155E-032  -1.6044892623512130E-032   8.0023513479289982E-032   9.2615143101376915E-032   9.3573974216809241E-033  -2.2676117087024177E-033   8.5244862119035441E-033  -1.7991114009059820E-032  -3.0477166618635001E-032  -4.1208096638398518E-033   1.8599957270224315E-032   3.6455033779053678E-017  -5.1810152225443841E-017  -1.1987970623866350E-017  -2.7798787488968895E-017  -3.9187575913320952E-017  -4.3132846654931809E-017   1.5263643056358215E-016  -5.2970777343764609E-017  -5.8303693533247136E-017   2.0632228938616371E-016  -3.4967430673798959E-017  -3.8487831666495293E-017   1.3619887629267294E-016   3.1817624210851531E-033   6.8078185678590033E-033   4.1837770528375262E-033  -3.7689565503082086E-032  -4.2909595958274224E-032  -1.8920079676246767E-033  -1.2716666920407078E-031  -4.0618358603505456E-032   9.2615143101376915E-032   2.0246151302175878E-031   6.4820857264741736E-034  -5.7129061362516015E-033   9.7644146273783453E-033  -4.7625309417493935E-032  -5.3513902977015499E-032  -1.4129011470387117E-032   1.0437163367537348E-032  -7.0977384475480877E-018  -2.3066759589185167E-017  -6.4294092138526357E-018  -1.2449674728354158E-017   1.9062464177269773E-017   7.9049240125354003E-017   2.5253606336889098E-017   2.5767185696587234E-017   1.0685273585525653E-016   3.4135899637101782E-017   1.7009610292425925E-017   7.0536356472107287E-017   2.2534022793392704E-017  -8.8330665029655403E-034  -4.1646902160655123E-033   2.0547934990079049E-032   8.4241062112906786E-033   2.2189917303252624E-032   5.2984877237217224E-033  -3.8751909687363723E-032   3.0352677288758799E-032   9.3573974216809241E-033   6.4820857264741736E-034   5.4128445360785760E-032  -8.7087435497584498E-033  -7.5753464589228919E-033  -1.1839079769431225E-032   9.1137210731810922E-033   5.6147757124853212E-033  -1.4563084713419485E-032   1.6297964675179559E-017   1.5910563798403192E-017   4.9685806148921306E-018   8.6230766942063243E-018  -2.3296968055354319E-017  -4.1811750292105213E-018  -1.0946149980239317E-017  -3.1491065187971422E-017  -5.6517936194245049E-018  -1.4796170976669410E-017  -2.0788096645406044E-017  -3.7309005357291602E-018  -9.7673492595113867E-018   1.1210520094912549E-033   4.1449221091121899E-033  -1.7177674452319969E-032  -1.9843515186595041E-033  -1.1410604635426535E-032  -1.2435357186693145E-033  -3.8058752472490500E-032  -8.5114131472894509E-033  -2.2676117087024177E-033  -5.7129061362516015E-033  -8.7087435497584498E-033   5.8732466030516280E-033   4.2011531467712445E-033   4.1606526037688173E-033  -3.0746086993352420E-033   3.7727282226326328E-034   1.3610805249260097E-032   8.4537145641129221E-019  -2.5770980026187800E-020   3.2766128818026173E-020  -1.1232323357931041E-020  -2.3612503750828454E-017  -7.6557792324755184E-018   5.4260249020368188E-019  -3.1917582283745357E-017  -1.0348498667370366E-017   7.3344867665009522E-019  -2.1069652018491818E-017  -6.8313214922409632E-018   4.8416914079078700E-019   1.0369029979147138E-033   5.4344957776695952E-033  -1.5773818319462052E-032  -4.2533941539201228E-033  -8.5223658378724185E-033  -1.1701865743549428E-033  -3.3851828714564793E-032  -1.0092168397987666E-032   8.5244862119035441E-033   9.7644146273783453E-033  -7.5753464589228919E-033   4.2011531467712445E-033   4.4814873660881125E-033   5.4086305176980720E-034  -6.9858568158032502E-033  -7.0865250347958843E-034   1.2725656039906673E-032  -4.0705404494615068E-022  -2.8298323954842727E-020  -7.4990004192337294E-021  -1.5247234241504999E-020  -2.3658393332398615E-018  -5.6210581799729546E-018  -4.5126450005970023E-017  -3.1979612321355417E-018  -7.5981178817054571E-018  -6.0998494545006987E-017  -2.1110599709814178E-018  -5.0157213770087129E-018  -4.0266742082456952E-017  -6.6011442774895988E-034   1.1826616526662355E-033  -1.2555721719304964E-032   9.7514090786904444E-033   4.7959991185023831E-033  -5.7712122107414027E-034   4.2974591804808319E-032   2.3951921991725247E-033  -1.7991114009059820E-032  -4.7625309417493935E-032  -1.1839079769431225E-032   4.1606526037688173E-033   5.4086305176980720E-034   1.5071975096847131E-032   9.1436035116587111E-033   2.4957890726588130E-033   4.4729476411934081E-033  -1.9250285527764130E-019   1.6015157390991634E-017   4.2241876451518242E-018   8.6276952804431565E-018   3.3575202754665861E-017   1.9684756351589070E-017  -3.2092365309222382E-017   4.5384399211705060E-017   2.6608352812449100E-017  -4.3380012608835638E-017   2.9959459020363281E-017   1.7564887263690707E-017  -2.8636309670968656E-017  -1.6853311992079897E-033  -7.9093578293429160E-033   1.6552198701856738E-032   1.2585679755757927E-032   1.6130957601861483E-032   1.7257108172548501E-033   5.6667564490183310E-032   1.9785069123722876E-032  -3.0477166618635001E-032  -5.3513902977015499E-032   9.1137210731810922E-033  -3.0746086993352420E-033  -6.9858568158032502E-033   9.1436035116587111E-033   1.9163570274883062E-032   3.9135227381315960E-033  -1.5837616589854274E-032  -1.0611465102039122E-019  -2.7591130455346899E-020  -1.2261019032761412E-020  -1.5197842112941788E-020  -2.1823197945291893E-019   1.2755277892364620E-017  -9.1864137374861374E-018  -2.9498935117747529E-019   1.7241612155055809E-017  -1.2417493691174302E-017  -1.9473038161902122E-019   1.1381650562230368E-017  -8.1971205929372865E-018  -1.5082367043888941E-034   9.2900632413448100E-035  -1.7482434666713556E-033   3.6628019462590422E-033   3.8714906247301210E-033   6.2960892346599511E-034  -2.4541547039092006E-033   5.1023466243554564E-033  -4.1208096638398518E-033  -1.4129011470387117E-032   5.6147757124853212E-033   3.7727282226326328E-034  -7.0865250347958843E-034   2.4957890726588130E-033   3.9135227381315960E-033   1.7963240648492436E-033   3.8730140575638222E-034  -1.8727751182487871E-019   9.0289420159513014E-018   2.3778036784117032E-018   4.8638300627423821E-018  -7.3137773012646200E-017  -3.7886464945627127E-018  -9.3326100576231665E-018  -9.8862065319910107E-017  -5.1212034738157506E-018  -1.2615110730298843E-017  -6.5261500561109737E-017  -3.3806437514578829E-018  -8.3275729000783799E-018   3.2088455448581804E-033   1.6727118033695901E-032  -4.9850718502622259E-032  -9.5528440429404815E-033  -2.1403409727232762E-032  -2.7778538289674205E-033  -1.1908038312937479E-031  -2.4050731700316503E-032   1.8599957270224315E-032   1.0437163367537348E-032  -1.4563084713419485E-032   1.3610805249260097E-032   1.2725656039906673E-032   4.4729476411934081E-033  -1.5837616589854274E-032   3.8730140575638222E-034   3.9829937873456237E-032
