  0.95084384302104685        5.3344896608543647E-003   4.5926004728497734E-002   5.8568844958409565E-003   2.4329645804023973E-016   8.5897674925655222E-018   4.6279180905352793E-017  -8.1511745774519487E-017  -2.8050256111207958E-017   4.7559938196059889E-017   1.5631980243638330E-016   8.0213593111133718E-017   2.3235374915695763E-017  -5.8901969211402812E-018   3.5754246532406042E-017   5.8038972845019659E-017  -2.1469739773182665E-017  -2.4399897919311052E-016   1.2743626274934707E-017  -1.1942573871683368E-016   1.6803802410151776E-018  -2.2404778840501066E-017   5.6884124620819609E-019  -1.2182462657904983E-018  -2.4640254271153748E-019  -5.2858734864783365E-020  -2.0324605036312101E-027   1.0686542538070009E-019  -1.3214682835434768E-020   1.0320394136264288E-018   5.3344896608543647E-003  0.38447417739149153       0.10187572876578876       0.20715542472199241        6.3727098900928391E-016   9.2190381257171885E-017   2.1547197758575147E-016  -1.6796137246970382E-016   2.6069420974295996E-016   1.2378581534907093E-016   1.0294587169003539E-015   5.4867603583184470E-017   2.0772236620194779E-016   4.6070140394927188E-019  -3.0906769315835896E-017   1.6537210783426732E-017   4.9205668886420132E-017   9.6492496702802041E-017   1.0002396606135327E-017   6.8738517392476818E-016   1.3152167039183642E-016  -4.3551567202743722E-017   5.5383418133674839E-017   3.5015047746109971E-018   4.1666008088231155E-017   1.0420938294247822E-023  -1.4129517564693150E-025  -1.1016248864075923E-016   2.6664652069744190E-024   1.2951359895422105E-017   4.5926004728497734E-002  0.10187572876578876        2.9078393826470993E-002   5.5030477955243587E-002   2.2667993071487619E-016   1.3643101919110463E-016   9.3622880238786586E-017   1.5106369645873943E-017   2.1852905287196095E-016   8.1582990482816958E-017   3.2122821676140666E-016   1.1789410369113577E-016   8.6780107109350195E-017  -1.5398856692924902E-019  -6.4955010810245339E-018   7.0884212027320624E-018   1.2001112781535691E-017   1.4081960164985054E-017   3.2405019864538196E-018   1.7610161551391993E-016   3.4843083510499748E-017  -1.2560682349864998E-017   1.4665831337268747E-017   8.6849880565473474E-019   1.1001814911607921E-017  -2.4719502075177927E-021  -3.7442952570578544E-026  -2.9113652323503523E-017  -6.1797132587729428E-022   3.4716803198686591E-018   5.8568844958409565E-003  0.20715542472199241        5.5030477955243587E-002  0.11162509729311965       -4.5442507498780319E-016  -3.2944798059202436E-016  -2.3603994378527076E-016  -1.1701293739491896E-015  -3.7213376622978850E-016  -4.0933520861936497E-016  -1.5740990886021032E-016  -3.0850102465633688E-016  -2.0235091476830145E-016   2.2972866578183968E-019  -1.6539117052152508E-017   9.0916346301285855E-018   2.6442614571568522E-017   5.1220695516575002E-017   5.4288530332446973E-018   3.6995988226477097E-016   7.0863675284266950E-017  -2.3534058181111793E-017   2.9840065856620669E-017   1.8826433362067193E-018   2.2447138571298859E-017  -1.6020827997960663E-022  -7.6130240523285244E-026  -5.9350630097401263E-017  -4.0019078706427459E-023   6.9808914451223918E-018   2.4329645804023973E-016   6.3727098900928391E-016   2.2667993071487619E-016  -4.5442507498780319E-016  0.13757918876904421       -3.8163916471489756E-017  -6.9388939039072284E-017  0.18596905768947095        1.8041124150158794E-016   7.6327832942979512E-017  0.12276318194559190       -4.1633363423443370E-017   1.3530843112619095E-016   2.4090697846991889E-018  -8.4908591133769074E-018  -7.5613150111266486E-017   4.3250990894380007E-017  -2.5695084876474379E-017   2.6398135126144663E-018   2.5915963349112471E-016   4.4733231026434920E-017   1.6113083199638963E-017   1.0846888883485162E-016  -1.8213664676128170E-017  -5.2810540838302721E-018  -1.1345077633140163E-017  -1.9887186896110518E-017   4.5634664324627761E-017  -7.6591664388974676E-018  -8.4946637766073594E-017   8.5897674925655222E-018   9.2190381257171885E-017   1.3643101919110463E-016  -3.2944798059202436E-016  -3.8163916471489756E-017  0.13757918876904418        1.6393136847980827E-016  -2.8449465006019636E-016  0.18596905768947061       -9.8879238130678004E-017   1.5265566588595902E-016  0.12276318194559230        2.0729945537922845E-016  -3.8592451877465668E-020  -6.4094395384466222E-018  -2.5023934172854625E-017   4.0974822155330916E-017   3.0366708985778946E-017   4.3783760333052505E-018   1.7373543739446476E-016  -2.8457357566636442E-017  -4.8058552311730697E-017  -8.9080932496703759E-017   5.0540911787276455E-017   5.0936433763225883E-018  -2.8707060851055101E-017  -5.1104585362792263E-018  -3.4727339338645010E-017   9.4933849804711350E-019   1.3313877597917609E-017   4.6279180905352793E-017   2.1547197758575147E-016   9.3622880238786586E-017  -2.3603994378527076E-016  -6.9388939039072284E-017   1.6393136847980827E-016  0.13757918876904451       -3.6082248300317588E-016   8.2399365108898337E-017  0.18596905768947156        6.9388939039072284E-018   8.5868812060851951E-017  0.12276318194559155        4.7640475930824564E-019   3.0318368855839394E-018   2.9150462954159783E-017   3.1633846858924802E-017   2.6994210487937500E-017   2.0727318009806399E-018   9.4713257558008463E-017  -7.5545369210611850E-017   2.5331546896976021E-017   1.4700648730918990E-017   1.4316137363530795E-017  -3.5870484016774442E-018   8.1759011775854694E-017   1.2597991355667236E-017  -4.0835444729813706E-017   1.9583901126819643E-017  -2.4284458139581140E-017  -8.1511745774519487E-017  -1.6796137246970382E-016   1.5106369645873943E-017  -1.1701293739491896E-015  0.18596905768947095       -2.8449465006019636E-016  -3.6082248300317588E-016  0.25137879302346489       -7.6327832942979512E-017  -2.7061686225238191E-016  0.16594190930801345       -2.7061686225238191E-016  -5.5511151231257827E-017   3.2563968560736939E-018  -1.1477295966176236E-017  -1.0220809121596367E-016   5.8463391830767100E-017  -3.4732656621130844E-017   3.5682986344755805E-018   3.5031223299622335E-016   6.0466971028275829E-017   2.1780437331544696E-017   1.4661997374547732E-016  -2.4619843213188816E-017  -7.1385262579629508E-018  -1.5335410942063243E-017  -2.6881982952905907E-017   6.1685459831232295E-017  -1.0353077221001005E-017  -1.1482438819845704E-016  -2.8050256111207958E-017   2.6069420974295996E-016   2.1852905287196095E-016  -3.7213376622978850E-016   1.8041124150158794E-016  0.18596905768947061        8.2399365108898337E-017  -7.6327832942979512E-017  0.25137879302346411       -3.2786273695961654E-016   4.1633363423443370E-016  0.16594190930801375        1.5439038936193583E-016  -5.2166333976762198E-020  -8.6637916820654550E-018  -3.3825446271683740E-017   5.5386640475198685E-017   4.1047401905355203E-017   5.9183548937101162E-018   2.3484231785778960E-016  -3.8466486234947477E-017  -6.4961886803504986E-017  -1.2041281259712436E-016   6.8317351075712082E-017   6.8851987526333175E-018  -3.8804016096264655E-017  -6.9079282037953557E-018  -4.6941769541262229E-017   1.2832433995996814E-018   1.7996684623821359E-017   4.7559938196059889E-017   1.2378581534907093E-016   8.1582990482816958E-017  -4.0933520861936497E-016   7.6327832942979512E-017  -9.8879238130678004E-017  0.18596905768947156       -2.7061686225238191E-016  -3.2786273695961654E-016  0.25137879302346600        1.5265566588595902E-016  -1.7087026238371550E-016  0.16594190930801317        6.4396763027918565E-019   4.0982059403383531E-018   3.9403373252166528E-017   4.2760222269684947E-017   3.6488715571220849E-017   2.8017608136827390E-018   1.2802616017987536E-016  -1.0211647016239536E-016   3.4241253698301087E-017   1.9871216107418254E-017   1.9351462957949001E-017  -4.8486985358397330E-018   1.1051559842457201E-016   1.7029004184102906E-017  -5.5198240698179013E-017   2.6472024373921021E-017  -3.2825878951057476E-017   1.5631980243638330E-016   1.0294587169003539E-015   3.2122821676140666E-016  -1.5740990886021032E-016  0.12276318194559190        1.5265566588595902E-016   6.9388939039072284E-018  0.16594190930801345        4.1633363423443370E-016   1.5265566588595902E-016  0.10954272209517116        1.2490009027033011E-016   1.8388068845354155E-016   2.1496352387651110E-018  -7.5764720779078948E-018  -6.7470312825956693E-017   3.8593258995059690E-017  -2.2927961765302827E-017   2.3555300002208004E-018   2.3125053668278754E-016   3.9915875566988852E-017   1.4377853091301277E-017   9.6787792213419474E-017  -1.6252221360928770E-017  -4.7123333780234732E-018  -1.0123317648006265E-017  -1.7745520708162029E-017   4.0720232831978942E-017  -6.8343450161519073E-018  -7.5798670140793761E-017   8.0213593111133718E-017   5.4867603583184470E-017   1.1789410369113577E-016  -3.0850102465633688E-016  -4.1633363423443370E-017  0.12276318194559230        8.5868812060851951E-017  -2.7061686225238191E-016  0.16594190930801375       -1.7087026238371550E-016   1.2490009027033011E-016  0.10954272209517188        1.3183898417423734E-016  -3.4436401565888370E-020  -5.7192021501775122E-018  -2.2329087788224357E-017   3.6562212587889501E-017   2.7096495143376090E-017   3.9068654090204479E-018   1.5502573682897505E-016  -2.5392763221684435E-017  -4.2883090489731430E-017  -7.9487739547105696E-017   4.5098122797142118E-017   4.5451050712558670E-018  -2.5615575770673704E-017  -4.5601093939275680E-018  -3.0987525917696375E-017   8.4710351766469246E-019   1.1880096056521191E-017   2.3235374915695763E-017   2.0772236620194779E-016   8.6780107109350195E-017  -2.0235091476830145E-016   1.3530843112619095E-016   2.0729945537922845E-016  0.12276318194559155       -5.5511151231257827E-017   1.5439038936193583E-016  0.16594190930801317        1.8388068845354155E-016   1.3183898417423734E-016  0.10954272209517026        4.2510037070274976E-019   2.7053360798565739E-018   2.6011227566163093E-017   2.8227173981236340E-017   2.4087183557764189E-017   1.8495177467237219E-018   8.4513515265542019E-017  -6.7409831301723207E-017   2.2603573465585492E-017   1.3117524758062198E-017   1.2774421710448770E-017  -3.2007564481427797E-018   7.2954322002728234E-017   1.1241304144778779E-017  -3.6437844822669948E-017   1.7474896012595019E-017  -2.1669246487883776E-017  -5.8901969211402812E-018   4.6070140394927188E-019  -1.5398856692924902E-019   2.2972866578183968E-019   2.4090697846991889E-018  -3.8592451877465668E-020   4.7640475930824564E-019   3.2563968560736939E-018  -5.2166333976762198E-020   6.4396763027918565E-019   2.1496352387651110E-018  -3.4436401565888370E-020   4.2510037070274976E-019   8.0966492576454441E-035  -3.9782068027539514E-034  -1.5547710049563744E-033   1.0517388314521081E-033   1.2722110578587158E-033  -1.4015152942928835E-035   6.4407159786695267E-033   6.8817784192934747E-034   4.6636365983861734E-034   2.0428309938262209E-033  -2.7148030384796085E-034  -5.1283038924856266E-035   9.2835830258714816E-035  -3.0317559861935550E-034   5.2527405635684829E-034  -6.6485085239806573E-035  -1.5650446851616299E-033   3.5754246532406042E-017  -3.0906769315835896E-017  -6.4955010810245339E-018  -1.6539117052152508E-017  -8.4908591133769074E-018  -6.4094395384466222E-018   3.0318368855839394E-018  -1.1477295966176236E-017  -8.6637916820654550E-018   4.0982059403383531E-018  -7.5764720779078948E-018  -5.7192021501775122E-018   2.7053360798565739E-018  -3.9782068027539514E-034   4.7509449841758285E-033   7.3453952569737445E-033  -8.6796232522820139E-033  -1.6327504402146402E-032  -6.4558508879952901E-034  -8.2165804410779497E-032  -1.3677952922736246E-032   4.4740428511000061E-033  -6.6799954936525754E-033  -1.2446878391517738E-033  -3.3712086095885894E-033   3.8372717954040982E-033   1.7430654714757042E-033   6.8194440593486068E-033   8.5953516106169784E-034   3.0784803903155401E-033   5.8038972845019659E-017   1.6537210783426732E-017   7.0884212027320624E-018   9.0916346301285855E-018  -7.5613150111266486E-017  -2.5023934172854625E-017   2.9150462954159783E-017  -1.0220809121596367E-016  -3.3825446271683740E-017   3.9403373252166528E-017  -6.7470312825956693E-017  -2.2329087788224357E-017   2.6011227566163093E-017  -1.5547710049563744E-033   7.3453952569737445E-033   5.6511054380309437E-032  -2.3751285480353765E-032   3.5513425175993904E-033  -6.1139392665969759E-034  -1.3224090535581705E-031  -2.9767581450073023E-032   2.0540280278304404E-033  -3.7926661279471526E-032   3.9243251293133060E-033   2.9579827170974731E-033   2.8776674907354862E-032   1.4528751938640502E-032  -3.2055422879745791E-032   8.1854442075176428E-033   3.9728286728911504E-032  -2.1469739773182665E-017   4.9205668886420132E-017   1.2001112781535691E-017   2.6442614571568522E-017   4.3250990894380007E-017   4.0974822155330916E-017   3.1633846858924802E-017   5.8463391830767100E-017   5.5386640475198685E-017   4.2760222269684947E-017   3.8593258995059690E-017   3.6562212587889501E-017   2.8227173981236340E-017   1.0517388314521081E-033  -8.6796232522820139E-033  -2.3751285480353765E-032   3.9887498029336559E-032   2.5238579755160362E-032   3.5969064691207480E-033   2.4597068274244760E-031   5.0529275468905900E-033  -8.4889800058977011E-033   1.8041680126966073E-032   1.3095980322973034E-032   4.3837333392970273E-033   6.6839260187674791E-033  -4.8773200963816906E-033  -1.9522763106003265E-032   2.3781865365124351E-033  -2.6685670320809551E-032  -2.4399897919311052E-016   9.6492496702802041E-017   1.4081960164985054E-017   5.1220695516575002E-017  -2.5695084876474379E-017   3.0366708985778946E-017   2.6994210487937500E-017  -3.4732656621130844E-017   4.1047401905355203E-017   3.6488715571220849E-017  -2.2927961765302827E-017   2.7096495143376090E-017   2.4087183557764189E-017   1.2722110578587158E-033  -1.6327504402146402E-032   3.5513425175993904E-033   2.5238579755160362E-032   1.0432228233601883E-031   1.3782167441792085E-034   2.1432122118733513E-031   3.5871761586681678E-033  -1.3951492583653960E-032  -2.3084751933521818E-032   1.8571788229734668E-032   1.2076573182895988E-032   1.1838059708738658E-032   5.0580903974285833E-033  -5.2270088985031996E-032   5.4859488758879184E-033   1.7069466265641450E-032   1.2743626274934707E-017   1.0002396606135327E-017   3.2405019864538196E-018   5.4288530332446973E-018   2.6398135126144663E-018   4.3783760333052505E-018   2.0727318009806399E-018   3.5682986344755805E-018   5.9183548937101162E-018   2.8017608136827390E-018   2.3555300002208004E-018   3.9068654090204479E-018   1.8495177467237219E-018  -1.4015152942928835E-035  -6.4558508879952901E-034  -6.1139392665969759E-034   3.5969064691207480E-033   1.3782167441792085E-034   6.4854722073106106E-034   2.8101735476332956E-032   2.2342620044704074E-033  -2.2606739167518369E-033   9.0598209506240028E-034   1.5489406711112090E-033   1.0797728047730227E-033   9.9789309027536169E-035  -3.5442654882223814E-034  -3.6890563878106463E-033   1.7812193243993222E-034  -1.2238388218565577E-033  -1.1942573871683368E-016   6.8738517392476818E-016   1.7610161551391993E-016   3.6995988226477097E-016   2.5915963349112471E-016   1.7373543739446476E-016   9.4713257558008463E-017   3.5031223299622335E-016   2.3484231785778960E-016   1.2802616017987536E-016   2.3125053668278754E-016   1.5502573682897505E-016   8.4513515265542019E-017   6.4407159786695267E-033  -8.2165804410779497E-032  -1.3224090535581705E-031   2.4597068274244760E-031   2.1432122118733513E-031   2.8101735476332956E-032   2.0192186887285901E-030   2.3148265908613090E-031  -8.7804126128547288E-032   2.0099759127674400E-031   4.5801561797110500E-032   6.8619596197280772E-032  -1.3299149083505859E-033  -3.5242445419285942E-032  -1.8318012843480943E-031   2.5504804848484330E-034  -1.3688073758283557E-031   1.6803802410151776E-018   1.3152167039183642E-016   3.4843083510499748E-017   7.0863675284266950E-017   4.4733231026434920E-017  -2.8457357566636442E-017  -7.5545369210611850E-017   6.0466971028275829E-017  -3.8466486234947477E-017  -1.0211647016239536E-016   3.9915875566988852E-017  -2.5392763221684435E-017  -6.7409831301723207E-017   6.8817784192934747E-034  -1.3677952922736246E-032  -2.9767581450073023E-032   5.0529275468905900E-033   3.5871761586681678E-033   2.2342620044704074E-033   2.3148265908613090E-031   1.0690454121975970E-031  -1.3624870014748979E-032   6.4567465463366493E-032  -2.3039209177660698E-032   1.3452281815064354E-032  -4.2645170912187137E-032  -1.2326776383061602E-032   6.7591076319139666E-033  -1.3440314504760427E-032  -1.2608886372233795E-032  -2.2404778840501066E-017  -4.3551567202743722E-017  -1.2560682349864998E-017  -2.3534058181111793E-017   1.6113083199638963E-017  -4.8058552311730697E-017   2.5331546896976021E-017   2.1780437331544696E-017  -6.4961886803504986E-017   3.4241253698301087E-017   1.4377853091301277E-017  -4.2883090489731430E-017   2.2603573465585492E-017   4.6636365983861734E-034   4.4740428511000061E-033   2.0540280278304404E-033  -8.4889800058977011E-033  -1.3951492583653960E-032  -2.2606739167518369E-033  -8.7804126128547288E-032  -1.3624870014748979E-032   2.8772076317983200E-032   4.0258798200993521E-032  -1.7519538291486094E-032  -7.7590973961271383E-033   2.3754060931893924E-032   1.7755879727201761E-033   2.2397939587903154E-032   2.3775073714303697E-033  -2.0557531056909217E-032   5.6884124620819609E-019   5.5383418133674839E-017   1.4665831337268747E-017   2.9840065856620669E-017   1.0846888883485162E-016  -8.9080932496703759E-017   1.4700648730918990E-017   1.4661997374547732E-016  -1.2041281259712436E-016   1.9871216107418254E-017   9.6787792213419474E-017  -7.9487739547105696E-017   1.3117524758062198E-017   2.0428309938262209E-033  -6.6799954936525754E-033  -3.7926661279471526E-032   1.8041680126966073E-032  -2.3084751933521818E-032   9.0598209506240028E-034   2.0099759127674400E-031   6.4567465463366493E-032   4.0258798200993521E-032   1.5274570147674592E-031  -4.5050132807305567E-032  -1.8428462390933109E-033   1.8379059025781856E-032  -1.1024181953028777E-032   3.8231817931890234E-032  -4.5606661265637654E-033  -7.6322798084725886E-032  -1.2182462657904983E-018   3.5015047746109971E-018   8.6849880565473474E-019   1.8826433362067193E-018  -1.8213664676128170E-017   5.0540911787276455E-017   1.4316137363530795E-017  -2.4619843213188816E-017   6.8317351075712082E-017   1.9351462957949001E-017  -1.6252221360928770E-017   4.5098122797142118E-017   1.2774421710448770E-017  -2.7148030384796085E-034  -1.2446878391517738E-033   3.9243251293133060E-033   1.3095980322973034E-032   1.8571788229734668E-032   1.5489406711112090E-033   4.5801561797110500E-032  -2.3039209177660698E-032  -1.7519538291486094E-032  -4.5050132807305567E-032   2.2501169441312031E-032   2.5776384525186809E-033  -5.3614681812507932E-034   2.0663437291750415E-033  -2.4053504651843672E-032   3.4005882075360422E-033   1.3726617173798862E-032  -2.4640254271153748E-019   4.1666008088231155E-017   1.1001814911607921E-017   2.2447138571298859E-017  -5.2810540838302721E-018   5.0936433763225883E-018  -3.5870484016774442E-018  -7.1385262579629508E-018   6.8851987526333175E-018  -4.8486985358397330E-018  -4.7123333780234732E-018   4.5451050712558670E-018  -3.2007564481427797E-018  -5.1283038924856266E-035  -3.3712086095885894E-033   2.9579827170974731E-033   4.3837333392970273E-033   1.2076573182895988E-032   1.0797728047730227E-033   6.8619596197280772E-032   1.3452281815064354E-032  -7.7590973961271383E-033  -1.8428462390933109E-033   2.5776384525186809E-033   5.0009426926644048E-033  -2.7589683861166639E-033   2.4571194044263920E-034  -1.3912630406854414E-032  -1.8144256494544053E-034   5.7896257677704647E-033  -5.2858734864783365E-020   1.0420938294247822E-023  -2.4719502075177927E-021  -1.6020827997960663E-022  -1.1345077633140163E-017  -2.8707060851055101E-017   8.1759011775854694E-017  -1.5335410942063243E-017  -3.8804016096264655E-017   1.1051559842457201E-016  -1.0123317648006265E-017  -2.5615575770673704E-017   7.2954322002728234E-017   9.2835830258714816E-035   3.8372717954040982E-033   2.8776674907354862E-032   6.6839260187674791E-033   1.1838059708738658E-032   9.9789309027536169E-035  -1.3299149083505859E-033  -4.2645170912187137E-032   2.3754060931893924E-032   1.8379059025781856E-032  -5.3614681812507932E-034  -2.7589683861166639E-033   5.5512338809485836E-032   1.0192873352183501E-032  -2.0784302606608667E-032   1.2071605005120324E-032  -1.0204711024484654E-032  -2.0324605036312101E-027  -1.4129517564693150E-025  -3.7442952570578544E-026  -7.6130240523285244E-026  -1.9887186896110518E-017  -5.1104585362792263E-018   1.2597991355667236E-017  -2.6881982952905907E-017  -6.9079282037953557E-018   1.7029004184102906E-017  -1.7745520708162029E-017  -4.5601093939275680E-018   1.1241304144778779E-017  -3.0317559861935550E-034   1.7430654714757042E-033   1.4528751938640502E-032  -4.8773200963816906E-033   5.0580903974285833E-033  -3.5442654882223814E-034  -3.5242445419285942E-032  -1.2326776383061602E-032   1.7755879727201761E-033  -1.1024181953028777E-032   2.0663437291750415E-033   2.4571194044263920E-034   1.0192873352183501E-032   4.2181261605163688E-033  -9.0458233972438134E-033   2.8651538073483391E-033   9.5608518949958413E-033   1.0686542538070009E-019  -1.1016248864075923E-016  -2.9113652323503523E-017  -5.9350630097401263E-017   4.5634664324627761E-017  -3.4727339338645010E-017  -4.0835444729813706E-017   6.1685459831232295E-017  -4.6941769541262229E-017  -5.5198240698179013E-017   4.0720232831978942E-017  -3.0987525917696375E-017  -3.6437844822669948E-017   5.2527405635684829E-034   6.8194440593486068E-033  -3.2055422879745791E-032  -1.9522763106003265E-032  -5.2270088985031996E-032  -3.6890563878106463E-033  -1.8318012843480943E-031   6.7591076319139666E-033   2.2397939587903154E-032   3.8231817931890234E-032  -2.4053504651843672E-032  -1.3912630406854414E-032  -2.0784302606608667E-032  -9.0458233972438134E-033   6.7590625187408439E-032  -8.5929568598481792E-033  -2.8038719366462729E-032  -1.3214682835434768E-020   2.6664652069744190E-024  -6.1797132587729428E-022  -4.0019078706427459E-023  -7.6591664388974676E-018   9.4933849804711350E-019   1.9583901126819643E-017  -1.0353077221001005E-017   1.2832433995996814E-018   2.6472024373921021E-017  -6.8343450161519073E-018   8.4710351766469246E-019   1.7474896012595019E-017  -6.6485085239806573E-035   8.5953516106169784E-034   8.1854442075176428E-033   2.3781865365124351E-033   5.4859488758879184E-033   1.7812193243993222E-034   2.5504804848484330E-034  -1.3440314504760427E-032   2.3775073714303697E-033  -4.5606661265637654E-033   3.4005882075360422E-033  -1.8144256494544053E-034   1.2071605005120324E-032   2.8651538073483391E-033  -8.5929568598481792E-033   3.2206417751218634E-033   1.3641145197431775E-033   1.0320394136264288E-018   1.2951359895422105E-017   3.4716803198686591E-018   6.9808914451223918E-018  -8.4946637766073594E-017   1.3313877597917609E-017  -2.4284458139581140E-017  -1.1482438819845704E-016   1.7996684623821359E-017  -3.2825878951057476E-017  -7.5798670140793761E-017   1.1880096056521191E-017  -2.1669246487883776E-017  -1.5650446851616299E-033   3.0784803903155401E-033   3.9728286728911504E-032  -2.6685670320809551E-032   1.7069466265641450E-032  -1.2238388218565577E-033  -1.3688073758283557E-031  -1.2608886372233795E-032  -2.0557531056909217E-032  -7.6322798084725886E-032   1.3726617173798862E-032   5.7896257677704647E-033  -1.0204711024484654E-032   9.5608518949958413E-033  -2.8038719366462729E-032   1.3641145197431775E-033   5.8461265230527873E-032
