  0.96065513460560059       -7.3671359781855130E-003   3.4394910699071142E-002  -4.9089605300942259E-003  -7.5427431228658215E-033  -3.3901252794254302E-033   9.8048545598664060E-019  -1.2529061620014723E-032   2.8800288040111467E-033   2.8156230236529693E-019   4.5166291315409912E-032  -1.9290360517934166E-032   6.5035611762420976E-018   2.4413773094123849E-018   1.3000548248418222E-016   4.1585769609230113E-017  -1.0407728644159609E-016   2.3633086353865083E-016  -4.9574767366277671E-018  -3.5673217113927216E-016  -5.8639475187510867E-017   1.2712495974986099E-017  -5.4646180978483883E-017   2.5843721010492892E-031   3.0030835465064530E-017   6.5377788728998761E-033   5.2850889791316342E-032   1.7110634906954031E-018   1.3043711673916706E-031  -9.0163039265317776E-033  -7.3671359781855130E-003  0.27043928168198855        7.0654083279773017E-002  0.23889479682617465        1.5869972891977048E-031  -2.0235597750677164E-032  -3.6136974293166130E-017   1.3542585385087920E-031   3.8273169592438241E-032  -1.1226855272609170E-017   2.7173831223361007E-031  -5.5320624785798271E-032  -2.2150208325836110E-016  -4.5177888203742725E-018  -6.8372231680134674E-017   2.9537031256147735E-017  -2.3606594595398714E-017  -3.1435531876263707E-018   3.6411270008997764E-019  -4.6995981465745639E-017  -8.0470714408100701E-017  -4.7474663730652406E-017  -2.4348823917418087E-016  -1.2438412088070449E-031  -7.0427265346917833E-017  -1.2170207932969312E-033  -3.0570840769825401E-032  -3.7786179876208037E-017   9.0741150614249355E-033  -3.0651562043312621E-032   3.4394910699071142E-002   7.0654083279773017E-002   1.9832283097785498E-002   6.2473335190860610E-002   4.1339625504962593E-032  -5.4357292582334496E-033  -9.4411766621741776E-018   3.5046635896037630E-032   1.0147458140603710E-032  -2.9340094025101726E-018   7.2981355662313796E-032  -1.5239339122502811E-032  -5.7851154955804580E-017  -1.0926358901326830E-018  -1.3016975712652115E-017   9.3197429810801284E-018  -1.0127386628826149E-017   8.1123486790670326E-018  -9.1965208923956261E-020  -2.5816270557098994E-017  -2.3323865728732682E-017  -1.1971257236854014E-017  -6.5930214935103598E-017  -2.2851507530035393E-032  -1.7336529472740252E-017  -7.1982191699230548E-035  -6.0197714518176445E-033  -9.8461147884894762E-018   7.3125061807952189E-033  -8.3804540750903266E-033  -4.9089605300942259E-003  0.23889479682617465        6.2473335190860610E-002  0.21103237443731174        1.4018337065490360E-031  -1.7881845346224609E-032  -3.1921904427442134E-017   1.1961484272834484E-031   3.3815453815051254E-032  -9.9173767218257352E-018   2.4012981717577598E-031  -4.8902556873912292E-032  -1.9566493247893530E-016  -3.9869671987244085E-018  -6.0183863087137567E-017   2.6162350049709431E-017  -2.1027409496562379E-017  -2.3836084785842571E-018   3.1340583450548354E-019  -4.2110272779032707E-017  -7.1185743131614753E-017  -4.1918130994128968E-017  -2.1518937933150812E-016  -1.0945117376728103E-031  -6.2165714386619615E-017  -1.0642372801032956E-033  -2.6918413272511083E-032  -3.3377602546897306E-017   8.2332443624151995E-033  -2.7092712546979929E-032  -7.5427431228658215E-033   1.5869972891977048E-031   4.1339625504962593E-032   1.4018337065490360E-031   9.3139289725955252E-062  -1.1861482705597185E-062  -2.1205959508751521E-047   7.9500507002057853E-062   2.2446390052897859E-062  -6.5880846643184042E-048   1.5928581241213960E-061  -3.2393646475372096E-062  -1.2998387663321494E-046  -2.6589092276531051E-048  -4.0551880678795127E-047   1.7190883589325134E-047  -1.3501836029729233E-047  -2.6366253962701739E-048   2.3025409451284650E-049  -2.6378181708551260E-047  -4.7018074162028904E-047  -2.7897457101918597E-047  -1.4267884920820898E-046  -7.3846293365395080E-062  -4.1422506407882723E-047  -7.3597881188891453E-064  -1.8114013109181188E-062  -2.2176048057308545E-047   4.8868229471614077E-063  -1.7953989348475962E-062  -3.3901252794254302E-033  -2.0235597750677164E-032  -5.4357292582334496E-033  -1.7881845346224609E-032  -1.1861482705597185E-062   1.5303010057545509E-063   2.7039623769434277E-048  -1.0096952973577461E-062  -2.8798840301399963E-063   8.4014815945654326E-049  -2.0548521721329684E-062   4.2247065170258936E-063   1.6571948934826362E-047   3.2852966631592419E-049   4.5900928319602219E-048  -2.3840614531311274E-048   2.1960974712736749E-048  -7.3425205022270583E-049  -6.9416491413222871E-051   4.9856288444872984E-048   6.2708465458214761E-048   3.5054274311566884E-048   1.8470456367359550E-047   8.2604004111961058E-063   5.1543514370169922E-048   6.4370765458728348E-065   2.0739965655112203E-063   2.8245503788709188E-048  -1.2152528389335109E-063   2.3339269753447585E-063   9.8048545598664060E-019  -3.6136974293166130E-017  -9.4411766621741776E-018  -3.1921904427442134E-017  -2.1205959508751521E-047   2.7039623769434277E-048   4.8287397722082838E-033  -1.8096005779463648E-047  -5.1142011749136278E-048   1.5001689279423031E-033  -3.6310770354366148E-047   7.3922065893351085E-048   2.9597825133008390E-032   6.0367210219691368E-034   9.1355944145915474E-033  -3.9470076343152243E-033   3.1548188228754336E-033   4.1908383679951700E-034  -4.8633649349496802E-035   6.2812223700471074E-033   1.0753007194920720E-032   6.3436718186728124E-033   3.2535939618957793E-032   1.6619564830740102E-047   9.4106045246978765E-033   1.6259561654256554E-049   4.0847618070285513E-048   5.0491091640337527E-033  -1.2130481340793545E-048   4.0958015356885303E-048  -1.2529061620014723E-032   1.3542585385087920E-031   3.5046635896037630E-032   1.1961484272834484E-031   7.9500507002057853E-062  -1.0096952973577461E-062  -1.8096005779463648E-047   6.7897551540590570E-062   1.9129665119741770E-062  -5.6217648391406935E-048   1.3559252430557274E-061  -2.7511079175455746E-062  -1.1092426105960281E-046  -2.2836766149943529E-048  -3.5417658403206740E-047   1.4400883188329096E-047  -1.0857467361141289E-047  -3.7485386169784413E-048   2.2787055702203020E-049  -2.0238734158892311E-047  -3.9736832202616074E-047  -2.3878632602115831E-047  -1.2136577832886765E-046  -6.4634335117904182E-062  -3.5526075581806318E-047  -6.6930596963437762E-064  -1.5787497633607749E-062  -1.8928176739893873E-047   3.3411782210740471E-063  -1.5258483374147642E-062   2.8800288040111467E-033   3.8273169592438241E-032   1.0147458140603710E-032   3.3815453815051254E-032   2.2446390052897859E-062  -2.8798840301399963E-063  -5.1142011749136278E-048   1.9129665119741770E-062   5.4325248894878463E-063  -1.5889487008486246E-048   3.8671710339259825E-062  -7.9140376838116435E-063  -3.1345550576986759E-047  -6.2989922073606718E-049  -9.1528352884469696E-048   4.3532753098431569E-048  -3.7685517716554190E-048   5.1997886299717706E-049   3.1323460455711265E-050  -8.1131532071690472E-048  -1.1636840319494702E-047  -6.6720823295547111E-048  -3.4709271338281692E-047  -1.6561459643400193E-062  -9.8522085618647819E-048  -1.4566961183749681E-064  -4.1140036477329163E-063  -5.3448001180364910E-048   1.8179236049150979E-063  -4.3781115293216014E-063   2.8156230236529693E-019  -1.1226855272609170E-017  -2.9340094025101726E-018  -9.9173767218257352E-018  -6.5880846643184042E-048   8.4014815945654326E-049   1.5001689279423031E-033  -5.6217648391406935E-048  -1.5889487008486246E-048   4.6606559675857510E-034  -1.1282110971698392E-047   2.2970730606033310E-048   9.1952936968248312E-033   1.8749020618751893E-034   2.8351256785689602E-033  -1.2272540136598775E-033   9.8263660022876025E-034   1.2452920827512684E-034  -1.4990523154393191E-035   1.9600108700323424E-033   3.3421506471549827E-033   1.9705463289273346E-033   1.0109574390849703E-032   5.1571627234801916E-048   2.9229650951132676E-033   5.0358291567030047E-050   1.2677850757178155E-048   1.5686157385152364E-033  -3.8000006056818295E-049   1.2726996531239812E-048   4.5166291315409912E-032   2.7173831223361007E-031   7.2981355662313796E-032   2.4012981717577598E-031   1.5928581241213960E-061  -2.0548521721329684E-062  -3.6310770354366148E-047   1.3559252430557274E-061   3.8671710339259825E-062  -1.1282110971698392E-047   2.7592084581142308E-061  -5.6724660504868000E-062  -2.2254034887882971E-046  -4.4126011045828425E-048  -6.1686969636925424E-047   3.1999074945953079E-047  -2.9451674846344064E-047   9.7718214952288497E-048   9.5065653332347677E-050  -6.6816912923885060E-047  -8.4186761126499244E-047  -4.7077692626623935E-047  -2.4801182035304952E-046  -1.1102193237976932E-061  -6.9226878130403450E-047  -8.6684719975850041E-064  -2.7870564289201810E-062  -3.7930369800946135E-047   1.6270481575818523E-062  -3.1337987620331278E-062  -1.9290360517934166E-032  -5.5320624785798271E-032  -1.5239339122502811E-032  -4.8902556873912292E-032  -3.2393646475372096E-062   4.2247065170258936E-063   7.3922065893351085E-048  -2.7511079175455746E-062  -7.9140376838116435E-063   2.2970730606033310E-048  -5.6724660504868000E-062   1.1766637616265994E-062   4.5299942834415597E-047   8.7395175889846619E-049   1.1211348254119631E-047  -6.9599556288393471E-048   7.0965079186950114E-048  -4.4725376206116516E-048   3.2650508560385519E-050   1.7365707326594012E-047   1.7778187962032967E-047   9.4640727831677106E-048   5.1134481398185954E-047   1.9921071229737855E-062   1.3797753537549253E-047   1.0810275838364375E-064   5.1271389689688096E-063   7.7147185584968391E-048  -4.6859821487559076E-063   6.4833510097232867E-063   6.5035611762420976E-018  -2.2150208325836110E-016  -5.7851154955804580E-017  -1.9566493247893530E-016  -1.2998387663321494E-046   1.6571948934826362E-047   2.9597825133008390E-032  -1.1092426105960281E-046  -3.1345550576986759E-047   9.1952936968248312E-033  -2.2254034887882971E-046   4.5299942834415597E-047   1.8142051946408154E-031   3.7014080734252029E-033   5.6062616120362170E-032  -2.4171449678122382E-032   1.9283680560996611E-032   2.6902073730204385E-033  -3.0064361086452376E-034   3.8316825240732330E-032   6.5879439468448889E-032   3.8889493409522371E-032   1.9939799472766047E-031   1.0200094429587297E-046   5.7696879850767219E-032   9.9997537754905523E-049   2.5064340614541531E-047   3.0948934781769665E-032  -7.3682251376740086E-048   2.5100208660621021E-047   2.4413773094123849E-018  -4.5177888203742725E-018  -1.0926358901326830E-018  -3.9869671987244085E-018  -2.6589092276531051E-048   3.2852966631592419E-049   6.0367210219691368E-034  -2.2836766149943529E-048  -6.2989922073606718E-049   1.8749020618751893E-034  -4.4126011045828425E-048   8.7395175889846619E-049   3.7014080734252029E-033   8.1067178889201406E-035   1.4514898518669643E-033  -3.9110684590097373E-034   1.4158711916089208E-034   6.2275351994004629E-034  -1.8024855488492937E-035  -7.9070685569080570E-035   1.1974603204365574E-033   8.2064518095105244E-034   3.9196485033231932E-033   2.6935096607129943E-048   1.2443700183844283E-033   3.6031390449849733E-050   6.3625647652217939E-049   6.3287769306591687E-034   1.6385409311738589E-049   4.8826708734619713E-049   1.3000548248418222E-016  -6.8372231680134674E-017  -1.3016975712652115E-017  -6.0183863087137567E-017  -4.0551880678795127E-047   4.5900928319602219E-048   9.1355944145915474E-033  -3.5417658403206740E-047  -9.1528352884469696E-048   2.8351256785689602E-033  -6.1686969636925424E-047   1.1211348254119631E-047   5.6062616120362170E-032   1.4514898518669643E-033   3.4382519315628127E-032  -1.8118402261098944E-033  -8.0034929579411212E-033   3.2314366910377093E-032  -7.5215318021548173E-034  -3.5884194288729752E-032   1.2228442404379559E-032   1.3526046306047505E-032   5.3382687352351363E-032   6.5475062232683807E-047   2.1556078681081528E-032   1.1755272032773347E-048   1.4669100035582098E-047   9.6440241506329303E-033   1.5141667442069853E-047   6.4349516866973287E-048   4.1585769609230113E-017   2.9537031256147735E-017   9.3197429810801284E-018   2.6162350049709431E-017   1.7190883589325134E-047  -2.3840614531311274E-048  -3.9470076343152243E-033   1.4400883188329096E-047   4.3532753098431569E-048  -1.2272540136598775E-033   3.1999074945953079E-047  -6.9599556288393471E-048  -2.4171449678122382E-032  -3.9110684590097373E-034  -1.8118402261098944E-033   5.0969296368479067E-033  -7.2001960453434826E-033   1.0083530810383498E-032  -1.7859636366635024E-034  -2.0933994851627448E-032  -1.1473758134898204E-032  -4.6811256946598438E-033  -2.9298074881634480E-032  -2.3282975243620798E-048  -6.4512174396197815E-033   1.5416522435919026E-049  -1.0430490466563593E-048  -4.0968699964907085E-033   6.7589160793938824E-048  -3.7825187552372224E-048  -1.0407728644159609E-016  -2.3606594595398714E-017  -1.0127386628826149E-017  -2.1027409496562379E-017  -1.3501836029729233E-047   2.1960974712736749E-048   3.1548188228754336E-033  -1.0857467361141289E-047  -3.7685517716554190E-048   9.8263660022876025E-034  -2.9451674846344064E-047   7.0965079186950114E-048   1.9283680560996611E-032   1.4158711916089208E-034  -8.0034929579411212E-033  -7.2001960453434826E-033   1.3478495991541033E-032  -2.5483912607606498E-032   5.0765927456209296E-034   4.3137113965313479E-032   1.3656871444210285E-032   2.8989929303623194E-033   2.7935435575498859E-032  -1.6951040603490709E-047   3.0824398178267245E-033  -6.0297944852037698E-049  -3.0031193478272603E-048   3.2240196592676615E-033  -1.5040862007517119E-047   3.7496764397732569E-048   2.3633086353865083E-016  -3.1435531876263707E-018   8.1123486790670326E-018  -2.3836084785842571E-018  -2.6366253962701739E-048  -7.3425205022270583E-049   4.1908383679951700E-034  -3.7485386169784413E-048   5.1997886299717706E-049   1.2452920827512684E-034   9.7718214952288497E-048  -4.4725376206116516E-048   2.6902073730204385E-033   6.2275351994004629E-034   3.2314366910377093E-032   1.0083530810383498E-032  -2.5483912607606498E-032   5.8146332489537125E-032  -1.2211947826037396E-033  -8.7514874386333322E-032  -1.4027511208942477E-032   3.3606522739634635E-033  -1.2242694465365588E-032   6.4180780535643686E-047   7.7334863033599824E-033   1.6141044839106109E-048   1.3150365174570022E-047   6.0690528630307841E-034   3.2039248898859478E-047  -2.0668559417626404E-048  -4.9574767366277671E-018   3.6411270008997764E-019  -9.1965208923956261E-020   3.1340583450548354E-019   2.3025409451284650E-049  -6.9416491413222871E-051  -4.8633649349496802E-035   2.2787055702203020E-049   3.1323460455711265E-050  -1.4990523154393191E-035   9.5065653332347677E-050   3.2650508560385519E-050  -3.0064361086452376E-034  -1.8024855488492937E-035  -7.5215318021548173E-034  -1.7859636366635024E-034   5.0765927456209296E-034  -1.2211947826037396E-033   2.5976426240482188E-035   1.7809434723939564E-033   2.0501612407792556E-034  -1.2274216609082646E-034  -1.2161276185882779E-035  -1.4812923682905583E-048  -2.3963549343354348E-034  -3.5145633001450519E-050  -3.0911895871242629E-049  -5.4386072493639950E-035  -6.6097267315971627E-049   9.4781549619304017E-051  -3.5673217113927216E-016  -4.6995981465745639E-017  -2.5816270557098994E-017  -4.2110272779032707E-017  -2.6378181708551260E-047   4.9856288444872984E-048   6.2812223700471074E-033  -2.0238734158892311E-047  -8.1131532071690472E-048   1.9600108700323424E-033  -6.6816912923885060E-047   1.7365707326594012E-047   3.8316825240732330E-032  -7.9070685569080570E-035  -3.5884194288729752E-032  -2.0933994851627448E-032   4.3137113965313479E-032  -8.7514874386333322E-032   1.7809434723939564E-033   1.4161704244753058E-031   3.6659088495671141E-032   3.9934285708256547E-033   6.5154513919934094E-032  -7.3455213789295815E-047   1.7596528341198647E-033  -2.2131300098743125E-048  -1.4077416723546815E-047   6.3122367642845661E-033  -5.0289853268093125E-047   8.9986208806545302E-048  -5.8639475187510867E-017  -8.0470714408100701E-017  -2.3323865728732682E-017  -7.1185743131614753E-017  -4.7018074162028904E-047   6.2708465458214761E-048   1.0753007194920720E-032  -3.9736832202616074E-047  -1.1636840319494702E-047   3.3421506471549827E-033  -8.4186761126499244E-047   1.7778187962032967E-047   6.5879439468448889E-032   1.1974603204365574E-033   1.2228442404379559E-032  -1.1473758134898204E-032   1.3656871444210285E-032  -1.4027511208942477E-032   2.0501612407792556E-034   3.6659088495671141E-032   2.7797356704302605E-032   1.3403099648582636E-032   7.6332473724140088E-032   2.0857345713729858E-047   1.9175496618814292E-032  -4.9847443511128909E-050   5.8018913098969518E-048   1.1200310893649961E-032  -1.0977110847634709E-047   9.7444872915004561E-048   1.2712495974986099E-017  -4.7474663730652406E-017  -1.1971257236854014E-017  -4.1918130994128968E-017  -2.7897457101918597E-047   3.5054274311566884E-048   6.3436718186728124E-033  -2.3878632602115831E-047  -6.6720823295547111E-048   1.9705463289273346E-033  -4.7077692626623935E-047   9.4640727831677106E-048   3.8889493409522371E-032   8.2064518095105244E-034   1.3526046306047505E-032  -4.6811256946598438E-033   2.8989929303623194E-033   3.3606522739634635E-033  -1.2274216609082646E-034   3.9934285708256547E-033   1.3403099648582636E-032   8.4697776867086108E-033   4.2014931350711994E-032   2.4867570326094533E-047   1.2697496682502495E-032   2.9097977074107435E-049   5.9850671222398117E-048   6.6413360320014028E-033  -3.9171737447526437E-050   5.2636478785106151E-048  -5.4646180978483883E-017  -2.4348823917418087E-016  -6.5930214935103598E-017  -2.1518937933150812E-016  -1.4267884920820898E-046   1.8470456367359550E-047   3.2535939618957793E-032  -1.2136577832886765E-046  -3.4709271338281692E-047   1.0109574390849703E-032  -2.4801182035304952E-046   5.1134481398185954E-047   1.9939799472766047E-031   3.9196485033231932E-033   5.3382687352351363E-032  -2.9298074881634480E-032   2.7935435575498859E-032  -1.2242694465365588E-032  -1.2161276185882779E-035   6.5154513919934094E-032   7.6332473724140088E-032   4.2014931350711994E-032   2.2313278953161141E-031   9.5715747213666450E-047   6.1615100503835667E-032   6.8072710946929663E-049   2.4205386038389520E-047   3.3977044995066515E-032  -1.6507770227632509E-047   2.8225468025500359E-047   2.5843721010492892E-031  -1.2438412088070449E-031  -2.2851507530035393E-032  -1.0945117376728103E-031  -7.3846293365395080E-062   8.2604004111961058E-063   1.6619564830740102E-047  -6.4634335117904182E-062  -1.6561459643400193E-062   5.1571627234801916E-048  -1.1102193237976932E-061   1.9921071229737855E-062   1.0200094429587297E-046   2.6935096607129943E-048   6.5475062232683807E-047  -2.3282975243620798E-048  -1.6951040603490709E-047   6.4180780535643686E-047  -1.4812923682905583E-048  -7.3455213789295815E-047   2.0857345713729858E-047   2.4867570326094533E-047   9.5715747213666450E-047   1.2493669052203181E-061   3.9857093339415172E-047   2.2870530519175218E-063   2.7873971330218208E-062   1.7560164776790085E-047   3.0529746218693436E-062   1.1481671581882998E-062   3.0030835465064530E-017  -7.0427265346917833E-017  -1.7336529472740252E-017  -6.2165714386619615E-017  -4.1422506407882723E-047   5.1543514370169922E-048   9.4106045246978765E-033  -3.5526075581806318E-047  -9.8522085618647819E-048   2.9229650951132676E-033  -6.9226878130403450E-047   1.3797753537549253E-047   5.7696879850767219E-032   1.2443700183844283E-033   2.1556078681081528E-032  -6.4512174396197815E-033   3.0824398178267245E-033   7.7334863033599824E-033  -2.3963549343354348E-034   1.7596528341198647E-033   1.9175496618814292E-032   1.2697496682502495E-032   6.1615100503835667E-032   3.9857093339415172E-047   1.9163370943550406E-032   5.0732318705547528E-049   9.4837570132985016E-048   9.8601562694197608E-033   1.4620391458574133E-048   7.6938741223626785E-048   6.5377788728998761E-033  -1.2170207932969312E-033  -7.1982191699230548E-035  -1.0642372801032956E-033  -7.3597881188891453E-064   6.4370765458728348E-065   1.6259561654256554E-049  -6.6930596963437762E-064  -1.4566961183749681E-064   5.0358291567030047E-050  -8.6684719975850041E-064   1.0810275838364375E-064   9.9997537754905523E-049   3.6031390449849733E-050   1.1755272032773347E-048   1.5416522435919026E-049  -6.0297944852037698E-049   1.6141044839106109E-048  -3.5145633001450519E-050  -2.2131300098743125E-048  -4.9847443511128909E-050   2.9097977074107435E-049   6.8072710946929663E-049   2.2870530519175218E-063   5.0732318705547528E-049   4.9529015068102967E-065   4.8986350582372575E-064   1.7466084714347395E-049   8.4421738430031284E-064   7.1219662686883627E-065   5.2850889791316342E-032  -3.0570840769825401E-032  -6.0197714518176445E-033  -2.6918413272511083E-032  -1.8114013109181188E-062   2.0739965655112203E-063   4.0847618070285513E-048  -1.5787497633607749E-062  -4.1140036477329163E-063   1.2677850757178155E-048  -2.7870564289201810E-062   5.1271389689688096E-063   2.5064340614541531E-047   6.3625647652217939E-049   1.4669100035582098E-047  -1.0430490466563593E-048  -3.0031193478272603E-048   1.3150365174570022E-047  -3.0911895871242629E-049  -1.4077416723546815E-047   5.8018913098969518E-048   5.9850671222398117E-048   2.4205386038389520E-047   2.7873971330218208E-062   9.4837570132985016E-048   4.8986350582372575E-064   6.2730652963821724E-063   4.3083251492709193E-048   6.0520956941076976E-063   2.9313512060541309E-063   1.7110634906954031E-018  -3.7786179876208037E-017  -9.8461147884894762E-018  -3.3377602546897306E-017  -2.2176048057308545E-047   2.8245503788709188E-048   5.0491091640337527E-033  -1.8928176739893873E-047  -5.3448001180364910E-048   1.5686157385152364E-033  -3.7930369800946135E-047   7.7147185584968391E-048   3.0948934781769665E-032   6.3287769306591687E-034   9.6440241506329303E-033  -4.0968699964907085E-033   3.2240196592676615E-033   6.0690528630307841E-034  -5.4386072493639950E-035   6.3122367642845661E-033   1.1200310893649961E-032   6.6413360320014028E-033   3.3977044995066515E-032   1.7560164776790085E-047   9.8601562694197608E-033   1.7466084714347395E-049   4.3083251492709193E-048   5.2800252935373306E-033  -1.1750911173215356E-048   4.2756896724278921E-048   1.3043711673916706E-031   9.0741150614249355E-033   7.3125061807952189E-033   8.2332443624151995E-033   4.8868229471614077E-063  -1.2152528389335109E-063  -1.2130481340793545E-048   3.3411782210740471E-063   1.8179236049150979E-063  -3.8000006056818295E-049   1.6270481575818523E-062  -4.6859821487559076E-063  -7.3682251376740086E-048   1.6385409311738589E-049   1.5141667442069853E-047   6.7589160793938824E-048  -1.5040862007517119E-047   3.2039248898859478E-047  -6.6097267315971627E-049  -5.0289853268093125E-047  -1.0977110847634709E-047  -3.9171737447526437E-050  -1.6507770227632509E-047   3.0529746218693436E-062   1.4620391458574133E-048   8.4421738430031284E-064   6.0520956941076976E-063  -1.1750911173215356E-048   1.8086036456583037E-062  -2.3688764579020987E-063  -9.0163039265317776E-033  -3.0651562043312621E-032  -8.3804540750903266E-033  -2.7092712546979929E-032  -1.7953989348475962E-062   2.3339269753447585E-063   4.0958015356885303E-048  -1.5258483374147642E-062  -4.3781115293216014E-063   1.2726996531239812E-048  -3.1337987620331278E-062   6.4833510097232867E-063   2.5100208660621021E-047   4.8826708734619713E-049   6.4349516866973287E-048  -3.7825187552372224E-048   3.7496764397732569E-048  -2.0668559417626404E-048   9.4781549619304017E-051   8.9986208806545302E-048   9.7444872915004561E-048   5.2636478785106151E-048   2.8225468025500359E-047   1.1481671581882998E-062   7.6938741223626785E-048   7.1219662686883627E-065   2.9313512060541309E-063   4.2756896724278921E-048  -2.3688764579020987E-063   3.5750889151825713E-063
