  0.96065513295490756       -7.3671485829789910E-003   3.4394909454894769E-002  -4.9089737085509511E-003   1.1882616043749719E-017  -1.4263631435515990E-017   3.0725100406702094E-018  -5.1528074473338112E-018   1.3685313278663590E-017   1.8715216740768279E-019  -5.4133987483774736E-018  -2.4295999867178852E-018   2.9655870295608603E-018   6.1424258201830319E-020   4.6103956867191573E-017   7.6533232900487233E-017   4.6417828338859292E-019   8.3316407801336013E-017  -3.8475989905089329E-020  -4.2501774264936371E-017  -9.8909013980703414E-017   4.7462545826177585E-017   6.6409684197687868E-017   1.2561991568774353E-019   1.3489826705453698E-016   3.9084000196413272E-020  -5.5028019643686153E-022  -4.1081823058756627E-018   1.0986701734767259E-021  -3.1098290864050650E-018  -7.3671485829789910E-003  0.27043917392507688        7.0654046854487007E-002  0.23889481984955974        7.7374507469349724E-017  -4.0801175451970555E-018  -1.9841287735708660E-017   1.7093355562649085E-016  -3.3915923079598015E-017  -2.9897365901884350E-017   5.1961373929417788E-017  -1.1487285156424361E-017  -7.4673849609495275E-017  -2.3861720170106505E-018   5.6611052413351473E-017   8.4137663025518020E-017   9.7605248345592234E-018   1.9178005390776055E-018  -9.6648849879841756E-019  -2.6549129727089942E-016  -2.2180964908314438E-016  -5.3762062595940569E-017   2.2699959042672052E-016  -3.5393913131668614E-019   6.8969293199902169E-018  -1.3012428501384135E-020   2.0771024022430923E-022   1.3643317348013670E-017  -7.3592586259156108E-022   8.8358025965061027E-019   3.4394909454894769E-002   7.0654046854487007E-002   1.9832271561411364E-002   6.2473333945459460E-002   2.0743656575590623E-017  -1.6095409731378608E-018  -5.0879215286326711E-018   4.4638768237887970E-017  -8.3781895188251474E-018  -7.8346084104199196E-018   1.3424076576171374E-017  -3.1048391340323890E-018  -1.9473824120103709E-017  -6.2353875313860863E-019   1.6591757084615460E-017   2.4962309147344456E-017   2.5776101215511844E-018   3.6536274186209334E-018  -2.5495218389195026E-019  -7.1242079413067119E-017  -6.1918000234522190E-017  -1.2306283190861152E-017   6.2050289973942842E-017  -8.8083253159474524E-020   6.9101576117148471E-018  -1.9350255665793969E-021   3.3670792682340712E-023   3.4231114797051793E-018  -1.5147740745352419E-022   1.1415315081120649E-019  -4.9089737085509511E-003  0.23889481984955974        6.2473333945459460E-002  0.21103249920217096        6.8372740570887237E-017  -3.6281372675592933E-018  -1.7522760798129190E-017   1.5099483161563691E-016  -2.9938684768795206E-017  -2.6411145043707684E-017   4.5893880823508468E-017  -1.0151959718588801E-017  -6.5962250557988724E-017  -2.1078519686348385E-018   5.0087186588961235E-017   7.4454963563290885E-017   8.6232606904800253E-018   1.8328891558855236E-018  -8.5386398475428327E-019  -2.3460686160782741E-016  -1.9611221380802212E-016  -4.7414617715900090E-017   2.0064292803530310E-016  -3.1246217274579562E-019   6.3173400539577215E-018  -1.1430170256287742E-020   1.8257603707286636E-022   1.2045724066997100E-017  -6.4829099991852816E-022   7.7538154249387382E-019   1.1882616043749719E-017   7.7374507469349724E-017   2.0743656575590623E-017   6.8372740570887237E-017   2.2341169215041895E-032  -1.3767391426451179E-033  -5.6398465539523623E-033   4.8898035955543591E-032  -9.5176906566987009E-033  -8.5629794430399650E-033   1.4808271270069002E-032  -3.3265401970123617E-033  -2.1351135228061240E-032  -6.8275234933770228E-034   1.6890846089919998E-032   2.5220567952961750E-032   2.8031877874906102E-033   1.7630808960406552E-033  -2.7746297751303892E-034  -7.6683335541539363E-032  -6.4990035269439666E-032  -1.4711668576169888E-032   6.6003572865792150E-032  -9.9575030622976105E-035   3.9409840296729294E-033  -3.1587937673542454E-036   5.1494122949300081E-038   3.8490191169897857E-033  -1.9484175360655896E-037   2.0784984483488365E-034  -1.4263631435515990E-017  -4.0801175451970555E-018  -1.6095409731378608E-018  -3.6281372675592933E-018  -1.3767391426451179E-033   2.7669896840380814E-034   2.6145001633604888E-034  -2.5714471956493697E-033   3.2069449012366660E-034   4.6045024677574842E-034  -7.2410648172247295E-034   2.1435521471955276E-034   1.1126654390164145E-033   3.6053750137460753E-035  -1.5671938624894051E-033  -2.4491351018765537E-033  -1.5818378172575872E-034  -1.2766827913853600E-033   1.5551324248638599E-035   4.7498219986954596E-033   4.9172142029946152E-033   1.2267303410268213E-034  -4.5112249888177008E-033   3.6040788689342849E-036  -2.1258403149409454E-033  -3.8333239056766734E-037   5.0174359451443005E-039  -1.4991366811553326E-034  -5.0404407816342646E-039   3.2852876750702332E-035   3.0725100406702094E-018  -1.9841287735708660E-017  -5.0879215286326711E-018  -1.7522760798129190E-017  -5.6398465539523623E-033   2.6145001633604888E-034   1.4623690767738691E-033  -1.2542176014760945E-032   2.5219489487493644E-033   2.1918237759768063E-033  -3.8227851604553901E-033   8.3555665237300765E-034   5.4810452531470309E-033   1.7505664445636963E-034  -4.0277707979955242E-033  -5.9651170463279593E-033  -7.1417494098261746E-034   7.9078112050456523E-035   7.0737437625557833E-035   1.9347165311896391E-032   1.5996810581581853E-032   4.0656191876728146E-033  -1.6462884443382085E-032   2.6273170108755709E-035  -1.4988456944540110E-034   1.0567827185198381E-036  -1.6674822840830496E-038  -1.0108185220063826E-033   5.6836136302679943E-038  -7.2960412425730766E-035  -5.1528074473338112E-018   1.7093355562649085E-016   4.4638768237887970E-017   1.5099483161563691E-016   4.8898035955543591E-032  -2.5714471956493697E-033  -1.2542176014760945E-032   1.0804037514260510E-031  -2.1443464369467371E-032  -1.8896579648134206E-032   3.2844728066653292E-032  -7.2592264875896740E-033  -4.7198771551838833E-032  -1.5082000184225852E-033   3.5756911854238328E-032   5.3139245650665619E-032   6.1688517973567531E-033   1.1690809952761183E-033  -6.1084441441776618E-034  -1.6778050379788047E-031  -1.4014258355384055E-031  -3.4004574198181770E-032   1.4343965509850132E-031  -2.2377040207123976E-034   4.2894588876582843E-033  -8.2446388007317428E-036   1.3156660290212221E-037   8.6253145478578018E-033  -4.6570607793174799E-037   5.6006961865559406E-034   1.3685313278663590E-017  -3.3915923079598015E-017  -8.3781895188251474E-018  -2.9938684768795206E-017  -9.5176906566987009E-033   3.2069449012366660E-034   2.5219489487493644E-033  -2.1443464369467371E-032   4.4229727506832238E-033   3.7411100707406117E-033  -6.5696233870010632E-033   1.4041871139530339E-033   9.3772627575451675E-033   2.9920357680043188E-034  -6.4665567567945526E-033  -9.5044119379755059E-033  -1.2143723973693225E-033   8.6719272235555672E-034   1.2034679881291861E-034   3.2634598170948383E-032   2.6422796290505604E-032   7.3534968456628218E-033  -2.7503604211190981E-032   4.5928679358441351E-035   9.2991910676869331E-034   2.1464882983157741E-036  -3.3285351994398590E-038  -1.7606623006641259E-033   1.0662433466967420E-037  -1.5181023585471090E-034   1.8715216740768279E-019  -2.9897365901884350E-017  -7.8346084104199196E-018  -2.6411145043707684E-017  -8.5629794430399650E-033   4.6045024677574842E-034   2.1918237759768063E-033  -1.8896579648134206E-032   3.7411100707406117E-033   3.3055983493546500E-033  -5.7417793365875535E-033   1.2717239725291136E-033   8.2546728186553955E-033   2.6379643498719405E-034  -6.2895365993575155E-033  -9.3529992949715685E-033  -1.0795142219892365E-033  -2.6646505217609795E-034   1.0688875538909006E-034   2.9382854868514767E-032   2.4589861416662648E-032   5.9134163486561447E-033  -2.5142481767696948E-032   3.9052635571608793E-035  -8.5069141965995774E-034   1.4132440035097053E-036  -2.2606904200462836E-038  -1.5058442298135433E-033   8.0652988954463857E-038  -9.5665447978235757E-035  -5.4133987483774736E-018   5.1961373929417788E-017   1.3424076576171374E-017   4.5893880823508468E-017   1.4808271270069002E-032  -7.2410648172247295E-034  -3.8227851604553901E-033   3.2844728066653292E-032  -6.5696233870010632E-033  -5.7417793365875535E-033   1.0000344225340186E-032  -2.1957168125899632E-033  -1.4351486908131773E-032  -4.5845705833867856E-034   1.0678751027830067E-032   1.5837848311047937E-032   1.8723191298854256E-033   2.1457992201329160E-035  -1.8542846001538687E-034  -5.0803685098218941E-032  -4.2180981609275517E-032  -1.0521148779015685E-032   4.3312851551502827E-032  -6.8487565487230991E-035   7.6285853532407017E-034  -2.6613809403246783E-036   4.2175815767476130E-038   2.6369394651068492E-033  -1.4588836596990588E-037   1.8261295719466877E-034  -2.4295999867178852E-018  -1.1487285156424361E-017  -3.1048391340323890E-018  -1.0151959718588801E-017  -3.3265401970123617E-033   2.1435521471955276E-034   8.3555665237300765E-034  -7.2592264875896740E-033   1.4041871139530339E-033   1.2717239725291136E-033  -2.1957168125899632E-033   4.9576978927386481E-034   3.1692175651654906E-033   1.0136623840099937E-034  -2.5406853964923091E-033  -3.7989474749626053E-033  -4.1667672747456018E-034  -3.1951632962125797E-034   4.1238007541661282E-035   1.1419130477371155E-032   9.7213611220175823E-033   2.1522744181152413E-033  -9.8494146806506669E-033   1.4702893821136297E-035  -6.7868859305648794E-034   4.4213101269559100E-037  -7.2676445266540832E-039  -5.6884969330587062E-034   2.8179535415253177E-038  -2.8720085105513897E-035   2.9655870295608603E-018  -7.4673849609495275E-017  -1.9473824120103709E-017  -6.5962250557988724E-017  -2.1351135228061240E-032   1.1126654390164145E-033   5.4810452531470309E-033  -4.7198771551838833E-032   9.3772627575451675E-033   8.2546728186553955E-033  -1.4351486908131773E-032   3.1692175651654906E-033   2.0619897566803883E-032   6.5886797872922672E-034  -1.5585279445607847E-032  -2.3155711178400999E-032  -2.6943748336875650E-033  -4.4870075114781841E-034   2.6680462333371227E-034   7.3259410698909989E-032   6.1144459225209328E-032   1.4889422320673855E-032  -6.2608887292863402E-032   9.7842380387496862E-035  -1.7733900770009422E-033   3.6305571673683471E-036  -5.7881220326100327E-038  -3.7708254644183877E-033   2.0425030635148836E-037  -2.4696708538796782E-034   6.1424258201830319E-020  -2.3861720170106505E-018  -6.2353875313860863E-019  -2.1078519686348385E-018  -6.8275234933770228E-034   3.6053750137460753E-035   1.7505664445636963E-034  -1.5082000184225852E-033   2.9920357680043188E-034   2.6379643498719405E-034  -4.5845705833867856E-034   1.0136623840099937E-034   6.5886797872922672E-034   2.1053978304278923E-035  -4.9967508628679366E-034  -7.4266741336636530E-034  -8.6122977356318020E-035  -1.7231988011001349E-035   8.5278810552415924E-036   2.3427006060091974E-033   1.9574890707669051E-033   4.7418863067440108E-034  -2.0031610368976615E-033   3.1224869480284577E-036  -6.1357135905277445E-035   1.1466855291100443E-037  -1.8306652556052580E-039  -1.2036546580735351E-034   6.4892923966213722E-039  -7.7846165378937506E-036   4.6103956867191573E-017   5.6611052413351473E-017   1.6591757084615460E-017   5.0087186588961235E-017   1.6890846089919998E-032  -1.5671938624894051E-033  -4.0277707979955242E-033   3.5756911854238328E-032  -6.4665567567945526E-033  -6.2895365993575155E-033   1.0678751027830067E-032  -2.5406853964923091E-033  -1.5585279445607847E-032  -4.9967508628679366E-034   1.4214019642918361E-032   2.1522898587688294E-032   2.0793885709651054E-033   4.5371965966781079E-033  -2.0552992492173406E-034  -5.8042518780189732E-032  -5.1637849579417894E-032  -8.9721530992688449E-033   5.1119050696612581E-032  -6.8336674899682268E-035   8.1450741723721430E-033  -8.0260252999492152E-037   1.6462455594459483E-038   2.6705958010606430E-033  -1.0054322419163433E-037   3.1881909520967446E-035   7.6533232900487233E-017   8.4137663025518020E-017   2.4962309147344456E-017   7.4454963563290885E-017   2.5220567952961750E-032  -2.4491351018765537E-033  -5.9651170463279593E-033   5.3139245650665619E-032  -9.5044119379755059E-033  -9.3529992949715685E-033   1.5837848311047937E-032  -3.7989474749626053E-033  -2.3155711178400999E-032  -7.4266741336636530E-034   2.1522898587688294E-032   3.2645734877731232E-032   3.0965622783567238E-033   7.4387881477797314E-033  -3.0600755401116463E-034  -8.6680024973062753E-032  -7.7621739339346820E-032  -1.2951088203886039E-032   7.6580764889164167E-032  -1.0059732990226661E-034   1.3232365753982591E-032  -8.6979782352631655E-037   1.9924203641817094E-038   3.9379805503283591E-033  -1.4043410875133091E-037   2.1644292388487821E-035   4.6417828338859292E-019   9.7605248345592234E-018   2.5776101215511844E-018   8.6232606904800253E-018   2.8031877874906102E-033  -1.5818378172575872E-034  -7.1417494098261746E-034   6.1688517973567531E-033  -1.2143723973693225E-033  -1.0795142219892365E-033   1.8723191298854256E-033  -4.1667672747456018E-034  -2.6943748336875650E-033  -8.6122977356318020E-035   2.0793885709651054E-033   3.0965622783567238E-033   3.5282582351465699E-034   1.3258697760527138E-034  -3.4931170021896882E-035  -9.6197534433817644E-033  -8.0851944231732691E-033  -1.9053830084894645E-033   8.2479104016273848E-033  -1.2685995817212602E-035   3.5160258977055438E-034  -4.4019717209404407E-037   7.0825679604982755E-039   4.8956600888485538E-034  -2.5740693152922364E-038   2.9544063174344167E-035   8.3316407801336013E-017   1.9178005390776055E-018   3.6536274186209334E-018   1.8328891558855236E-018   1.7630808960406552E-033  -1.2766827913853600E-033   7.9078112050456523E-035   1.1690809952761183E-033   8.6719272235555672E-034  -2.6646505217609795E-034   2.1457992201329160E-035  -3.1951632962125797E-034  -4.4870075114781841E-034  -1.7231988011001349E-035   4.5371965966781079E-033   7.4387881477797314E-033   1.3258697760527138E-034   7.2501035670546783E-033  -1.2478898981048643E-035  -6.1996984345428028E-033  -1.0682863118171227E-032   3.6114334212891122E-033   7.9109566780083376E-033   7.5571108377410382E-036   1.1774556456922973E-032   3.2694945031182451E-036  -4.5800899741067200E-038  -2.2758389808525019E-034   8.8407020703921773E-038  -2.6158191653188243E-034  -3.8475989905089329E-020  -9.6648849879841756E-019  -2.5495218389195026E-019  -8.5386398475428327E-019  -2.7746297751303892E-034   1.5551324248638599E-035   7.0737437625557833E-035  -6.1084441441776618E-034   1.2034679881291861E-034   1.0688875538909006E-034  -1.8542846001538687E-034   4.1238007541661282E-035   2.6680462333371227E-034   8.5278810552415924E-036  -2.0552992492173406E-034  -3.0600755401116463E-034  -3.4931170021896882E-035  -1.2478898981048643E-035   3.4583840452154758E-036   9.5216160517889755E-034   7.9977892796273640E-034   1.8902985207983259E-034  -8.1614332543757752E-034   1.2570731153495043E-036  -3.3762702591874455E-035   4.3890291250542418E-038  -7.0556232184271427E-040  -4.8506020087656168E-035   2.5572551022197531E-039  -2.9495115025625788E-036  -4.2501774264936371E-017  -2.6549129727089942E-016  -7.1242079413067119E-017  -2.3460686160782741E-016  -7.6683335541539363E-032   4.7498219986954596E-033   1.9347165311896391E-032  -1.6778050379788047E-031   3.2634598170948383E-032   2.9382854868514767E-032  -5.0803685098218941E-032   1.1419130477371155E-032   7.3259410698909989E-032   2.3427006060091974E-033  -5.8042518780189732E-032  -8.6680024973062753E-032  -9.6197534433817644E-033  -6.1996984345428028E-033   9.5216160517889755E-034   2.6320927252432776E-031   2.2318606609126721E-031   5.0396585116090622E-032  -2.2660549840713316E-031   3.4145799925499762E-034  -1.3765759732616744E-032   1.0768869407820666E-035  -1.7570849000647118E-037  -1.3200219203491616E-032   6.6660847659569256E-037  -7.0762812732828787E-034  -9.8909013980703414E-017  -2.2180964908314438E-016  -6.1918000234522190E-017  -1.9611221380802212E-016  -6.4990035269439666E-032   4.9172142029946152E-033   1.5996810581581853E-032  -1.4014258355384055E-031   2.6422796290505604E-032   2.4589861416662648E-032  -4.2180981609275517E-032   9.7213611220175823E-033   6.1144459225209328E-032   1.9574890707669051E-033  -5.1637849579417894E-032  -7.7621739339346820E-032  -8.0851944231732691E-033  -1.0682863118171227E-032   7.9977892796273640E-034   2.2318606609126721E-031   1.9339285586037842E-031   3.9068413532681094E-032  -1.9411371867142637E-031   2.7762166766699433E-034  -2.0417969839170548E-032   6.4404958336488002E-036  -1.1084814729238810E-037  -1.0781719362692252E-032   4.8573001481242195E-037  -3.8750847800351801E-034   4.7462545826177585E-017  -5.3762062595940569E-017  -1.2306283190861152E-017  -4.7414617715900090E-017  -1.4711668576169888E-032   1.2267303410268213E-034   4.0656191876728146E-033  -3.4004574198181770E-032   7.3534968456628218E-033   5.9134163486561447E-033  -1.0521148779015685E-032   2.1522744181152413E-033   1.4889422320673855E-032   4.7418863067440108E-034  -8.9721530992688449E-033  -1.2951088203886039E-032  -1.9053830084894645E-033   3.6114334212891122E-033   1.8902985207983259E-034   5.0396585116090622E-032   3.9068413532681094E-032   1.2890581796481987E-032  -4.1649833689859376E-032   7.5915881985389848E-035   5.0984549160679006E-033   4.4416414230648948E-036  -6.7374817144026006E-038  -2.8911776701389623E-033   1.9795595702941261E-037  -3.2343456182442763E-034   6.6409684197687868E-017   2.2699959042672052E-016   6.2050289973942842E-017   2.0064292803530310E-016   6.6003572865792150E-032  -4.5112249888177008E-033  -1.6462884443382085E-032   1.4343965509850132E-031  -2.7503604211190981E-032  -2.5142481767696948E-032   4.3312851551502827E-032  -9.8494146806506669E-033  -6.2608887292863402E-032  -2.0031610368976615E-033   5.1119050696612581E-032   7.6580764889164167E-032   8.2479104016273848E-033   7.9109566780083376E-033  -8.1614332543757752E-034  -2.2660549840713316E-031  -1.9411371867142637E-031  -4.1649833689859376E-032   1.9602432786381971E-031  -2.8832137041263946E-034   1.5999241482100701E-032  -7.9950218544859290E-036   1.3318271687122215E-037   1.1169429646688057E-032  -5.3619207308564310E-037   5.0842507061733471E-034   1.2561991568774353E-019  -3.5393913131668614E-019  -8.8083253159474524E-020  -3.1246217274579562E-019  -9.9575030622976105E-035   3.6040788689342849E-036   2.6273170108755709E-035  -2.2377040207123976E-034   4.5928679358441351E-035   3.9052635571608793E-035  -6.8487565487230991E-035   1.4702893821136297E-035   9.7842380387496862E-035   3.1224869480284577E-036  -6.8336674899682268E-035  -1.0059732990226661E-034  -1.2685995817212602E-035   7.5571108377410382E-036   1.2570731153495043E-036   3.4145799925499762E-034   2.7762166766699433E-034   7.5915881985389848E-035  -2.8832137041263946E-034   4.7722502297803240E-037   7.2857038365553623E-036   2.1706825795130954E-038  -3.3760713320547812E-040  -1.8306982780647196E-035   1.0933953416709796E-039  -1.5290075561088544E-036   1.3489826705453698E-016   6.8969293199902169E-018   6.9101576117148471E-018   6.3173400539577215E-018   3.9409840296729294E-033  -2.1258403149409454E-033  -1.4988456944540110E-034   4.2894588876582843E-033   9.2991910676869331E-034  -8.5069141965995774E-034   7.6285853532407017E-034  -6.7868859305648794E-034  -1.7733900770009422E-033  -6.1357135905277445E-035   8.1450741723721430E-033   1.3232365753982591E-032   3.5160258977055438E-034   1.1774556456922973E-032  -3.3762702591874455E-035  -1.3765759732616744E-032  -2.0417969839170548E-032   5.0984549160679006E-033   1.5999241482100701E-032   7.2857038365553623E-036   1.9175508558630679E-032   5.1153840631389614E-036  -7.1302891901442159E-038  -1.7759306517007283E-034   1.3293817270073977E-037  -4.1147265453756792E-034   3.9084000196413272E-020  -1.3012428501384135E-020  -1.9350255665793969E-021  -1.1430170256287742E-020  -3.1587937673542454E-036  -3.8333239056766734E-037   1.0567827185198381E-036  -8.2446388007317428E-036   2.1464882983157741E-036   1.4132440035097053E-036  -2.6613809403246783E-036   4.4213101269559100E-037   3.6305571673683471E-036   1.1466855291100443E-037  -8.0260252999492152E-037  -8.6979782352631655E-037  -4.4019717209404407E-037   3.2694945031182451E-036   4.3890291250542418E-038   1.0768869407820666E-035   6.4404958336488002E-036   4.4416414230648948E-036  -7.9950218544859290E-036   2.1706825795130954E-038   5.1153840631389614E-036   2.1878405819236820E-039  -3.1955590546730881E-041  -8.0713271108565081E-037   7.8904298303687788E-041  -1.6694493156505430E-037  -5.5028019643686153E-022   2.0771024022430923E-022   3.3670792682340712E-023   1.8257603707286636E-022   5.1494122949300081E-038   5.0174359451443005E-039  -1.6674822840830496E-038   1.3156660290212221E-037  -3.3285351994398590E-038  -2.2606904200462836E-038   4.2175815767476130E-038  -7.2676445266540832E-039  -5.7881220326100327E-038  -1.8306652556052580E-039   1.6462455594459483E-038   1.9924203641817094E-038   7.0825679604982755E-039  -4.5800899741067200E-038  -7.0556232184271427E-040  -1.7570849000647118E-037  -1.1084814729238810E-037  -6.7374817144026006E-038   1.3318271687122215E-037  -3.3760713320547812E-040  -7.1302891901442159E-038  -3.1955590546730881E-041   4.6835708289145951E-043   1.2597499456407283E-038  -1.1768549186581487E-042   2.4283993979356403E-039  -4.1081823058756627E-018   1.3643317348013670E-017   3.4231114797051793E-018   1.2045724066997100E-017   3.8490191169897857E-033  -1.4991366811553326E-034  -1.0108185220063826E-033   8.6253145478578018E-033  -1.7606623006641259E-033  -1.5058442298135433E-033   2.6369394651068492E-033  -5.6884969330587062E-034  -3.7708254644183877E-033  -1.2036546580735351E-034   2.6705958010606430E-033   3.9379805503283591E-033   4.8956600888485538E-034  -2.2758389808525019E-034  -4.8506020087656168E-035  -1.3200219203491616E-032  -1.0781719362692252E-032  -2.8911776701389623E-033   1.1169429646688057E-032  -1.8306982780647196E-035  -1.7759306517007283E-034  -8.0713271108565081E-037   1.2597499456407283E-038   7.0282468374003300E-034  -4.1322773193381373E-038   5.6580247568940432E-035   1.0986701734767259E-021  -7.3592586259156108E-022  -1.5147740745352419E-022  -6.4829099991852816E-022  -1.9484175360655896E-037  -5.0404407816342646E-039   5.6836136302679943E-038  -4.6570607793174799E-037   1.0662433466967420E-037   8.0652988954463857E-038  -1.4588836596990588E-037   2.8179535415253177E-038   2.0425030635148836E-037   6.4892923966213722E-039  -1.0054322419163433E-037  -1.4043410875133091E-037  -2.5740693152922364E-038   8.8407020703921773E-038   2.5572551022197531E-039   6.6660847659569256E-037   4.8573001481242195E-037   1.9795595702941261E-037  -5.3619207308564310E-037   1.0933953416709796E-039   1.3293817270073977E-037   7.8904298303687788E-041  -1.1768549186581487E-042  -4.1322773193381373E-038   3.2139491099092578E-042  -5.8698315769676675E-039  -3.1098290864050650E-018   8.8358025965061027E-019   1.1415315081120649E-019   7.7538154249387382E-019   2.0784984483488365E-034   3.2852876750702332E-035  -7.2960412425730766E-035   5.6006961865559406E-034  -1.5181023585471090E-034  -9.5665447978235757E-035   1.8261295719466877E-034  -2.8720085105513897E-035  -2.4696708538796782E-034  -7.7846165378937506E-036   3.1881909520967446E-035   2.1644292388487821E-035   2.9544063174344167E-035  -2.6158191653188243E-034  -2.9495115025625788E-036  -7.0762812732828787E-034  -3.8750847800351801E-034  -3.2343456182442763E-034   5.0842507061733471E-034  -1.5290075561088544E-036  -4.1147265453756792E-034  -1.6694493156505430E-037   2.4283993979356403E-039   5.6580247568940432E-035  -5.8698315769676675E-039   1.2800800377254110E-035
