  0.96065513295491090       -7.3671485829771063E-003   3.4394909454893562E-002  -4.9089737085522972E-003   7.9518994324361260E-017   6.2515065026992199E-017  -3.5133751219056609E-018  -1.1287958705769345E-016  -3.5107026413178162E-016   3.5091587761004640E-019   1.0230489618772683E-016   3.3138840924042520E-016  -4.1603363406745303E-018   1.1943900560073492E-018  -1.0057176984777810E-016   1.7582072664710207E-017  -5.1007824567286766E-018   9.6331720305136072E-017  -2.7054270298470224E-018  -6.2504323875080691E-017  -8.0197565699687760E-018   7.5494185141432702E-018   1.5657916071137670E-017   1.4899368350055825E-017   7.6450539668059353E-018  -5.8111009768227329E-018  -1.5770089093906265E-022  -1.7886558770457434E-017  -1.3572207062003747E-022  -7.1446237493044731E-017  -7.3671485829771063E-003  0.27043917392507433        7.0654046854486063E-002  0.23889481984956018        4.9091069941916043E-016   5.0123635122355669E-016  -3.4148508408935225E-017   1.9850266117236261E-016   7.9321161535307760E-016  -9.8804955496608160E-017   1.2805025926816204E-016  -7.0949766397128290E-016  -6.2639121970234583E-017  -8.7594850351045413E-018   7.3500681582110638E-017  -6.4067408707005105E-017  -3.2420310064220043E-017  -4.1566721332076400E-017   9.4192868500990829E-018  -1.8762202602128318E-016   5.2568539523456326E-017  -3.9654860149814085E-018  -3.4968444485675294E-017  -1.5088880855189005E-017   1.0947855504451240E-017  -7.1565746712849548E-020   1.0320331572021383E-021  -6.6467409555893548E-019  -7.4501725260471230E-022  -1.0533393054761737E-017   3.4394909454893562E-002   7.0654046854486063E-002   1.9832271561410913E-002   6.2473333945459217E-002   1.3176642949182211E-016   1.3383170773293099E-016  -9.0895627381432656E-018   4.7796088919505183E-017   1.9477322946129778E-016  -2.5901969492553062E-017   3.7454561746309622E-017  -1.7356043202388362E-016  -1.6586740558708373E-017  -2.2523317237081707E-018   1.5475135545989009E-017  -1.6139171230573308E-017  -8.6963069355372806E-018  -7.2596157331888478E-018   2.3682491269334094E-018  -5.1574391733474265E-017   1.3484768586001973E-017  -7.5461320052902973E-019  -8.5796579704853589E-018  -3.3941945928382173E-018   3.1605764548103806E-018  -2.3851778919766871E-019   2.6472524784902868E-022  -8.5071626360690873E-019  -2.0054055570438750E-022  -5.4645129345622857E-018  -4.9089737085522972E-003  0.23889481984956018        6.2473333945459217E-002  0.21103249920217371        4.3380491536062315E-016   4.4289833251678840E-016  -3.0172782144706259E-017   1.7517016138269988E-016   7.0014199492706193E-016  -8.7284121849855880E-017   1.1329043446701240E-016  -6.2622150855610102E-016  -5.5342584899701056E-017  -7.7361769876762002E-018   6.4763384753015698E-017  -5.6568144871368046E-017  -2.8648727130605289E-017  -3.6559850675072217E-017   8.3165332252576873E-018  -1.6585012367817717E-016   4.6425914633110690E-017  -3.4905592702713856E-018  -3.0865202750782984E-017  -1.3304776832339704E-017   9.6841074640359986E-018  -7.2895175044232351E-020   9.1143983260051385E-022  -6.1695147061741068E-019  -6.5837725545416429E-022  -9.4241790014673111E-018   7.9518994324361260E-017   4.9091069941916043E-016   1.3176642949182211E-016   4.3380491536062315E-016   9.0010259500011924E-031   9.1722872032100531E-031  -6.2417347104390604E-032   3.4993465239228224E-031   1.4080010977108439E-030  -1.7958061238142274E-031   2.4267331295248492E-031  -1.2577235940487256E-030  -1.1427214717945786E-031  -1.5808086333047211E-032   1.2388769266346982E-031  -1.1476572989949970E-031  -5.9429236392955575E-032  -6.6245992533771975E-032   1.6861377479861963E-032  -3.4711764810443528E-031   9.4787118869473974E-032  -6.4785817875620459E-033  -6.2053697832206037E-032  -2.5988602355238547E-032   2.0641182015848712E-032  -6.9212843535753866E-034   1.8608496548439778E-036  -2.9382221393889302E-033  -1.3674710253808548E-036  -2.6058390944513534E-032   6.2515065026992199E-017   5.0123635122355669E-016   1.3383170773293099E-016   4.4289833251678840E-016   9.1722872032100531E-031   9.3504025081513521E-031  -6.3643804213370760E-032   3.5938490834053477E-031   1.4440230731749331E-030  -1.8331233553693636E-031   2.4572042265092606E-031  -1.2902463045747214E-030  -1.1656162824160176E-031  -1.6159173743280613E-032   1.2841023719500212E-031  -1.1748762797250582E-031  -6.0562890134400414E-032  -6.9490587098155163E-032   1.7263652803753305E-032  -3.5310399011533066E-031   9.6908940816888774E-032  -6.7595516330742575E-033  -6.3644866837169404E-032  -2.6816970506809718E-032   2.0920880615419345E-032  -5.9364882972093662E-034   1.9025100246770812E-036  -2.6518587667953116E-033  -1.3932001199953772E-036  -2.5211607712178286E-032  -3.5133751219056609E-018  -3.4148508408935225E-017  -9.0895627381432656E-018  -3.0172782144706259E-017  -6.2417347104390604E-032  -6.3643804213370760E-032   4.3325104434701873E-033  -2.4567814669143314E-032  -9.8634996209758733E-032   1.2486987294326450E-032  -1.6658440756082367E-032   8.8144896921501756E-032   7.9366204694599334E-033   1.1016432082805858E-033  -8.8249321763853448E-033   8.0165578447996330E-033   4.1214163248882911E-033   4.8082050187693022E-033  -1.1780489680930572E-033   2.4003968830743850E-032  -6.6073807480943112E-033   4.6629589952076971E-034   4.3474498699449744E-033   1.8382500265105496E-033  -1.4191422896616420E-033   3.5931250548328635E-035  -1.2971586893321044E-037   1.6676632712824647E-034   9.4795581100023912E-038   1.6619375779915363E-033  -1.1287958705769345E-016   1.9850266117236261E-016   4.7796088919505183E-017   1.7517016138269988E-016   3.4993465239228224E-031   3.5938490834053477E-031  -2.4567814669143314E-032   1.5772699718979937E-031   6.1908408402765215E-031  -7.2261035220035573E-032   8.2151084484036003E-032  -5.5569078550913955E-031  -4.5320718169876952E-032  -6.5364198023544873E-033   6.4979228345793438E-032  -4.8797641581586995E-032  -2.3126956758992602E-032  -4.1162558138824542E-032   7.1877845469895763E-033  -1.3014880979687843E-031   3.9322514117905110E-032  -3.7433417366138902E-033  -2.7312361708004406E-032  -1.2696457714221621E-032   7.1469071614869054E-033   5.9793430800450211E-034   7.7201390548074283E-037   1.5156090624983457E-033  -5.2938561161066858E-037   2.9521443881594823E-034  -3.5107026413178162E-016   7.9321161535307760E-016   1.9477322946129778E-016   7.0014199492706193E-016   1.4080010977108439E-030   1.4440230731749331E-030  -9.8634996209758733E-032   6.1908408402765215E-031   2.4395437792933898E-030  -2.8899695908806569E-031   3.3928787140511286E-031  -2.1880374320368839E-030  -1.8171123259198648E-031  -2.6019862344345720E-032   2.4939320019543608E-031  -1.9334536113157763E-031  -9.3037729338579449E-032  -1.5457325450606455E-031   2.8467255359801397E-032  -5.2711085063309425E-031   1.5644591977797832E-031  -1.4183569312066080E-032  -1.0760852313681624E-031  -4.9226332365966738E-032   2.9385842773839813E-032   1.7841288450451336E-033   3.0714566541739201E-036   4.1922658632796256E-033  -2.1316546213999829E-036  -6.2885319045999169E-033   3.5091587761004640E-019  -9.8804955496608160E-017  -2.5901969492553062E-017  -8.7284121849855880E-017  -1.7958061238142274E-031  -1.8331233553693636E-031   1.2486987294326450E-032  -7.2261035220035573E-032  -2.8899695908806569E-031   3.6104096023386506E-032  -4.7040986636195205E-032   2.5845447386670004E-031   2.2899501433750810E-032   3.1979487107699561E-033  -2.6613256462130715E-032   2.3368433574929154E-032   1.1859343860461719E-032   1.4954396840420375E-032  -3.4353686481921221E-033   6.8712491396455557E-032  -1.9189861991378509E-032   1.4306553446385418E-033   1.2739884060038353E-032   5.4774140840577996E-033  -4.0191573057511246E-033   4.0313219748816141E-035  -3.7673751746735630E-037   2.8647318768044245E-034   2.7257228397292702E-037   4.0231923676612282E-033   1.0230489618772683E-016   1.2805025926816204E-016   3.7454561746309622E-017   1.1329043446701240E-016   2.4267331295248492E-031   2.4572042265092606E-031  -1.6658440756082367E-032   8.2151084484036003E-032   3.3928787140511286E-031  -4.7040986636195205E-032   7.2283543786070499E-032  -3.0156689250977752E-031  -3.0305214552576168E-032  -4.0422519563080510E-033   2.3944501833960501E-032  -2.8590873631880625E-032  -1.6009821813241053E-032  -9.1953051701950592E-033   4.1902020427368902E-033  -9.6284938787702452E-032   2.4165049988643051E-032  -1.0579556361968020E-033  -1.4937432667604359E-032  -5.5485593528302203E-033   6.0586466508827907E-033  -6.7418780497622882E-034   4.7438356598512865E-037  -2.2868989006661496E-033  -3.6994343221368753E-037  -1.2888800474389026E-032   3.3138840924042520E-016  -7.0949766397128290E-016  -1.7356043202388362E-016  -6.2622150855610102E-016  -1.2577235940487256E-030  -1.2902463045747214E-030   8.8144896921501756E-032  -5.5569078550913955E-031  -2.1880374320368839E-030   2.5845447386670004E-031  -3.0156689250977752E-031   1.9627598605641408E-030   1.6242769927232419E-031   2.3291063300684283E-032  -2.2485533138739184E-031   1.7322648354542747E-031   8.3110498127363429E-032   1.3998154402902882E-031  -2.5507164782763276E-032   4.7025784164201688E-031  -1.4005406935765930E-031   1.2821238345702141E-032   9.6517676282056688E-032   4.4293099627498325E-032  -2.6140869442272356E-032  -1.7009619253583082E-033  -2.7496448443912577E-036  -4.0736205071827601E-033   1.9038625938225000E-036   4.3275902474986388E-033  -4.1603363406745303E-018  -6.2639121970234583E-017  -1.6586740558708373E-017  -5.5342584899701056E-017  -1.1427214717945786E-031  -1.1656162824160176E-031   7.9366204694599334E-033  -4.5320718169876952E-032  -1.8171123259198648E-031   2.2899501433750810E-032  -3.0305214552576168E-032   1.6242769927232419E-031   1.4544309030581547E-032   2.0230338436350011E-033  -1.6422138819369195E-032   1.4742557960747092E-032   7.5457439099253813E-033   9.0461805083408610E-033  -2.1667371087293824E-033   4.3870027248943902E-032  -1.2135685681354233E-032   8.7303183844061662E-034   8.0095670727779766E-033   3.4063880025952823E-033  -2.5842620694064725E-033   5.2083742114036551E-035  -2.3824797037924144E-037   2.6331835085172920E-034   1.7351389390287524E-037   2.8779101828136126E-033   1.1943900560073492E-018  -8.7594850351045413E-018  -2.2523317237081707E-018  -7.7361769876762002E-018  -1.5808086333047211E-032  -1.6159173743280613E-032   1.1016432082805858E-033  -6.5364198023544873E-033  -2.6019862344345720E-032   3.1979487107699561E-033  -4.0422519563080510E-033   2.3291063300684283E-032   2.0230338436350011E-033   2.8466953771081973E-034  -2.4787649266333955E-033   2.0908934682450409E-033   1.0441343034944351E-033   1.4410749718041567E-033  -3.0752620101880234E-034   6.0097642281113158E-033  -1.7092428358811332E-033   1.3584660108111026E-034   1.1472563605505818E-033   5.0314427929566995E-034  -3.4669488769977591E-034  -3.4666895796388329E-036  -3.3556356739995965E-038   3.7113723688332729E-036   2.3975742820393570E-038   2.6979179382702420E-034  -1.0057176984777810E-016   7.3500681582110638E-017   1.5475135545989009E-017   6.4763384753015698E-017   1.2388769266346982E-031   1.2841023719500212E-031  -8.8249321763853448E-033   6.4979228345793438E-032   2.4939320019543608E-031  -2.6613256462130715E-032   2.3944501833960501E-032  -2.2485533138739184E-031  -1.6422138819369195E-032  -2.4787649266333955E-033   3.0092201804187545E-032  -1.9037708980871620E-032  -8.1971569709942000E-033  -2.1067235790872898E-032   2.8113176819384916E-033  -4.4053181747473002E-032   1.4963302083766065E-032  -1.8414455800260676E-033  -1.1012995308165507E-032  -5.5878040853109946E-033   2.1602336518307837E-033   5.7713134786029634E-034   2.9378796639235774E-037   1.6568728807417100E-033  -1.8647102831294061E-037   4.4990384074293754E-033   1.7582072664710207E-017  -6.4067408707005105E-017  -1.6139171230573308E-017  -5.6568144871368046E-017  -1.1476572989949970E-031  -1.1748762797250582E-031   8.0165578447996330E-033  -4.8797641581586995E-032  -1.9334536113157763E-031   2.3368433574929154E-032  -2.8590873631880625E-032   1.7322648354542747E-031   1.4742557960747092E-032   2.0908934682450409E-033  -1.9037708980871620E-032   1.5438786705256911E-032   7.5817470595753070E-033   1.1416940858377829E-032  -2.2718203030513506E-033   4.3333013398444567E-032  -1.2562182434509340E-032   1.0621290205985795E-033   8.5265459829659480E-033   3.8134721973828059E-033  -2.4625862130446714E-033  -7.8896470615621311E-035  -2.4662679818287081E-037  -1.3776506790031437E-034   1.7392305515325731E-037   1.3125777886102338E-033  -5.1007824567286766E-018  -3.2420310064220043E-017  -8.6963069355372806E-018  -2.8648727130605289E-017  -5.9429236392955575E-032  -6.0562890134400414E-032   4.1214163248882911E-033  -2.3126956758992602E-032  -9.3037729338579449E-032   1.1859343860461719E-032  -1.6009821813241053E-032   8.3110498127363429E-032   7.5457439099253813E-033   1.0441343034944351E-033  -8.1971569709942000E-033   7.5817470595753070E-033   3.9238362839209732E-033   4.3899035201211438E-033  -1.1139292054544506E-033   2.2913438459572320E-032  -6.2608848459474554E-033   4.2902096095278798E-034   4.1004059455350605E-033   1.7185912920422919E-033  -1.3619208171941433E-033   4.4796600488305296E-035  -1.2291300100398278E-037   1.9123343953525977E-034   9.0284880245395413E-038   1.7096676983712663E-033   9.6331720305136072E-017  -4.1566721332076400E-017  -7.2596157331888478E-018  -3.6559850675072217E-017  -6.6245992533771975E-032  -6.9490587098155163E-032   4.8082050187693022E-033  -4.1162558138824542E-032  -1.5457325450606455E-031   1.4954396840420375E-032  -9.1953051701950592E-033   1.3998154402902882E-031   9.0461805083408610E-033   1.4410749718041567E-033  -2.1067235790872898E-032   1.1416940858377829E-032   4.3899035201211438E-033   1.5824916520512693E-032  -1.6904781180417945E-033   2.2135678861525101E-032  -8.7327957172065791E-033   1.3470826390066759E-033   6.8322571186051256E-033   3.7552431420826230E-033  -8.9536260596396780E-034  -5.6518464590327388E-034  -1.7146886808525839E-037  -1.6725334442404308E-033   9.9045453483818445E-038  -5.4911376404362970E-033  -2.7054270298470224E-018   9.4192868500990829E-018   2.3682491269334094E-018   8.3165332252576873E-018   1.6861377479861963E-032   1.7263652803753305E-032  -1.1780489680930572E-033   7.1877845469895763E-033   2.8467255359801397E-032  -3.4353686481921221E-033   4.1902020427368902E-033  -2.5507164782763276E-032  -2.1667371087293824E-033  -3.0752620101880234E-034   2.8113176819384916E-033  -2.2718203030513506E-033  -1.1139292054544506E-033  -1.6904781180417945E-033   3.3431363391974952E-034  -6.3624028279370640E-033   1.8477373638352167E-033  -1.5708929296469202E-034  -1.2554303331184289E-033  -5.6247991036328421E-034   3.6105668503160457E-034   1.2328696204194108E-035   3.6275699070144831E-038   2.2500479087087361E-035  -2.5550857715056709E-038  -1.8397859004231867E-034  -6.2504323875080691E-017  -1.8762202602128318E-016  -5.1574391733474265E-017  -1.6585012367817717E-016  -3.4711764810443528E-031  -3.5310399011533066E-031   2.4003968830743850E-032  -1.3014880979687843E-031  -5.2711085063309425E-031   6.8712491396455557E-032  -9.6284938787702452E-032   4.7025784164201688E-031   4.3870027248943902E-032   6.0097642281113158E-033  -4.4053181747473002E-032   4.3333013398444567E-032   2.2913438459572320E-032   2.2135678861525101E-032  -6.3624028279370640E-033   1.3492622930063744E-031  -3.6006595725580605E-032   2.2272574305846080E-033   2.3224739267487697E-032   9.4482122228137956E-033  -8.1544738383226134E-033   4.5888528282729475E-034  -7.0686867228211553E-037   1.7216072555078983E-033   5.2785260887940879E-037   1.2357703201309523E-032  -8.0197565699687760E-018   5.2568539523456326E-017   1.3484768586001973E-017   4.6425914633110690E-017   9.4787118869473974E-032   9.6908940816888774E-032  -6.6073807480943112E-033   3.9322514117905110E-032   1.5644591977797832E-031  -1.9189861991378509E-032   2.4165049988643051E-032  -1.4005406935765930E-031  -1.2135685681354233E-032  -1.7092428358811332E-033   1.4963302083766065E-032  -1.2562182434509340E-032  -6.2608848459474554E-033  -8.7327957172065791E-033   1.8477373638352167E-033  -3.6006595725580605E-032   1.0263568917120829E-032  -8.2185975834687311E-034  -6.8981034965762049E-033  -3.0323834114826044E-033   2.0735846750626112E-033   2.5960355565426507E-035   2.0149762173987582E-037  -6.3934487298845832E-036  -1.4374791532121753E-037  -1.5554885256260882E-033   7.5494185141432702E-018  -3.9654860149814085E-018  -7.5461320052902973E-019  -3.4905592702713856E-018  -6.4785817875620459E-033  -6.7595516330742575E-033   4.6629589952076971E-034  -3.7433417366138902E-033  -1.4183569312066080E-032   1.4306553446385418E-033  -1.0579556361968020E-033   1.2821238345702141E-032   8.7303183844061662E-034   1.3584660108111026E-034  -1.8414455800260676E-033   1.0621290205985795E-033   4.2902096095278798E-034   1.3470826390066759E-033  -1.5708929296469202E-034   2.2272574305846080E-033  -8.2185975834687311E-034   1.1580075697702366E-034   6.2668068891834641E-034   3.3350270156867466E-034  -9.8986994869225924E-035  -4.3988878496036645E-035  -1.6136851869117374E-038  -1.2897526478806526E-034   9.7154992235875906E-039  -4.0132060076842902E-034   1.5657916071137670E-017  -3.4968444485675294E-017  -8.5796579704853589E-018  -3.0865202750782984E-017  -6.2053697832206037E-032  -6.3644866837169404E-032   4.3474498699449744E-033  -2.7312361708004406E-032  -1.0760852313681624E-031   1.2739884060038353E-032  -1.4937432667604359E-032   9.6517676282056688E-032   8.0095670727779766E-033   1.1472563605505818E-033  -1.1012995308165507E-032   8.5265459829659480E-033   4.1004059455350605E-033   6.8322571186051256E-033  -1.2554303331184289E-033   2.3224739267487697E-032  -6.8981034965762049E-033   6.2668068891834641E-034   4.7466554220387294E-033   2.1728569360275539E-033  -1.2939662951369536E-033  -7.9748828163096170E-035  -1.3542848132574429E-037  -1.8819076953487735E-034   9.3943795784682551E-038   2.6370100062911703E-034   1.4899368350055825E-017  -1.5088880855189005E-017  -3.3941945928382173E-018  -1.3304776832339704E-017  -2.5988602355238547E-032  -2.6816970506809718E-032   1.8382500265105496E-033  -1.2696457714221621E-032  -4.9226332365966738E-032   5.4774140840577996E-033  -5.5485593528302203E-033   4.4293099627498325E-032   3.4063880025952823E-033   5.0314427929566995E-034  -5.5878040853109946E-033   3.8134721973828059E-033   1.7185912920422919E-033   3.7552431420826230E-033  -5.6247991036328421E-034   9.4482122228137956E-033  -3.0323834114826044E-033   3.3350270156867466E-034   2.1728569360275539E-033   1.0604233235218606E-033  -4.9100110651599320E-034  -8.3696144704605879E-035  -5.9536048713876013E-038  -2.3300464312600276E-034   3.9213984461600012E-038  -4.9438534105771862E-034   7.6450539668059353E-018   1.0947855504451240E-017   3.1605764548103806E-018   9.6841074640359986E-018   2.0641182015848712E-032   2.0920880615419345E-032  -1.4191422896616420E-033   7.1469071614869054E-033   2.9385842773839813E-032  -4.0191573057511246E-033   6.0586466508827907E-033  -2.6140869442272356E-032  -2.5842620694064725E-033  -3.4669488769977591E-034   2.1602336518307837E-033  -2.4625862130446714E-033  -1.3619208171941433E-033  -8.9536260596396780E-034   3.6105668503160457E-034  -8.1544738383226134E-033   2.0735846750626112E-033  -9.8986994869225924E-035  -1.2939662951369536E-033  -4.9100110651599320E-034   5.0888226893176206E-034  -5.0973038628325381E-035   4.0706797551720649E-038  -1.7498493383913832E-034  -3.1449932169662624E-038  -1.0196684906399473E-033  -5.8111009768227329E-018  -7.1565746712849548E-020  -2.3851778919766871E-019  -7.2895175044232351E-020  -6.9212843535753866E-034  -5.9364882972093662E-034   3.5931250548328635E-035   5.9793430800450211E-034   1.7841288450451336E-033   4.0313219748816141E-035  -6.7418780497622882E-034  -1.7009619253583082E-033   5.2083742114036551E-035  -3.4666895796388329E-036   5.7713134786029634E-034  -7.8896470615621311E-035   4.4796600488305296E-035  -5.6518464590327388E-034   1.2328696204194108E-035   4.5888528282729475E-034   2.5960355565426507E-035  -4.3988878496036645E-035  -7.9748828163096170E-035  -8.3696144704605879E-035  -5.0973038628325381E-035   3.5201821527191697E-035   5.1120608789946207E-040   1.0854201513141540E-034   1.1414314286526039E-039   4.3694504749199631E-034  -1.5770089093906265E-022   1.0320331572021383E-021   2.6472524784902868E-022   9.1143983260051385E-022   1.8608496548439778E-036   1.9025100246770812E-036  -1.2971586893321044E-037   7.7201390548074283E-037   3.0714566541739201E-036  -3.7673751746735630E-037   4.7438356598512865E-037  -2.7496448443912577E-036  -2.3824797037924144E-037  -3.3556356739995965E-038   2.9378796639235774E-037  -2.4662679818287081E-037  -1.2291300100398278E-037  -1.7146886808525839E-037   3.6275699070144831E-038  -7.0686867228211553E-037   2.0149762173987582E-037  -1.6136851869117374E-038  -1.3542848132574429E-037  -5.9536048713876013E-038   4.0706797551720649E-038   5.1120608789946207E-040   3.9558649229360274E-042  -1.2074717346633672E-040  -2.8220382621692191E-042  -3.0518465050579189E-038  -1.7886558770457434E-017  -6.6467409555893548E-019  -8.5071626360690873E-019  -6.1695147061741068E-019  -2.9382221393889302E-033  -2.6518587667953116E-033   1.6676632712824647E-034   1.5156090624983457E-033   4.1922658632796256E-033   2.8647318768044245E-034  -2.2868989006661496E-033  -4.0736205071827601E-033   2.6331835085172920E-034   3.7113723688332729E-036   1.6568728807417100E-033  -1.3776506790031437E-034   1.9123343953525977E-034  -1.6725334442404308E-033   2.2500479087087361E-035   1.7216072555078983E-033  -6.3934487298845832E-036  -1.2897526478806526E-034  -1.8819076953487735E-034  -2.3300464312600276E-034  -1.7498493383913832E-034   1.0854201513141540E-034  -1.2074717346633672E-040   3.3541002771322390E-034   4.7395281658834174E-039   1.3631290848643393E-033  -1.3572207062003747E-022  -7.4501725260471230E-022  -2.0054055570438750E-022  -6.5837725545416429E-022  -1.3674710253808548E-036  -1.3932001199953772E-036   9.4795581100023912E-038  -5.2938561161066858E-037  -2.1316546213999829E-036   2.7257228397292702E-037  -3.6994343221368753E-037   1.9038625938225000E-036   1.7351389390287524E-037   2.3975742820393570E-038  -1.8647102831294061E-037   1.7392305515325731E-037   9.0284880245395413E-038   9.9045453483818445E-038  -2.5550857715056709E-038   5.2785260887940879E-037  -1.4374791532121753E-037   9.7154992235875906E-039   9.3943795784682551E-038   3.9213984461600012E-038  -3.1449932169662624E-038   1.1414314286526039E-039  -2.8220382621692191E-042   4.7395281658834174E-039   2.0777486365630498E-042   4.0670262308679612E-038  -7.1446237493044731E-017  -1.0533393054761737E-017  -5.4645129345622857E-018  -9.4241790014673111E-018  -2.6058390944513534E-032  -2.5211607712178286E-032   1.6619375779915363E-033   2.9521443881594823E-034  -6.2885319045999169E-033   4.0231923676612282E-033  -1.2888800474389026E-032   4.3275902474986388E-033   2.8779101828136126E-033   2.6979179382702420E-034   4.4990384074293754E-033   1.3125777886102338E-033   1.7096676983712663E-033  -5.4911376404362970E-033  -1.8397859004231867E-034   1.2357703201309523E-032  -1.5554885256260882E-033  -4.0132060076842902E-034   2.6370100062911703E-034  -4.9438534105771862E-034  -1.0196684906399473E-033   4.3694504749199631E-034  -3.0518465050579189E-038   1.3631290848643393E-033   4.0670262308679612E-038   5.7677827292675717E-033
