  0.99992618746841477        2.3119792295505666E-004  -1.3233279150225911E-005   3.0251513013174848E-004  -3.1623152964246809E-006  -6.8961131893845043E-016  -9.4499296075573743E-017   1.9135227210526777E-017  -3.5501105709734590E-016  -3.5677675342842149E-017   1.1278971683323915E-017   4.1853367772076499E-016  -6.6172747447372596E-017  -1.6227098136068425E-016  -1.6216248465703096E-016   5.3681002683560373E-017   9.9117456011216005E-017  -1.9487867329751534E-019  -1.9142376548580298E-018   1.5656871318653035E-018  -3.3356452752453035E-019  -4.8252954080199296E-019   1.9304577341698224E-019  -9.7187751245761816E-018  -1.1669099751595950E-018   1.6565250601862868E-016   2.7756651582528052E-016  -4.8546768327815722E-018   8.7285748194363860E-017   4.5971186352618182E-017   7.2447895055905779E-017   1.0122344555187639E-016   3.6765770685903662E-017   2.0669939724895172E-017   2.3119792295505666E-004  0.63678790074729008        2.8840448315140915E-004  0.19443061941073395       -9.3706861296440026E-004  -1.7613736033685956E-015  -7.6370617694906934E-016   2.9780081970353859E-018   8.3846462855941937E-016  -1.6986507604965478E-016  -5.7801101591767489E-018  -1.2167965987554147E-015   9.3527641339278085E-016  -3.0189611829058546E-017   5.8216435477838578E-016  -7.1230570923311707E-016   5.8554830168680836E-017   1.0456544207270570E-017   7.5630232942688452E-018   1.1455136585169285E-018   1.0883768047591341E-017  -1.9017626241220719E-017  -3.8133849924059246E-018  -1.2614233581587517E-017   3.0030053536587310E-018  -4.9137527245440974E-017  -1.9577680688934002E-016   1.9325341010560239E-018   5.3460185802944761E-017   3.8404954500832142E-018  -5.4024317834695460E-019   3.8767000483839224E-017   1.4271720377135715E-018   1.9273183606970928E-016  -1.3233279150225911E-005   2.8840448315140915E-004  0.36659824405492747       -9.6114215072742745E-002  0.28717637308728156        1.1182537338940735E-015  -6.1860982389805207E-016   6.2444177915037802E-017   1.5032188019143783E-015  -1.5290043588702471E-015   1.0585128921876931E-016  -4.1655507901107930E-015   7.7333010603778366E-016   5.3529929030237114E-016   7.1035229670770092E-016   1.6147839376572045E-016   5.6696492511139966E-017   9.6253434401707785E-018  -4.3691169776479473E-017   3.2073467205150702E-017  -1.2832415146895894E-017   1.0954841996537670E-016   1.3697502245969330E-017   5.0249302306103172E-017  -3.7345009116797904E-017  -5.5758590387999057E-016  -1.4038458609145991E-015  -3.5639160396648209E-016  -1.0424234384053041E-016   1.1740765373501268E-016  -5.7424976882829382E-019   8.3408341386477780E-017  -3.6495264002997543E-018   1.4885068924212850E-016   3.0251513013174848E-004  0.19443061941073395       -9.6114215072742745E-002   8.4610899857589184E-002  -7.5646732986326279E-002   2.1154095727259427E-015   8.1387671578298746E-016  -1.9469777316477928E-017  -1.3087810823098604E-016   3.5161856345508370E-016  -2.9550595192969544E-017   7.2585011218129253E-016   8.4020183287217707E-017  -1.4973694214716749E-016  -1.0099509773785824E-017  -2.6037841650059882E-016   3.0319274845293295E-018   6.6802485459142056E-019   1.3775069225201452E-017  -8.0664300117519225E-018   6.6918284021580326E-018  -3.4556600760225633E-017  -4.7592340232643143E-018  -1.7041591847346742E-017   1.0717034421034688E-017   1.3134990638338994E-016   3.0865924572189412E-016   9.4113071412126734E-017   4.3704462043369114E-017  -2.9626409084244544E-017   2.2272385753807157E-021  -1.0023458147003459E-017   1.4020317722227061E-018   1.9813242157173626E-017  -3.1623152964246809E-006  -9.3706861296440026E-004  0.28717637308728156       -7.5646732986326279E-002  0.22496301954546108       -3.7492911979809334E-016  -6.3770735053188655E-016  -8.9096006328094074E-017   1.1728007608325592E-015  -1.1978414079739649E-015   8.2575482116053006E-017  -3.2627152038543385E-015   6.0385837806462947E-016   4.1918217809377954E-016   5.5602153178181919E-016   1.2787366608057048E-016   4.4376379819054991E-017   7.5209709065344555E-018  -3.4239563202209060E-017   2.5122859827014995E-017  -1.0072228252225187E-017   8.5850130910284391E-017   1.0736985318153370E-017   3.9386051581044277E-017  -2.9259926902799052E-017  -4.3669720593508962E-016  -1.0993512746776740E-015  -2.7918503460973958E-016  -8.1755826760000186E-017   9.1965315610645356E-017  -4.4830272844943476E-019   6.5268387044352677E-017  -2.8612041623694561E-018   1.1625122967703277E-016  -6.8961131893845043E-016  -1.7613736033685956E-015   1.1182537338940735E-015   2.1154095727259427E-015  -3.7492911979809334E-016   1.0014905655990787       -4.9960036108132222E-016  -7.6327832942979512E-017   2.5717679133182474E-003   3.5887091909265106E-017  -1.5246593050577055E-017   1.4628442805307803E-003  -1.5042491991606984E-015   1.2042606224293467E-016  -5.0095902687987792E-004   8.7745837071967530E-016   1.0234699101673901E-017  -1.6702495979935573E-017  -2.2930981572956338E-017   1.9120610324209267E-017  -1.0756203718964513E-017  -3.9638832542465365E-017  -3.6744290236563878E-018   1.8917514292480621E-017   9.8004112202963980E-018   1.5180464181760741E-016   1.5319742124571784E-015   2.5315184444084040E-017   1.5878675263408446E-017  -2.8855002430732622E-017   2.6056793740326263E-017   4.2477766975617992E-017   3.6086559274616820E-018  -3.7387819606160340E-016  -9.4499296075573743E-017  -7.6370617694906934E-016  -6.1860982389805207E-016   8.1387671578298746E-016  -6.3770735053188655E-016  -4.9960036108132222E-016   1.0014905655990862        3.4694469519536142E-017  -5.1130974454416606E-016   2.5717679133246425E-003  -4.7162794503119597E-017   8.1922316153005326E-016   1.4628442805229170E-003   7.4416926613973034E-017  -2.7945310995813980E-016  -5.0095902687635036E-004  -1.3583020342170043E-017   6.0544460631681624E-018   3.1464892931700910E-018   2.3442253705588705E-017  -9.2307378726717817E-019   2.8536445955806266E-017  -7.7661683019945665E-018  -9.2702386837149372E-018   1.1882259164042558E-017   2.0622395878634872E-017   2.8153222325711799E-016   1.1016387916006705E-016   1.1154309419432904E-017   1.0324134933961405E-016  -6.0690778484185616E-017  -8.3214473200573499E-017  -3.0625640054407067E-018  -1.7972735873322643E-018   1.9135227210526777E-017   2.9780081970353859E-018   6.2444177915037802E-017  -1.9469777316477928E-017  -8.9096006328094074E-017  -7.6327832942979512E-017   3.4694469519536142E-017   1.0014905655990840       -6.8199704781127246E-017  -5.5240100688136445E-017   2.5717679133236723E-003   9.9853326020020462E-017  -1.1763593571467725E-017   1.4628442805240942E-003   2.0630165056736288E-016   1.4049227276338727E-016  -5.0095902687705759E-004  -1.3114374625805338E-018  -1.4525800954015514E-016  -1.5246501007631751E-016   1.3608154221840341E-017   3.8111849054414939E-016   4.4589885295990919E-019   8.5736334104083134E-017   1.2679699800018168E-016   3.9325187778404168E-017  -1.8569749203503335E-016   3.0180621198286381E-017  -2.4331596206937150E-016  -1.1670705945128843E-016  -2.4862940545995331E-016   2.1053982262587838E-017  -1.2686601383232943E-016   1.6241332688214790E-018  -3.5501105709734590E-016   8.3846462855941937E-016   1.5032188019143783E-015  -1.3087810823098604E-016   1.1728007608325592E-015   2.5717679133182474E-003  -5.1130974454416606E-016  -6.8199704781127246E-017   6.6041462867070451E-006  -1.2176098616843268E-018  -2.1376994006287059E-019   3.7564966781287062E-006  -4.6078592330602215E-018   2.0990535224365131E-019  -1.2864328386819390E-006   2.5084086639554675E-018   6.0293194849222852E-020  -4.2891011367420997E-020  -5.8885390093619317E-020   4.9100584472883874E-020  -2.7621288251515898E-020  -1.0179015275370454E-019  -9.4357141118919243E-021   4.8579046002525121E-020   2.5166870242499134E-020   3.8982524681431667E-019   3.9340182114100461E-018   6.5007880561080896E-020   4.0775489006858366E-020  -7.4097921576787414E-020   6.6912288909338123E-020   1.0908036669557084E-019   9.2668127321640962E-021  -9.6009686076723864E-019  -3.5677675342842149E-017  -1.6986507604965478E-016  -1.5290043588702471E-015   3.5161856345508370E-016  -1.1978414079739649E-015   3.5887091909265106E-017   2.5717679133246425E-003  -5.5240100688136445E-017  -1.2176098616843268E-018   6.6041462867398388E-006  -2.6310960924130779E-019   2.1579223122661076E-018   3.7564966781178265E-006   1.1027310181843729E-019  -7.3617751028535596E-019  -1.2864328386760697E-006  -7.1865451620972854E-021   1.5547455615673095E-020   8.0799964392488608E-021   6.0198306371323347E-020  -2.3703983134930127E-021   7.3279887589444937E-020  -1.9943056015367713E-020  -2.3805418857428272E-020   3.0512931330272583E-020   5.2957080017186821E-020   7.2295792213724707E-019   2.8289425718478100E-019   2.8643599895985302E-020   2.6511761436379006E-019  -1.5585029165695606E-019  -2.1368979344682199E-019  -7.8644813163698646E-021  -4.6152911498356027E-021   1.1278971683323915E-017  -5.7801101591767489E-018   1.0585128921876931E-016  -2.9550595192969544E-017   8.2575482116053006E-017  -1.5246593050577055E-017  -4.7162794503119597E-017   2.5717679133236723E-003  -2.1376994006287059E-019  -2.6310960924130779E-019   6.6041462867348709E-006   2.3444945537592887E-019  -9.9235203726538625E-020   3.7564966781194409E-006   5.3730178432892437E-019   3.8440737426568953E-019  -1.2864328386774036E-006  -3.3676930192298457E-021  -3.7301388642156684E-019  -3.9152103303567514E-019   3.4944926681711181E-020   9.7868950424860855E-019   1.1450416030115700E-021   2.2016578151487222E-019   3.2560711220235567E-019   1.0098473174659196E-019  -4.7686006039920562E-019   7.7502031340046004E-020  -6.2482084758851399E-019  -2.9969675308484652E-019  -6.3846545263075115E-019   5.4065368052915800E-020  -3.2578434073424390E-019   4.1706771598643266E-021   4.1853367772076499E-016  -1.2167965987554147E-015  -4.1655507901107930E-015   7.2585011218129253E-016  -3.2627152038543385E-015   1.4628442805307803E-003   8.1922316153005326E-016   9.9853326020020462E-017   3.7564966781287062E-006   2.1579223122661076E-018   2.3444945537592887E-019   2.1367284551517944E-006  -9.9949887776886319E-019   3.2191222461995545E-019  -7.3173434920290876E-007   8.7153072827383674E-019  -3.5054259999416810E-020  -2.4396785705461170E-020  -3.3494529447134514E-020   2.7928845676077954E-020  -1.5711232467749794E-020  -5.7899137010967369E-020  -5.3671174410031639E-021   2.7632189992233878E-020   1.4315137848877958E-020   2.2173603993423963E-019   2.2377042696250970E-018   3.6977056051049519E-020   2.3193457922086541E-020  -4.2147551581277929E-020   3.8060300317625870E-020   6.2045875022082573E-020   5.2710448458115406E-021  -5.4611156561297452E-019  -6.6172747447372596E-017   9.3527641339278085E-016   7.7333010603778366E-016   8.4020183287217707E-017   6.0385837806462947E-016  -1.5042491991606984E-015   1.4628442805229170E-003  -1.1763593571467725E-017  -4.6078592330602215E-018   3.7564966781178265E-006  -9.9235203726538625E-020  -9.9949887776886319E-019   2.1367284551288068E-006   9.1426618745390276E-020   3.4390861147654550E-019  -7.3173434919381734E-007  -1.3916486625472441E-020   8.8435299338070945E-021   4.5959732665501200E-021   3.4241327810528618E-020  -1.3483034754219025E-021   4.1682246630241566E-020  -1.1343786224612483E-020  -1.3540732287761269E-020   1.7356024564567150E-020   3.0122454366011651E-020   4.1122484496161122E-019   1.6091274953981479E-019   1.6292732350874512E-020   1.5080123825717265E-019  -8.8649021005014563E-020  -1.2154863995668881E-019  -4.4733863632817446E-021  -2.6252183264773125E-021  -1.6227098136068425E-016  -3.0189611829058546E-017   5.3529929030237114E-016  -1.4973694214716749E-016   4.1918217809377954E-016   1.2042606224293467E-016   7.4416926613973034E-017   1.4628442805240942E-003   2.0990535224365131E-019   1.1027310181843729E-019   3.7564966781194409E-006   3.2191222461995545E-019   9.1426618745390276E-020   2.1367284551322517E-006   2.4104952948572736E-019   1.6801030857710619E-019  -7.3173434919544100E-007  -1.9155735034222075E-021  -2.1217358980220345E-019  -2.2270061808991932E-019   1.9876982625373382E-020   5.5668722526721089E-019   6.5130976683103074E-022   1.2523223910982474E-019   1.8520819834301990E-019   5.7441006433188505E-020  -2.7124220982601365E-019   4.4083839247809991E-020  -3.5540361107710236E-019  -1.7047015746255045E-019  -3.6316478281514951E-019   3.0752858382406610E-020  -1.8530900749575136E-019   2.3723179677114542E-021  -1.6216248465703096E-016   5.8216435477838578E-016   7.1035229670770092E-016  -1.0099509773785824E-017   5.5602153178181919E-016  -5.0095902687987792E-004  -2.7945310995813980E-016   2.0630165056736288E-016  -1.2864328386819390E-006  -7.3617751028535596E-019   5.3730178432892437E-019  -7.3173434920290876E-007   3.4390861147654550E-019   2.4104952948572736E-019   2.5058643109864270E-007  -2.9900924782535572E-019  -1.0829614015655757E-019   8.3548127361486536E-021   1.1470384853010091E-020  -9.5643859965973299E-021   5.3803975125208009E-021   1.9827876227186865E-020   1.8379987303767760E-021  -9.4627946346857721E-021  -4.9022972723184829E-021  -7.5934719960600096E-020  -7.6631406929090678E-019  -1.2662995140169649E-020  -7.9427265533564359E-021   1.4433659621985981E-020  -1.3033958066297806E-020  -2.1247949345581852E-020  -1.8050981446052826E-021   1.8701889334229374E-019   5.3681002683560373E-017  -7.1230570923311707E-016   1.6147839376572045E-016  -2.6037841650059882E-016   1.2787366608057048E-016   8.7745837071967530E-016  -5.0095902687635036E-004   1.4049227276338727E-016   2.5084086639554675E-018  -1.2864328386760697E-006   3.8440737426568953E-019   8.7153072827383674E-019  -7.3173434919381734E-007   1.6801030857710619E-019  -2.9900924782535572E-019   2.5058643109511173E-007  -6.3492729458320321E-020  -3.0285152075177602E-021  -1.5739161891243747E-021  -1.1726130038086750E-020   4.6173390150950664E-022  -1.4274313395943299E-020   3.8847416528632288E-021   4.6370978514328178E-021  -5.9436655644819582E-021  -1.0315599293821724E-020  -1.4082619791023322E-019  -5.5105451410889065E-020  -5.5795353289380842E-021  -5.1642709053008088E-020   3.0358342229225781E-020   4.1624996728440965E-020   1.5319356333411550E-021   8.9902037801516371E-022   9.9117456011216005E-017   5.8554830168680836E-017   5.6696492511139966E-017   3.0319274845293295E-018   4.4376379819054991E-017   1.0234699101673901E-017  -1.3583020342170043E-017  -5.0095902687705759E-004   6.0293194849222852E-020  -7.1865451620972854E-021  -1.2864328386774036E-006  -3.5054259999416810E-020  -1.3916486625472441E-020  -7.3173434919544100E-007  -1.0829614015655757E-019  -6.3492729458320321E-020   2.5058643109581991E-007   6.5599862608155948E-022   7.2660006599062163E-020   7.6265045028106429E-020  -6.8069814441928619E-021  -1.9064058584878043E-019  -2.2304459286534757E-022  -4.2886465410774190E-020  -6.3425560770122371E-020  -1.9670986904919593E-020   9.2888378681367214E-020  -1.5096751927015076E-020   1.2170991097555714E-019   5.8378438040949685E-020   1.2436776669757341E-019  -1.0531484597476457E-020   6.3460083415963544E-020  -8.1241326656103723E-022  -1.9487867329751534E-019   1.0456544207270570E-017   9.6253434401707785E-018   6.6802485459142056E-019   7.5209709065344555E-018  -1.6702495979935573E-017   6.0544460631681624E-018  -1.3114374625805338E-018  -4.2891011367420997E-020   1.5547455615673095E-020  -3.3676930192298457E-021  -2.4396785705461170E-020   8.8435299338070945E-021  -1.9155735034222075E-021   8.3548127361486536E-021  -3.0285152075177602E-021   6.5599862608155948E-022   7.4109392328243222E-034  -4.3043317578600660E-034   8.8267033187955937E-034  -2.1146729612044037E-036   2.8974349427924293E-033   3.1059754928963308E-034   6.2981714731086676E-034  -1.1881875914090324E-033  -1.7930400143582007E-032  -6.3713115845538185E-032  -9.1158126051084779E-033  -1.7544775368644201E-033   4.3932185816200089E-033  -5.1419538570770328E-034   1.5658612694979010E-033   7.7828850873039032E-036   1.3287117032348721E-032  -1.9142376548580298E-018   7.5630232942688452E-018  -4.3691169776479473E-017   1.3775069225201452E-017  -3.4239563202209060E-017  -2.2930981572956338E-017   3.1464892931700910E-018  -1.4525800954015514E-016  -5.8885390093619317E-020   8.0799964392488608E-021  -3.7301388642156684E-019  -3.3494529447134514E-020   4.5959732665501200E-021  -2.1217358980220345E-019   1.1470384853010091E-020  -1.5739161891243747E-021   7.2660006599062163E-020  -4.3043317578600660E-034   2.6904855188064220E-032   1.7937496324968333E-032  -7.0380225308330242E-035  -6.7563854259990495E-032  -1.6834082645812092E-033  -1.9018675425382140E-032  -1.4088733803006345E-032   5.6439368444967039E-032   1.5719613955742792E-031   3.7899508872086633E-032   4.7857431792241347E-032   3.8763226033480861E-033   3.5197354773217758E-032  -1.3960821567399196E-032   1.8690098345102501E-032  -7.1620868591699843E-033   1.5656871318653035E-018   1.1455136585169285E-018   3.2073467205150702E-017  -8.0664300117519225E-018   2.5122859827014995E-017   1.9120610324209267E-017   2.3442253705588705E-017  -1.5246501007631751E-016   4.9100584472883874E-020   6.0198306371323347E-020  -3.9152103303567514E-019   2.7928845676077954E-020   3.4241327810528618E-020  -2.2270061808991932E-019  -9.5643859965973299E-021  -1.1726130038086750E-020   7.6265045028106429E-020   8.8267033187955937E-034   1.7937496324968333E-032   2.6935270545806564E-032  -3.4027099624682852E-033  -4.8559598464805063E-032   8.7214307039232575E-034  -8.5493455571486634E-033  -2.2101879605305090E-032  -5.1214839413353560E-032  -5.8620441777811792E-032  -3.2716900404203435E-032   2.8717002798299155E-032   2.9983505599389313E-032   3.6990038160911148E-032   3.1819306903544042E-033   1.9051865422926805E-032   5.9665371550125301E-033  -3.3356452752453035E-019   1.0883768047591341E-017  -1.2832415146895894E-017   6.6918284021580326E-018  -1.0072228252225187E-017  -1.0756203718964513E-017  -9.2307378726717817E-019   1.3608154221840341E-017  -2.7621288251515898E-020  -2.3703983134930127E-021   3.4944926681711181E-020  -1.5711232467749794E-020  -1.3483034754219025E-021   1.9876982625373382E-020   5.3803975125208009E-021   4.6173390150950664E-022  -6.8069814441928619E-021  -2.1146729612044037E-036  -7.0380225308330242E-035  -3.4027099624682852E-033   9.3694830405701665E-034   1.4167314170205842E-033  -4.9227459001012363E-034  -1.0017763915096759E-033   2.9661924008345379E-033   1.7513571761770459E-032   2.6479640858954348E-032   1.2551307805412041E-032   1.0484069812295626E-033  -5.4322122601995444E-033  -3.6158894705028877E-033  -2.3851948047478352E-033  -1.6199919649672763E-033   2.1170733781930579E-033  -4.8252954080199296E-019  -1.9017626241220719E-017   1.0954841996537670E-016  -3.4556600760225633E-017   8.5850130910284391E-017  -3.9638832542465365E-017   2.8536445955806266E-017   3.8111849054414939E-016  -1.0179015275370454E-019   7.3279887589444937E-020   9.7868950424860855E-019  -5.7899137010967369E-020   4.1682246630241566E-020   5.5668722526721089E-019   1.9827876227186865E-020  -1.4274313395943299E-020  -1.9064058584878043E-019   2.8974349427924293E-033  -6.7563854259990495E-032  -4.8559598464805063E-032   1.4167314170205842E-033   1.8072619363466572E-031   4.3016105121484770E-033   4.7014075551469550E-032   3.6953418100265700E-032  -1.5569284326597776E-031  -5.3707452331227938E-031  -9.2940211644231263E-032  -1.2570241248103303E-031  -5.3790690082214738E-033  -9.7566454764084756E-032   2.7675383016110972E-032  -4.9659924844706857E-032   5.4056862549781753E-032   1.9304577341698224E-019  -3.8133849924059246E-018   1.3697502245969330E-017  -4.7592340232643143E-018   1.0736985318153370E-017  -3.6744290236563878E-018  -7.7661683019945665E-018   4.4589885295990919E-019  -9.4357141118919243E-021  -1.9943056015367713E-020   1.1450416030115700E-021  -5.3671174410031639E-021  -1.1343786224612483E-020   6.5130976683103074E-022   1.8379987303767760E-021   3.8847416528632288E-021  -2.2304459286534757E-022   3.1059754928963308E-034  -1.6834082645812092E-033   8.7214307039232575E-034  -4.9227459001012363E-034   4.3016105121484770E-033   6.0869774803240719E-034   1.9922545068602572E-033  -1.4854350632653212E-033  -2.1208152937263293E-032  -5.9116417204711932E-032  -1.4264102660180182E-032  -4.4525088477060781E-033   3.6265584394102175E-033   2.6024214946488980E-034   3.4025864032622265E-033  -1.8375726960166454E-034   5.7953208860039637E-033  -9.7187751245761816E-018  -1.2614233581587517E-017   5.0249302306103172E-017  -1.7041591847346742E-017   3.9386051581044277E-017   1.8917514292480621E-017  -9.2702386837149372E-018   8.5736334104083134E-017   4.8579046002525121E-020  -2.3805418857428272E-020   2.2016578151487222E-019   2.7632189992233878E-020  -1.3540732287761269E-020   1.2523223910982474E-019  -9.4627946346857721E-021   4.6370978514328178E-021  -4.2886465410774190E-020   6.2981714731086676E-034  -1.9018675425382140E-032  -8.5493455571486634E-033  -1.0017763915096759E-033   4.7014075551469550E-032   1.9922545068602572E-033   1.5016338959922332E-032   5.7623187581351959E-033  -7.1025898774592408E-032  -1.8081707143463528E-031  -4.6804786923768203E-032  -3.6833227383174437E-032   4.0800919726888980E-033  -2.1002550389812233E-032   1.3055631714481645E-032  -1.1650081383895921E-032   9.4685548493652132E-033  -1.1669099751595950E-018   3.0030053536587310E-018  -3.7345009116797904E-017   1.0717034421034688E-017  -2.9259926902799052E-017   9.8004112202963980E-018   1.1882259164042558E-017   1.2679699800018168E-016   2.5166870242499134E-020   3.0512931330272583E-020   3.2560711220235567E-019   1.4315137848877958E-020   1.7356024564567150E-020   1.8520819834301990E-019  -4.9022972723184829E-021  -5.9436655644819582E-021  -6.3425560770122371E-020  -1.1881875914090324E-033  -1.4088733803006345E-032  -2.2101879605305090E-032   2.9661924008345379E-033   3.6953418100265700E-032  -1.4854350632653212E-033   5.7623187581351959E-033   2.0110540629981575E-032   6.3084218671212264E-032   1.3657782052771094E-031   4.1697393713861937E-032  -1.9746102193572118E-032  -2.5829655275978475E-032  -3.1972420710846703E-032  -6.3368093059500728E-033  -1.5727721354543777E-032  -1.7744542580622031E-032   1.6565250601862868E-016  -4.9137527245440974E-017  -5.5758590387999057E-016   1.3134990638338994E-016  -4.3669720593508962E-016   1.5180464181760741E-016   2.0622395878634872E-017   3.9325187778404168E-017   3.8982524681431667E-019   5.2957080017186821E-020   1.0098473174659196E-019   2.2173603993423963E-019   3.0122454366011651E-020   5.7441006433188505E-020  -7.5934719960600096E-020  -1.0315599293821724E-020  -1.9670986904919593E-020  -1.7930400143582007E-032   5.6439368444967039E-032  -5.1214839413353560E-032   1.7513571761770459E-032  -1.5569284326597776E-031  -2.1208152937263293E-032  -7.1025898774592408E-032   6.3084218671212264E-032   9.0421833884773178E-031   2.4268046942389259E-030   5.4837694490694980E-031   1.6199353467269988E-031  -1.7807488771047284E-031   5.8536959910632621E-033  -1.0750253037010227E-031   7.0343880536454483E-033  -2.9435987399311616E-031   2.7756651582528052E-016  -1.9577680688934002E-016  -1.4038458609145991E-015   3.0865924572189412E-016  -1.0993512746776740E-015   1.5319742124571784E-015   2.8153222325711799E-016  -1.8569749203503335E-016   3.9340182114100461E-018   7.2295792213724707E-019  -4.7686006039920562E-019   2.2377042696250970E-018   4.1122484496161122E-019  -2.7124220982601365E-019  -7.6631406929090678E-019  -1.4082619791023322E-019   9.2888378681367214E-020  -6.3713115845538185E-032   1.5719613955742792E-031  -5.8620441777811792E-032   2.6479640858954348E-032  -5.3707452331227938E-031  -5.9116417204711932E-032  -1.8081707143463528E-031   1.3657782052771094E-031   2.4268046942389259E-030   7.9694663116540521E-030   1.4268295951284755E-030   4.7958144526928598E-031  -4.3145910768277331E-031   9.1375222064881254E-032  -2.6545533793079305E-031   5.1927369073001342E-032  -1.1958963356753483E-030  -4.8546768327815722E-018   1.9325341010560239E-018  -3.5639160396648209E-016   9.4113071412126734E-017  -2.7918503460973958E-016   2.5315184444084040E-017   1.1016387916006705E-016   3.0180621198286381E-017   6.5007880561080896E-020   2.8289425718478100E-019   7.7502031340046004E-020   3.6977056051049519E-020   1.6091274953981479E-019   4.4083839247809991E-020  -1.2662995140169649E-020  -5.5105451410889065E-020  -1.5096751927015076E-020  -9.1158126051084779E-033   3.7899508872086633E-032  -3.2716900404203435E-032   1.2551307805412041E-032  -9.2940211644231263E-032  -1.4264102660180182E-032  -4.6804786923768203E-032   4.1697393713861937E-032   5.4837694490694980E-031   1.4268295951284755E-030   3.6016796107552560E-031   9.5397140718681144E-032  -1.0723955090590032E-031  -1.3306293795455708E-032  -8.8889787412496588E-032  -6.9497114239564346E-034  -1.5373689249682365E-031   8.7285748194363860E-017   5.3460185802944761E-017  -1.0424234384053041E-016   4.3704462043369114E-017  -8.1755826760000186E-017   1.5878675263408446E-017   1.1154309419432904E-017  -2.4331596206937150E-016   4.0775489006858366E-020   2.8643599895985302E-020  -6.2482084758851399E-019   2.3193457922086541E-020   1.6292732350874512E-020  -3.5540361107710236E-019  -7.9427265533564359E-021  -5.5795353289380842E-021   1.2170991097555714E-019  -1.7544775368644201E-033   4.7857431792241347E-032   2.8717002798299155E-032   1.0484069812295626E-033  -1.2570241248103303E-031  -4.4525088477060781E-033  -3.6833227383174437E-032  -1.9746102193572118E-032   1.6199353467269988E-031   4.7958144526928598E-031   9.5397140718681144E-032   1.0124911559521500E-031  -1.0848488577446734E-035   6.6583011831009226E-032  -1.6998886389033087E-032   3.5212128205600216E-032  -3.0674623103147983E-032   4.5971186352618182E-017   3.8404954500832142E-018   1.1740765373501268E-016  -2.9626409084244544E-017   9.1965315610645356E-017  -2.8855002430732622E-017   1.0324134933961405E-016  -1.1670705945128843E-016  -7.4097921576787414E-020   2.6511761436379006E-019  -2.9969675308484652E-019  -4.2147551581277929E-020   1.5080123825717265E-019  -1.7047015746255045E-019   1.4433659621985981E-020  -5.1642709053008088E-020   5.8378438040949685E-020   4.3932185816200089E-033   3.8763226033480861E-033   2.9983505599389313E-032  -5.4322122601995444E-033  -5.3790690082214738E-033   3.6265584394102175E-033   4.0800919726888980E-033  -2.5829655275978475E-032  -1.7807488771047284E-031  -4.3145910768277331E-031  -1.0723955090590032E-031  -1.0848488577446734E-035   6.4811645501931549E-032   2.5110288226571058E-032   1.9338094894982410E-032   1.4894415075398090E-032   6.0150056979640139E-032   7.2447895055905779E-017  -5.4024317834695460E-019  -5.7424976882829382E-019   2.2272385753807157E-021  -4.4830272844943476E-019   2.6056793740326263E-017  -6.0690778484185616E-017  -2.4862940545995331E-016   6.6912288909338123E-020  -1.5585029165695606E-019  -6.3846545263075115E-019   3.8060300317625870E-020  -8.8649021005014563E-020  -3.6316478281514951E-019  -1.3033958066297806E-020   3.0358342229225781E-020   1.2436776669757341E-019  -5.1419538570770328E-034   3.5197354773217758E-032   3.6990038160911148E-032  -3.6158894705028877E-033  -9.7566454764084756E-032   2.6024214946488980E-034  -2.1002550389812233E-032  -3.1972420710846703E-032   5.8536959910632621E-033   9.1375222064881254E-032  -1.3306293795455708E-032   6.6583011831009226E-032   2.5110288226571058E-032   7.1330879041458231E-032   8.0908992003982229E-033   3.4443421357120056E-032  -8.9253673353562641E-033   1.0122344555187639E-016   3.8767000483839224E-017   8.3408341386477780E-017  -1.0023458147003459E-017   6.5268387044352677E-017   4.2477766975617992E-017  -8.3214473200573499E-017   2.1053982262587838E-017   1.0908036669557084E-019  -2.1368979344682199E-019   5.4065368052915800E-020   6.2045875022082573E-020  -1.2154863995668881E-019   3.0752858382406610E-020  -2.1247949345581852E-020   4.1624996728440965E-020  -1.0531484597476457E-020   1.5658612694979010E-033  -1.3960821567399196E-032   3.1819306903544042E-033  -2.3851948047478352E-033   2.7675383016110972E-032   3.4025864032622265E-033   1.3055631714481645E-032  -6.3368093059500728E-033  -1.0750253037010227E-031  -2.6545533793079305E-031  -8.8889787412496588E-032  -1.6998886389033087E-032   1.9338094894982410E-032   8.0908992003982229E-033   4.0732494574058034E-032   7.1840453894061604E-034   3.1984097775200295E-032   3.6765770685903662E-017   1.4271720377135715E-018  -3.6495264002997543E-018   1.4020317722227061E-018  -2.8612041623694561E-018   3.6086559274616820E-018  -3.0625640054407067E-018  -1.2686601383232943E-016   9.2668127321640962E-021  -7.8644813163698646E-021  -3.2578434073424390E-019   5.2710448458115406E-021  -4.4733863632817446E-021  -1.8530900749575136E-019  -1.8050981446052826E-021   1.5319356333411550E-021   6.3460083415963544E-020   7.7828850873039032E-036   1.8690098345102501E-032   1.9051865422926805E-032  -1.6199919649672763E-033  -4.9659924844706857E-032  -1.8375726960166454E-034  -1.1650081383895921E-032  -1.5727721354543777E-032   7.0343880536454483E-033   5.1927369073001342E-032  -6.9497114239564346E-034   3.5212128205600216E-032   1.4894415075398090E-032   3.4443421357120056E-032   7.1840453894061604E-034   1.7484715725282990E-032  -1.8390866785313408E-033   2.0669939724895172E-017   1.9273183606970928E-016   1.4885068924212850E-016   1.9813242157173626E-017   1.1625122967703277E-016  -3.7387819606160340E-016  -1.7972735873322643E-018   1.6241332688214790E-018  -9.6009686076723864E-019  -4.6152911498356027E-021   4.1706771598643266E-021  -5.4611156561297452E-019  -2.6252183264773125E-021   2.3723179677114542E-021   1.8701889334229374E-019   8.9902037801516371E-022  -8.1241326656103723E-022   1.3287117032348721E-032  -7.1620868591699843E-033   5.9665371550125301E-033   2.1170733781930579E-033   5.4056862549781753E-032   5.7953208860039637E-033   9.4685548493652132E-033  -1.7744542580622031E-032  -2.9435987399311616E-031  -1.1958963356753483E-030  -1.5373689249682365E-031  -3.0674623103147983E-032   6.0150056979640139E-032  -8.9253673353562641E-033   3.1984097775200295E-032  -1.8390866785313408E-033   2.5870736375181662E-031
