  0.95197528410979837       -2.8130946707530010E-006   4.2843543933676481E-002   2.3159637790548318E-003   9.9718568465467857E-018   4.1614364936313772E-018  -1.1413910501100773E-017   1.1924293542988819E-017   4.7186043095639760E-018  -1.3617570357185616E-017   8.0726178642018401E-018   3.0438099435981999E-018  -8.9523538688826181E-018   4.5238371417404139E-019   6.5997360879967535E-018   1.3367137721218639E-017  -3.7217472706458368E-019  -1.7677325405945172E-019  -1.1368653535115403E-018   9.3597653060433385E-018  -6.5950503929775944E-018  -7.7215332103151953E-020   5.8300665046276326E-019  -4.7245305657771464E-021   3.8165363222659006E-019   1.0264359180634550E-019  -2.4131087698602339E-019   1.4269894982864699E-019  -4.3894159951570085E-020  -1.0813170321243335E-019  -2.8130946707530010E-006  0.34572279343852041       0.10428137067154086       0.21467942091654338        1.3161656401500048E-017   6.8417421757512724E-018  -1.8120683496942884E-017   1.8872955271362022E-017   1.2982830455490626E-017  -3.4326548254727733E-017   8.9640080871740036E-018  -1.7879843483397731E-019  -8.2313247287971816E-018   1.5365844253465712E-018  -2.2362845947350131E-017   1.5293250569728696E-017  -1.1866625130830453E-018  -3.4682927943555663E-018   2.9473052684923478E-018  -3.6693722737020599E-017  -7.9131666496410934E-018   2.3964146118622772E-018  -2.4689409441577310E-018  -5.8113190358610154E-020   4.6944575750745788E-018   1.2625478799186255E-018  -2.9681983559700283E-018   1.7552411844538940E-018  -5.3991172328041934E-019  -1.3300533585137824E-018   4.2843543933676481E-002  0.10428137067154086        3.3382938224450286E-002   6.4858687853907443E-002  -8.3204332406951672E-018  -5.6857968575951739E-018   1.3407428840914297E-017  -9.0403770599276249E-018  -5.3849359299504319E-018   1.2271063276084654E-017  -7.3989028023482871E-018  -6.4375033978215930E-018   1.3041813768287685E-017   4.8384487040736816E-019  -6.4483521009720179E-018   5.2145516950424905E-018  -3.7468691096313837E-019  -1.0541083212848819E-018   8.3783981607460889E-019  -1.0646804078676984E-017  -2.6836897485254547E-018   7.1936324323079703E-019  -7.1847606412571262E-019  -1.7741502929705498E-020   1.4331812174156648E-018   3.8544600281901261E-019  -9.0616776590078172E-019   5.3586141892359865E-019  -1.6483083051813231E-019  -4.0605489793113566E-019   2.3159637790548318E-003  0.21467942091654338        6.4858687853907443E-002  0.13331260037159318       -8.8546741886473741E-018  -7.9889314148687295E-020   1.0947065076846142E-017  -8.6906294010230867E-018   2.8730307271618174E-018   5.2937387596857634E-018  -8.4231790402597484E-018  -3.6679284615507541E-018   1.3127793487869881E-017   9.5525619509558261E-019  -1.3870326198800578E-017   9.5290144955063638E-018  -7.3777401030876605E-019  -2.1540954719866308E-018   1.8273857310430689E-018  -2.2762483001208504E-017  -4.9298028025521751E-018   1.4878854809389315E-018  -1.5316898904661868E-018  -3.6097368656822015E-020   2.9159914417044915E-018   7.8423944698942810E-019  -1.8437148200513497E-018   1.0902789491915315E-018  -3.3536951589983352E-019  -8.2617089374161694E-019   9.9718568465467857E-018   1.3161656401500048E-017  -8.3204332406951672E-018  -8.8546741886473741E-018  0.16387832800684690        2.7755575615628914E-017   1.3877787807814457E-017  0.19643130268020770        2.2204460492503131E-016   1.5265566588595902E-016  0.13463624553035139        2.0816681711721685E-017  -8.6736173798840355E-017  -7.4068910391258594E-019  -1.4728780344380817E-017  -2.3496688412032795E-017  -1.0216323776352282E-018   2.4366917641883705E-017   6.1075338449699943E-017  -2.1506888995078418E-017   4.7334507516494766E-017  -2.3108089016288251E-018  -2.6720979114183719E-017  -1.5600893171986241E-017   3.7392138494638403E-017   6.8380303052741844E-018   1.3957281039255118E-017   3.3721880768372218E-017   1.2509197127238351E-018   7.5906108216362513E-017   4.1614364936313772E-018   6.8417421757512724E-018  -5.6857968575951739E-018  -7.9889314148687295E-020   2.7755575615628914E-017  0.16387832800684685       -9.7144514654701197E-017  -2.9143354396410359E-016  0.19643130268020817       -1.5265566588595902E-016   9.7144514654701197E-017  0.13463624553035086       -4.1633363423443370E-017  -7.6339029989733452E-019   2.6100157176405063E-017   1.5288470251351187E-017   1.1686895653271282E-018  -1.3189201091251798E-017   2.5697997226663068E-016   4.4088384995546227E-017   7.5034494549298115E-017   3.8991701176478184E-017   5.6636934710134488E-018   8.4528585678819787E-019   5.5794939868017236E-017   4.1937479386168312E-017   3.9341694265568776E-019  -3.2274465929554656E-017   7.6167215316772042E-018  -1.9263929106922991E-017  -1.1413910501100773E-017  -1.8120683496942884E-017   1.3407428840914297E-017   1.0947065076846142E-017   1.3877787807814457E-017  -9.7144514654701197E-017  0.16387832800684665       -1.0061396160665481E-016   1.3877787807814457E-017  0.19643130268020839        1.3877787807814457E-017   0.0000000000000000       0.13463624553035056        4.9720398900370961E-018   7.9705282692542764E-018  -2.7828541620209734E-017   2.6024923561774673E-019  -1.3628963865246612E-017   1.5413831773158240E-016   1.2597641914390979E-016   2.3779768250116982E-017   1.3490978535690516E-017   4.0551603780755353E-017  -7.8543400084501413E-018   2.9135074926279281E-017   1.0066003650828670E-017  -4.7038237612937856E-017   1.3467595760102274E-018   7.7580475423742989E-018   1.2458499889645745E-017   1.1924293542988819E-017   1.8872955271362022E-017  -9.0403770599276249E-018  -8.6906294010230867E-018  0.19643130268020770       -2.9143354396410359E-016  -1.0061396160665481E-016  0.23545063671281335       -1.3183898417423734E-016   4.8572257327350599E-017  0.16138054017975004       -2.4980018054066022E-016  -1.9775847626135601E-016  -8.8782041733124364E-019  -1.7654521773107749E-017  -2.8164096922283146E-017  -1.2245705776957993E-018   2.9207189461297031E-017   7.3207412103983575E-017  -2.5779041519909816E-017   5.6737087119918932E-017  -2.7698305707208581E-018  -3.2028864341784347E-017  -1.8699872069844267E-017   4.4819754776810168E-017   8.1963443059756613E-018   1.6729770981676751E-017   4.0420432943892704E-017   1.4994038059042466E-018   9.0984182592477708E-017   4.7186043095639760E-018   1.2982830455490626E-017  -5.3849359299504319E-018   2.8730307271618174E-018   2.2204460492503131E-016  0.19643130268020817        1.3877787807814457E-017  -1.3183898417423734E-016  0.23545063671281452       -1.3877787807814457E-017   2.6367796834847468E-016  0.16138054017974987        6.9388939039072284E-017  -9.1503100431926867E-019   3.1284721638758888E-017   1.8325389110236982E-017   1.4008393699036432E-018  -1.5809118772297754E-017   3.0802676186047642E-016   5.2846151184675705E-017   8.9939430610091519E-017   4.6737056381811603E-017   6.7887358873107460E-018   1.0131943863810977E-018   6.6878109232238545E-017   5.0267987275323213E-017   4.7156572490225397E-019  -3.8685501999907745E-017   9.1297156299839418E-018  -2.3090537566711987E-017  -1.3617570357185616E-017  -3.4326548254727733E-017   1.2271063276084654E-017   5.2937387596857634E-018   1.5265566588595902E-016  -1.5265566588595902E-016  0.19643130268020839        4.8572257327350599E-017  -1.3877787807814457E-017  0.23545063671281533        1.3183898417423734E-016  -2.7755575615628914E-017  0.16138054017974984        5.9596914641278425E-018   9.5538029342942152E-018  -3.3356434304844864E-017   3.1194543534631692E-019  -1.6336236516399089E-017   1.8475652585182359E-016   1.5100051617802866E-016   2.8503408056547837E-017   1.6170841626390654E-017   4.8606819787010768E-017  -9.4145349071945853E-018   3.4922498850582707E-017   1.2065525893292005E-017  -5.6381965830799347E-017   1.6142814070063445E-018   9.2991147977779264E-018   1.4933270265377092E-017   8.0726178642018401E-018   8.9640080871740036E-018  -7.3989028023482871E-018  -8.4231790402597484E-018  0.13463624553035139        9.7144514654701197E-017   1.3877787807814457E-017  0.16138054017975004        2.6367796834847468E-016   1.3183898417423734E-016  0.11061205487617443        7.2858385991025898E-017  -6.9388939039072284E-017  -6.0852219612506899E-019  -1.2100609707989060E-017  -1.9303991861940620E-017  -8.3933458017283604E-019   2.0018939333536746E-017   5.0177191599242907E-017  -1.7669247804471173E-017   3.8888243818199032E-017  -1.8984733273603972E-018  -2.1952947339554989E-017  -1.2817104672367442E-017   3.0719968897038702E-017   5.6178674649793641E-018   1.1466775014074819E-017   2.7704623754070169E-017   1.0277083957923151E-018   6.2361591965013344E-017   3.0438099435981999E-018  -1.7879843483397731E-019  -6.4375033978215930E-018  -3.6679284615507541E-018   2.0816681711721685E-017  0.13463624553035086        0.0000000000000000       -2.4980018054066022E-016  0.16138054017974987       -2.7755575615628914E-017   7.2858385991025898E-017  0.11061205487617362        3.4694469519536142E-017  -6.2717264145001005E-019   2.1442903480418752E-017   1.2560429799225081E-017   9.6015121206001250E-019  -1.0835749534842454E-017   2.1112504053023603E-016   3.6221352142725115E-017   6.1645507092084805E-017   3.2034109189978165E-017   4.6530766700289782E-018   6.9445493825829985E-019   4.5839015535401857E-017   3.4454249321632583E-017   3.2321650294707839E-019  -2.6515482383191736E-017   6.2576107698167262E-018  -1.5826516664305934E-017  -8.9523538688826181E-018  -8.2313247287971816E-018   1.3041813768287685E-017   1.3127793487869881E-017  -8.6736173798840355E-017  -4.1633363423443370E-017  0.13463624553035056       -1.9775847626135601E-016   6.9388939039072284E-017  0.16138054017974984       -6.9388939039072284E-017   3.4694469519536142E-017  0.11061205487617323        4.0848402077531821E-018   6.5482850241252597E-018  -2.2862878868117326E-017   2.1381094383787737E-019  -1.1197042022597146E-017   1.2663422091344191E-016   1.0349746854986941E-016   1.9536559566581754E-017   1.1083678486761430E-017   3.3315666260929707E-017  -6.4528291368237946E-018   2.3936277291990752E-017   8.2698484633413756E-018  -3.8644839653879582E-017   1.1064468081373374E-018   6.3737188831191899E-018   1.0235433022065632E-017   4.5238371417404139E-019   1.5365844253465712E-018   4.8384487040736816E-019   9.5525619509558261E-019  -7.4068910391258594E-019  -7.6339029989733452E-019   4.9720398900370961E-018  -8.8782041733124364E-019  -9.1503100431926867E-019   5.9596914641278425E-018  -6.0852219612506899E-019  -6.2717264145001005E-019   4.0848402077531821E-018   1.6479905772217520E-034   9.0556440238046786E-035  -7.3500775139107254E-034   1.6183050446689740E-036  -4.7769288502304490E-034   3.2159602694990826E-033   3.5552930085731120E-033   1.1969793539851667E-034   2.4873846722710412E-034   1.3140213944104345E-033  -1.7198527277582298E-034   4.7608796771263605E-034   8.4798547524234342E-035  -1.5053550048147439E-033   4.6658396077339914E-035   1.9182265266708093E-034   1.1868585567172716E-034   6.5997360879967535E-018  -2.2362845947350131E-017  -6.4483521009720179E-018  -1.3870326198800578E-017  -1.4728780344380817E-017   2.6100157176405063E-017   7.9705282692542764E-018  -1.7654521773107749E-017   3.1284721638758888E-017   9.5538029342942152E-018  -1.2100609707989060E-017   2.1442903480418752E-017   6.5482850241252597E-018   9.0556440238046786E-035   7.3605604773903658E-033   2.2966627062106275E-033   3.6478844420477867E-034  -4.7303445314045715E-033   4.2737086013759114E-032   1.7520208130976948E-032   9.3188628160597942E-033   6.9183314774213544E-033   5.4396601400466694E-033   1.1584914146711993E-033   6.6415660605469376E-033   6.4732384026142973E-033  -3.2892408643389180E-033  -8.2180511123976380E-033   1.5125992161832946E-033  -9.1990135646149369E-033   1.3367137721218639E-017   1.5293250569728696E-017   5.2145516950424905E-018   9.5290144955063638E-018  -2.3496688412032795E-017   1.5288470251351187E-017  -2.7828541620209734E-017  -2.8164096922283146E-017   1.8325389110236982E-017  -3.3356434304844864E-017  -1.9303991861940620E-017   1.2560429799225081E-017  -2.2862878868117326E-017  -7.3500775139107254E-034   2.2966627062106275E-033   1.0385044214128635E-032   1.5359712253931199E-034  -2.5656825566680837E-033  -1.0842997888540240E-032  -1.5687372021679132E-032  -4.2674250314923565E-033   1.7829089896021500E-033  -2.6275879806956788E-033   3.6468222401827956E-033  -4.8905134184690180E-033   1.2799458485983705E-033   5.8885019214592372E-033  -7.9949894503622966E-033  -8.1069030621870847E-034  -1.4856453783094315E-032  -3.7217472706458368E-019  -1.1866625130830453E-018  -3.7468691096313837E-019  -7.3777401030876605E-019  -1.0216323776352282E-018   1.1686895653271282E-018   2.6024923561774673E-019  -1.2245705776957993E-018   1.4008393699036432E-018   3.1194543534631692E-019  -8.3933458017283604E-019   9.6015121206001250E-019   2.1381094383787737E-019   1.6183050446689740E-036   3.6478844420477867E-034   1.5359712253931199E-034   1.9335310776124295E-035  -2.5563359926273053E-034   1.6869993520015982E-033   7.7083719225417670E-034   3.0752033320905348E-034   3.0570226842467991E-034   2.7961636533719377E-034   9.1013618506498047E-035   1.9479848003036935E-034   2.6805773779102602E-034  -1.4862261914046638E-034  -4.4433066430206259E-034   6.0710532172294429E-035  -5.8619279460489861E-034  -1.7677325405945172E-019  -3.4682927943555663E-018  -1.0541083212848819E-018  -2.1540954719866308E-018   2.4366917641883705E-017  -1.3189201091251798E-017  -1.3628963865246612E-017   2.9207189461297031E-017  -1.5809118772297754E-017  -1.6336236516399089E-017   2.0018939333536746E-017  -1.0835749534842454E-017  -1.1197042022597146E-017  -4.7769288502304490E-034  -4.7303445314045715E-033  -2.5656825566680837E-033  -2.5563359926273053E-034   5.8528648707774605E-033  -2.4449231650069974E-032  -1.6856619249523657E-032  -8.9781485886398801E-034  -4.6277147796704313E-033  -7.7767608602506089E-033  -1.7339213059433524E-033  -1.4008554181644600E-033  -3.2082833812159204E-033   5.9853957631567546E-033   7.4819396829793208E-033  -1.0667828985458614E-033   1.1814052764502860E-032  -1.1368653535115403E-018   2.9473052684923478E-018   8.3783981607460889E-019   1.8273857310430689E-018   6.1075338449699943E-017   2.5697997226663068E-016   1.5413831773158240E-016   7.3207412103983575E-017   3.0802676186047642E-016   1.8475652585182359E-016   5.0177191599242907E-017   2.1112504053023603E-016   1.2663422091344191E-016   3.2159602694990826E-033   4.2737086013759114E-032  -1.0842997888540240E-032   1.6869993520015982E-033  -2.4449231650069974E-032   5.7073967816328473E-031   1.7928538620551553E-031   1.5761048213305276E-031   7.2991912979986928E-032   3.7042454796474588E-032  -1.1876758431798230E-032   1.2887143224930853E-031   7.7789590051009716E-032  -3.8448942630440451E-032  -3.6760837312131982E-032   1.9702494923521673E-032   9.7880085800653971E-033   9.3597653060433385E-018  -3.6693722737020599E-017  -1.0646804078676984E-017  -2.2762483001208504E-017  -2.1506888995078418E-017   4.4088384995546227E-017   1.2597641914390979E-016  -2.5779041519909816E-017   5.2846151184675705E-017   1.5100051617802866E-016  -1.7669247804471173E-017   3.6221352142725115E-017   1.0349746854986941E-016   3.5552930085731120E-033   1.7520208130976948E-032  -1.5687372021679132E-032   7.7083719225417670E-034  -1.6856619249523657E-032   1.7928538620551553E-031   1.1551069648480343E-031   3.3029583239033484E-032   2.0908916999317369E-032   3.6471062382863104E-032  -3.7568389645139063E-033   3.2005543024536669E-032   1.7990026278770117E-032  -3.7572405508281516E-032  -1.2258006482781220E-032   7.9056017567141167E-033  -5.4270910542611262E-033  -6.5950503929775944E-018  -7.9131666496410934E-018  -2.6836897485254547E-018  -4.9298028025521751E-018   4.7334507516494766E-017   7.5034494549298115E-017   2.3779768250116982E-017   5.6737087119918932E-017   8.9939430610091519E-017   2.8503408056547837E-017   3.8888243818199032E-017   6.1645507092084805E-017   1.9536559566581754E-017   1.1969793539851667E-034   9.3188628160597942E-033  -4.2674250314923565E-033   3.0752033320905348E-034  -8.9781485886398801E-034   1.5761048213305276E-031   3.3029583239033484E-032   5.1705299206515610E-032   1.9088873599083472E-032   8.1191200830722295E-034  -5.2574739344553430E-033   4.0464574304314095E-032   2.2607914772261775E-032  -2.5443870908657743E-033  -4.8829511748178543E-033   4.9871641602858730E-033   1.4943349163439446E-032  -7.7215332103151953E-020   2.3964146118622772E-018   7.1936324323079703E-019   1.4878854809389315E-018  -2.3108089016288251E-018   3.8991701176478184E-017   1.3490978535690516E-017  -2.7698305707208581E-018   4.6737056381811603E-017   1.6170841626390654E-017  -1.8984733273603972E-018   3.2034109189978165E-017   1.1083678486761430E-017   2.4873846722710412E-034   6.9183314774213544E-033   1.7829089896021500E-033   3.0570226842467991E-034  -4.6277147796704313E-033   7.2991912979986928E-032   2.0908916999317369E-032   1.9088873599083472E-032   1.0437147673010869E-032   5.0455275538127914E-033  -2.2589238542690086E-034   1.5179076986828297E-032   1.0719204658201752E-032  -3.9960924920204118E-033  -8.0315689839501414E-033   2.4295416431697135E-033  -4.6374035932912538E-033   5.8300665046276326E-019  -2.4689409441577310E-018  -7.1847606412571262E-019  -1.5316898904661868E-018  -2.6720979114183719E-017   5.6636934710134488E-018   4.0551603780755353E-017  -3.2028864341784347E-017   6.7887358873107460E-018   4.8606819787010768E-017  -2.1952947339554989E-017   4.6530766700289782E-018   3.3315666260929707E-017   1.3140213944104345E-033   5.4396601400466694E-033  -2.6275879806956788E-033   2.7961636533719377E-034  -7.7767608602506089E-033   3.7042454796474588E-032   3.6471062382863104E-032   8.1191200830722295E-034   5.0455275538127914E-033   1.4605156781590314E-032   6.2985774044972579E-034   3.0075312526828399E-033   2.8162813173983686E-033  -1.3880727888237768E-032  -6.2930893603084143E-033   1.9828229503268675E-033  -9.9502640578971275E-033  -4.7245305657771464E-021  -5.8113190358610154E-020  -1.7741502929705498E-020  -3.6097368656822015E-020  -1.5600893171986241E-017   8.4528585678819787E-019  -7.8543400084501413E-018  -1.8699872069844267E-017   1.0131943863810977E-018  -9.4145349071945853E-018  -1.2817104672367442E-017   6.9445493825829985E-019  -6.4528291368237946E-018  -1.7198527277582298E-034   1.1584914146711993E-033   3.6468222401827956E-033   9.1013618506498047E-035  -1.7339213059433524E-033  -1.1876758431798230E-032  -3.7568389645139063E-033  -5.2574739344553430E-033  -2.2589238542690086E-034   6.2985774044972579E-034   1.8659858279972521E-033  -4.6690401677951600E-033  -9.1730799032548782E-034   9.2826655536281903E-034  -3.4415715032244134E-033  -4.5153372915142990E-034  -7.9223604224860241E-033   3.8165363222659006E-019   4.6944575750745788E-018   1.4331812174156648E-018   2.9159914417044915E-018   3.7392138494638403E-017   5.5794939868017236E-017   2.9135074926279281E-017   4.4819754776810168E-017   6.6878109232238545E-017   3.4922498850582707E-017   3.0719968897038702E-017   4.5839015535401857E-017   2.3936277291990752E-017   4.7608796771263605E-034   6.6415660605469376E-033  -4.8905134184690180E-033   1.9479848003036935E-034  -1.4008554181644600E-033   1.2887143224930853E-031   3.2005543024536669E-032   4.0464574304314095E-032   1.5179076986828297E-032   3.0075312526828399E-033  -4.6690401677951600E-033   3.2771699690944281E-032   1.7645272276050693E-032  -5.0845048860811160E-033  -3.0306965294852343E-033   4.2505684832125751E-033   1.2957628325402199E-032   1.0264359180634550E-019   1.2625478799186255E-018   3.8544600281901261E-019   7.8423944698942810E-019   6.8380303052741844E-018   4.1937479386168312E-017   1.0066003650828670E-017   8.1963443059756613E-018   5.0267987275323213E-017   1.2065525893292005E-017   5.6178674649793641E-018   3.4454249321632583E-017   8.2698484633413756E-018   8.4798547524234342E-035   6.4732384026142973E-033   1.2799458485983705E-033   2.6805773779102602E-034  -3.2082833812159204E-033   7.7789590051009716E-032   1.7990026278770117E-032   2.2607914772261775E-032   1.0719204658201752E-032   2.8162813173983686E-033  -9.1730799032548782E-034   1.7645272276050693E-032   1.1640298614947189E-032  -2.2170624300982162E-033  -6.7629994458144693E-033   2.4759135206479060E-033  -1.0021029888664580E-033  -2.4131087698602339E-019  -2.9681983559700283E-018  -9.0616776590078172E-019  -1.8437148200513497E-018   1.3957281039255118E-017   3.9341694265568776E-019  -4.7038237612937856E-017   1.6729770981676751E-017   4.7156572490225397E-019  -5.6381965830799347E-017   1.1466775014074819E-017   3.2321650294707839E-019  -3.8644839653879582E-017  -1.5053550048147439E-033  -3.2892408643389180E-033   5.8885019214592372E-033  -1.4862261914046638E-034   5.9853957631567546E-033  -3.8448942630440451E-032  -3.7572405508281516E-032  -2.5443870908657743E-033  -3.9960924920204118E-033  -1.3880727888237768E-032   9.2826655536281903E-034  -5.0845048860811160E-033  -2.2170624300982162E-033   1.4716665135255673E-032   2.3928956527168398E-033  -2.0973330425392927E-033   2.8540326305125981E-033   1.4269894982864699E-019   1.7552411844538940E-018   5.3586141892359865E-019   1.0902789491915315E-018   3.3721880768372218E-017  -3.2274465929554656E-017   1.3467595760102274E-018   4.0420432943892704E-017  -3.8685501999907745E-017   1.6142814070063445E-018   2.7704623754070169E-017  -2.6515482383191736E-017   1.1064468081373374E-018   4.6658396077339914E-035  -8.2180511123976380E-033  -7.9949894503622966E-033  -4.4433066430206259E-034   7.4819396829793208E-033  -3.6760837312131982E-032  -1.2258006482781220E-032  -4.8829511748178543E-033  -8.0315689839501414E-033  -6.2930893603084143E-033  -3.4415715032244134E-033  -3.0306965294852343E-033  -6.7629994458144693E-033   2.3928956527168398E-033   1.3315269149639237E-032  -1.1816347161727874E-033   1.9508980341870220E-032  -4.3894159951570085E-020  -5.3991172328041934E-019  -1.6483083051813231E-019  -3.3536951589983352E-019   1.2509197127238351E-018   7.6167215316772042E-018   7.7580475423742989E-018   1.4994038059042466E-018   9.1297156299839418E-018   9.2991147977779264E-018   1.0277083957923151E-018   6.2576107698167262E-018   6.3737188831191899E-018   1.9182265266708093E-034   1.5125992161832946E-033  -8.1069030621870847E-034   6.0710532172294429E-035  -1.0667828985458614E-033   1.9702494923521673E-032   7.9056017567141167E-033   4.9871641602858730E-033   2.4295416431697135E-033   1.9828229503268675E-033  -4.5153372915142990E-034   4.2505684832125751E-033   2.4759135206479060E-033  -2.0973330425392927E-033  -1.1816347161727874E-033   7.3167123392703501E-034   2.7593222600673443E-034  -1.0813170321243335E-019  -1.3300533585137824E-018  -4.0605489793113566E-019  -8.2617089374161694E-019   7.5906108216362513E-017  -1.9263929106922991E-017   1.2458499889645745E-017   9.0984182592477708E-017  -2.3090537566711987E-017   1.4933270265377092E-017   6.2361591965013344E-017  -1.5826516664305934E-017   1.0235433022065632E-017   1.1868585567172716E-034  -9.1990135646149369E-033  -1.4856453783094315E-032  -5.8619279460489861E-034   1.1814052764502860E-032   9.7880085800653971E-033  -5.4270910542611262E-033   1.4943349163439446E-032  -4.6374035932912538E-033  -9.9502640578971275E-033  -7.9223604224860241E-033   1.2957628325402199E-032  -1.0021029888664580E-033   2.8540326305125981E-033   1.9508980341870220E-032   2.7593222600673443E-034   3.8375367222468176E-032
