  0.95197528483382043       -2.8129662308443946E-006   4.2843543387958635E-002   2.3159637089818497E-003   4.1182733996814420E-018  -6.2366789287167309E-018  -5.1783199524749029E-018   5.0543069709659195E-018  -7.7985637334613122E-018  -6.1612288544575817E-018   3.4938706202086394E-018  -5.2624557029793980E-018  -4.4689115738742846E-018  -3.1491519979034236E-019   1.5726646206176627E-017   1.1899929289248889E-017  -9.6823548112194237E-021  -7.1611352907673383E-019  -6.9159609193622375E-018   4.7225340726397339E-018  -6.8059565318488441E-018  -6.1970336078813775E-019   4.4460755808118446E-019  -2.5658210522728004E-033   3.3486379849035988E-034  -1.7292456258571239E-033   2.3491270934503072E-033  -6.2735281669909618E-034   6.6491599155767969E-035  -5.7570032096564414E-034  -2.8129662308443946E-006  0.34572279702279951       0.10428137347979624       0.21467941842647134        6.8042314136365955E-018  -8.7392301339906884E-018  -1.0375874972615417E-017   7.4257531646987735E-018  -1.3786748124791893E-017  -4.8069286566964446E-018   7.1851749437095490E-018  -1.0161781374012572E-017  -1.0343001741864873E-017  -2.4957578766107124E-018   1.4153736078585675E-018   8.1015792597899301E-018  -1.3226137932216467E-018  -3.1372037027720507E-018   1.0059819362973169E-016  -1.9800294222037913E-017  -2.1188929225942915E-017   1.6351000175413818E-017  -3.8418886520918654E-018  -4.3041085017265239E-033   4.5030589569533747E-033  -3.0134924808060681E-033   3.3515637058975034E-033  -1.2551613248300130E-033  -3.4584171895479672E-035  -1.0042633180481243E-033   4.2843543387958635E-002  0.10428137347979624        3.3382939538395023E-002   6.4858688167041351E-002  -3.1057205596485964E-018   3.5278842897528456E-018   6.5654385446340545E-018  -3.9375506922945146E-018   3.2152562352166757E-018   1.0173130559924848E-017  -2.0654437434563896E-018   1.9926785528744051E-018   4.8357152069061645E-018  -7.6697663079610966E-019   1.1347137853709411E-018   2.9792715182691993E-018  -3.9938009414273772E-019  -9.7851428157072150E-019   3.0032504542362015E-017  -5.7598862872427480E-018  -6.6975935452533769E-018   4.9041155252728933E-018  -1.1388315519553688E-018   1.3521087589999845E-033  -7.5799724656858937E-034   7.8725208175924146E-034  -2.3600286470927748E-033   2.3237653430473445E-034   4.9566643615874229E-035   3.2511339605141229E-034   2.3159637089818497E-003  0.21467941842647134        6.4858688167041351E-002  0.13331259589633859       -5.8758279419915719E-018   1.3758950771005210E-017  -1.6937117736279100E-018  -7.4960698658257769E-018   1.4434924743269044E-017   2.7078836796989932E-018  -3.8366139020263669E-018   9.4518236122758711E-018  -2.5212712223209524E-018  -1.5505281626686909E-018   9.1717653967803061E-019   5.0597144926807305E-018  -8.2131152805543094E-019  -1.9498160152193969E-018   6.2450441097685285E-017  -1.2283658541203575E-017  -1.3174010555822298E-017   1.0151779810866061E-017  -2.3845700228753042E-018   4.6145252808921945E-033   6.3845443029173533E-033   3.1856335030601506E-033  -2.4434369313031642E-033   9.9240445560355296E-034  -5.1465536684335470E-034   8.6791530274062193E-034   4.1182733996814420E-018   6.8042314136365955E-018  -3.1057205596485964E-018  -5.8758279419915719E-018  0.16387833217902040        3.0531133177191805E-016   1.8843433757798067E-016  0.19643130596898201        1.1102230246251565E-016  -1.4593361241654890E-016  0.13463624402136487        2.0122792321330962E-016   5.5294310796760726E-017   2.3738123738950255E-019  -7.1908414644605737E-018  -1.9392453597451438E-017  -1.0073011993855615E-018  -3.5901248270988465E-017   1.4682975905966924E-017   1.6103574236226184E-017   2.6526536311479873E-017   6.0313098655759000E-017  -6.6809366883550350E-017  -2.4952677614758763E-017   1.8715730058126239E-018  -1.0034841947384338E-017   4.6969856671522956E-018  -1.0024929329193458E-017  -7.9144203568692947E-018   3.1668368609497749E-017  -6.2366789287167309E-018  -8.7392301339906884E-018   3.5278842897528456E-018   1.3758950771005210E-017   3.0531133177191805E-016  0.16387833217902073        1.3921155894713877E-016   2.2204460492503131E-016  0.19643130596898273        2.7321894746634712E-017   1.8735013540549517E-016  0.13463624402136395        1.0711917464156784E-016  -5.9914020446991318E-019   1.2856782996964774E-017   1.7184681495483577E-018  -1.0822117044780638E-018   5.9381351784441252E-017   2.1077791376268289E-017  -6.8040938832977181E-017   8.9280443777781388E-017  -2.0657233179293242E-017  -1.0864821161557239E-016   4.9007014602125302E-017   4.7770280948588207E-017   3.8126976405836543E-017  -2.6921399302388968E-017   1.0223545944861090E-017  -9.0049401691715519E-018   2.6834196818353796E-017  -5.1783199524749029E-018  -1.0375874972615417E-017   6.5654385446340545E-018  -1.6937117736279100E-018   1.8843433757798067E-016   1.3921155894713877E-016  0.16387833217902009        2.9078302266061229E-016   6.3751087742147661E-017  0.19643130596898292        1.7260498585969231E-016   8.8037216405822960E-017  0.13463624402136326       -9.6380885723557365E-020  -2.0410784862698355E-017   1.2821347362242256E-016   5.0051138003153058E-019  -1.8335590666168868E-017  -3.9734980354786165E-017   1.1894507723061116E-017   1.4415893995301582E-017   3.0345724674574719E-018   3.0604854990624128E-018   4.1275380159493355E-019  -6.5182080639040776E-017  -8.6685496401770621E-019  -3.7384315546488079E-017  -1.4808243646532931E-018   2.5266491172937051E-018   1.0419741221588850E-017   5.0543069709659195E-018   7.4257531646987735E-018  -3.9375506922945146E-018  -7.4960698658257769E-018  0.19643130596898201        2.2204460492503131E-016   2.9078302266061229E-016  0.23545063860260282       -2.7755575615628914E-017  -9.1072982488782372E-017  0.16138053696436719        1.5265566588595902E-016   1.2251484549086200E-016   2.8453490985016527E-019  -8.6192381939601469E-018  -2.3244592103420997E-017  -1.2073926276188832E-018  -4.3032712073754798E-017   1.7599618536326593E-017   1.9302406095607846E-017   3.1795796925767500E-017   7.2293759513275608E-017  -8.0080453671938791E-017  -2.9909305190729413E-017   2.2433443449159103E-018  -1.2028174089322222E-017   5.6300001131841635E-018  -1.2016292417652028E-017  -9.4865496006454651E-018   3.7959008498300546E-017  -7.7985637334613122E-018  -1.3786748124791893E-017   3.2152562352166757E-018   1.4434924743269044E-017   1.1102230246251565E-016  0.19643130596898273        6.3751087742147661E-017  -2.7755575615628914E-017  0.23545063860260410       -8.9771939881799767E-017   2.7755575615628914E-017  0.16138053696436638        4.9005938196344800E-017  -7.1815407966187964E-019   1.5410668641018247E-017   2.0598265700747166E-018  -1.2971834385849251E-018   7.1176929409308636E-017   2.5264707249151377E-017  -8.1556666440301880E-017   1.0701521022072636E-016  -2.4760608905158524E-017  -1.3023021295778970E-016   5.8741822374787682E-017   5.7259422575681206E-017   4.5700561315608945E-017  -3.2269095939442965E-017   1.2254362458297290E-017  -1.0793691478813832E-017   3.2164571457194376E-017  -6.1612288544575817E-018  -4.8069286566964446E-018   1.0173130559924848E-017   2.7078836796989932E-018  -1.4593361241654890E-016   2.7321894746634712E-017  0.19643130596898292       -9.1072982488782372E-017  -8.9771939881799767E-017  0.23545063860260548       -1.0083080204115191E-016  -1.1709383462843448E-017  0.16138053696436636       -1.1552609183527813E-019  -2.4465205821426236E-017   1.5368194032485064E-016   5.9993351607051894E-019  -2.1977792746473484E-017  -4.7627980953675873E-017   1.4257245938692609E-017   1.7279483178496788E-017   3.6373633104162277E-018   3.6684237353799931E-018   4.9474367485256491E-019  -7.8129921481721705E-017  -1.0390479961785608E-018  -4.4810377478892351E-017  -1.7749769599911291E-018   3.0285455022401264E-018   1.2489530182548178E-017   3.4938706202086394E-018   7.1851749437095490E-018  -2.0654437434563896E-018  -3.8366139020263669E-018  0.13463624402136487        1.8735013540549517E-016   1.7260498585969231E-016  0.16138053696436719        2.7755575615628914E-017  -1.0083080204115191E-016  0.11061204958065285        1.2490009027033011E-016   5.7029034272737533E-017   1.9502345293796048E-019  -5.9077235730618764E-018  -1.5932106947898960E-017  -8.2756059498663717E-019  -2.9495108710309454E-017   1.2062978068852094E-017   1.3230087966213009E-017   2.1793199676773420E-017   4.9550962353160813E-017  -5.4888050806011934E-017  -2.0500176854723914E-017   1.5376136464405814E-018  -8.2442468823027770E-018   3.8588659039851276E-018  -8.2361030498394267E-018  -6.5021886437743760E-018   2.6017534759929087E-017  -5.2624557029793980E-018  -1.0161781374012572E-017   1.9926785528744051E-018   9.4518236122758711E-018   2.0122792321330962E-016  0.13463624402136395        8.8037216405822960E-017   1.5265566588595902E-016  0.16138053696436638       -1.1709383462843448E-017   1.2490009027033011E-016  0.11061204958065118        6.8521577301083880E-017  -4.9223094779791620E-019   1.0562646994833583E-017   1.4118284830528161E-018  -8.8910423476678238E-019   4.8785474338577474E-017   1.7316716770503910E-017  -5.5899863773034868E-017   7.3349438299567080E-017  -1.6971202050649052E-017  -8.9261264360314431E-017   4.0262311002302011E-017   3.9246257374265585E-017   3.1323682825655118E-017  -2.2117604186461383E-017   8.3992789546594806E-018  -7.3981185059288183E-018   2.2045961921350923E-017  -4.4689115738742846E-018  -1.0343001741864873E-017   4.8357152069061645E-018  -2.5212712223209524E-018   5.5294310796760726E-017   1.0711917464156784E-016  0.13463624402136326        1.2251484549086200E-016   4.9005938196344800E-017  0.16138053696436636        5.7029034272737533E-017   6.8521577301083880E-017  0.11061204958065046       -7.9182893044680765E-020  -1.6768729428121490E-017   1.0533534416617059E-016   4.1120123326481793E-019  -1.5063828307145641E-017  -3.2644758096433404E-017   9.7720779984912655E-018   1.1843553665272185E-017   2.4930900491640077E-018   2.5143792165610633E-018   3.3910292357367231E-019  -5.3551133929965459E-017  -7.1217527610131839E-019  -3.0713540732097958E-017  -1.2165893310071409E-018   2.0757994213701687E-018   8.5604655789198258E-018  -3.1491519979034236E-019  -2.4957578766107124E-018  -7.6697663079610966E-019  -1.5505281626686909E-018   2.3738123738950255E-019  -5.9914020446991318E-019  -9.6380885723557365E-020   2.8453490985016527E-019  -7.1815407966187964E-019  -1.1552609183527813E-019   1.9502345293796048E-019  -4.9223094779791620E-019  -7.9182893044680765E-020   2.0711951884707443E-035  -6.0836743366305128E-035  -1.7220035753772775E-034   1.1754210842708823E-035  -2.3543444586536836E-034  -7.5634912080592994E-034   4.0646420683990247E-034  -1.4125036533828094E-034   4.3270875318454042E-035   3.2623115981251739E-034  -2.1555718406960896E-034  -1.3360224394964606E-034  -1.5341832598955012E-034   1.2721512429162525E-034  -5.1027761032596841E-035   1.9971927181011732E-035  -5.8361794403691566E-035   1.5726646206176627E-017   1.4153736078585675E-018   1.1347137853709411E-018   9.1717653967803061E-019  -7.1908414644605737E-018   1.2856782996964774E-017  -2.0410784862698355E-017  -8.6192381939601469E-018   1.5410668641018247E-017  -2.4465205821426236E-017  -5.9077235730618764E-018   1.0562646994833583E-017  -1.6768729428121490E-017  -6.0836743366305128E-035   4.1319140157510563E-033  -1.4753284184629058E-032  -1.0861622231895703E-034   8.4929688295705329E-033   6.2558787280061332E-033  -7.5291316584089603E-033   3.8457160240785843E-033  -4.5883600317795267E-033  -5.9818267960693068E-033   4.8882525298672286E-033   1.1783933545302574E-032   3.5394698128175139E-033   2.3379866554979469E-033   1.4263897709323588E-033  -6.7387866153234923E-034  -5.8211398571112225E-034   1.1899929289248889E-017   8.1015792597899301E-018   2.9792715182691993E-018   5.0597144926807305E-018  -1.9392453597451438E-017   1.7184681495483577E-018   1.2821347362242256E-016  -2.3244592103420997E-017   2.0598265700747166E-018   1.5368194032485064E-016  -1.5932106947898960E-017   1.4118284830528161E-018   1.0533534416617059E-016  -1.7220035753772775E-034  -1.4753284184629058E-032   1.0296178179013397E-031   4.6832018254826020E-034  -9.5566404613303432E-033  -3.0332976811107203E-032   6.2818393220117598E-033   8.4941599740398934E-033  -4.6041561594956457E-033   9.0764978067925054E-033   3.7895872313950063E-033  -5.0717038381579644E-032   9.0907512524674127E-034  -3.0086482657551453E-032   1.3494876964410599E-034   2.8188948499952970E-033   4.6860225500228622E-033  -9.6823548112194237E-021  -1.3226137932216467E-018  -3.9938009414273772E-019  -8.2131152805543094E-019  -1.0073011993855615E-018  -1.0822117044780638E-018   5.0051138003153058E-019  -1.2073926276188832E-018  -1.2971834385849251E-018   5.9993351607051894E-019  -8.2756059498663717E-019  -8.8910423476678238E-019   4.1120123326481793E-019   1.1754210842708823E-035  -1.0861622231895703E-034   4.6832018254826020E-034   1.9926772876116422E-035  -2.1545837509310929E-034  -7.3558351346881567E-034   4.6237119653474122E-034  -6.2747570485173161E-034  -2.8758649446067558E-034   1.1521793154072962E-033  -1.6899436534182269E-034  -5.2604372335239906E-034  -1.9274801096542913E-034   3.4733687416518443E-035  -1.0416796225494605E-035   1.1583028183942084E-034  -3.4003682952276498E-034  -7.1611352907673383E-019  -3.1372037027720507E-018  -9.7851428157072150E-019  -1.9498160152193969E-018  -3.5901248270988465E-017   5.9381351784441252E-017  -1.8335590666168868E-017  -4.3032712073754798E-017   7.1176929409308636E-017  -2.1977792746473484E-017  -2.9495108710309454E-017   4.8785474338577474E-017  -1.5063828307145641E-017  -2.3543444586536836E-034   8.4929688295705329E-033  -9.5566404613303432E-033  -2.1545837509310929E-034   3.1462316968681249E-032   7.9590094747740885E-033  -2.9337201120432055E-032   2.5124020479917897E-032  -2.1185531746508256E-032  -2.5040500161244785E-032   2.3177969367946482E-032   2.4192484432575655E-032   1.6110665841096506E-032  -6.6011974218118707E-033   6.0663739443933973E-033  -1.8118048301704427E-033   1.6198896090813710E-033  -6.9159609193622375E-018   1.0059819362973169E-016   3.0032504542362015E-017   6.2450441097685285E-017   1.4682975905966924E-017   2.1077791376268289E-017  -3.9734980354786165E-017   1.7599618536326593E-017   2.5264707249151377E-017  -4.7627980953675873E-017   1.2062978068852094E-017   1.7316716770503910E-017  -3.2644758096433404E-017  -7.5634912080592994E-034   6.2558787280061332E-033  -3.0332976811107203E-032  -7.3558351346881567E-034   7.9590094747740885E-033   4.2983166210233264E-032  -1.5988294922687134E-032   4.2483428934721966E-033   6.7734803744741885E-033  -2.1823284638241288E-032   3.9674512957727257E-033   2.2116291535648426E-032   4.2149292571981290E-033   6.0226823157264796E-033   7.7578590225956496E-034  -2.4799364338558564E-033   3.7623233933464443E-033   4.7225340726397339E-018  -1.9800294222037913E-017  -5.7598862872427480E-018  -1.2283658541203575E-017   1.6103574236226184E-017  -6.8040938832977181E-017   1.1894507723061116E-017   1.9302406095607846E-017  -8.1556666440301880E-017   1.4257245938692609E-017   1.3230087966213009E-017  -5.5899863773034868E-017   9.7720779984912655E-018   4.0646420683990247E-034  -7.5291316584089603E-033   6.2818393220117598E-033   4.6237119653474122E-034  -2.9337201120432055E-032  -1.5988294922687134E-032   3.1853214922439599E-032  -3.2235768062863488E-032   1.3784128725093551E-032   3.8989167793457125E-032  -2.2769337632353628E-032  -2.4380920025601582E-032  -1.6879003270590907E-032   8.9256919518959817E-033  -5.3373165516621843E-033   3.1444509355139723E-033  -7.2731538771820234E-033  -6.8059565318488441E-018  -2.1188929225942915E-017  -6.6975935452533769E-018  -1.3174010555822298E-017   2.6526536311479873E-017   8.9280443777781388E-017   1.4415893995301582E-017   3.1795796925767500E-017   1.0701521022072636E-016   1.7279483178496788E-017   2.1793199676773420E-017   7.3349438299567080E-017   1.1843553665272185E-017  -1.4125036533828094E-034   3.8457160240785843E-033   8.4941599740398934E-033  -6.2747570485173161E-034   2.5124020479917897E-032   4.2483428934721966E-033  -3.2235768062863488E-032   5.5548934223905091E-032  -2.2220461615501772E-033  -6.9503973992974715E-032   2.2696167752502364E-032   2.0594182415800571E-032   1.9070899998153307E-032  -1.7195000757688561E-032   3.8167868301166303E-033  -5.9646891363940778E-033   2.0661859137168418E-032  -6.1970336078813775E-019   1.6351000175413818E-017   4.9041155252728933E-018   1.0151779810866061E-017   6.0313098655759000E-017  -2.0657233179293242E-017   3.0345724674574719E-018   7.2293759513275608E-017  -2.4760608905158524E-017   3.6373633104162277E-018   4.9550962353160813E-017  -1.6971202050649052E-017   2.4930900491640077E-018   4.3270875318454042E-035  -4.5883600317795267E-033  -4.6041561594956457E-033  -2.8758649446067558E-034  -2.1185531746508256E-032   6.7734803744741885E-033   1.3784128725093551E-032  -2.2220461615501772E-033   2.5631189942579676E-032  -1.1018209281705076E-032  -1.5353281120110016E-032  -6.5397371225525038E-033  -8.5152244964697876E-033   4.4299082038789516E-033  -5.0056550008141046E-033  -1.7309107514635326E-033   8.4655281801950360E-033   4.4460755808118446E-019  -3.8418886520918654E-018  -1.1388315519553688E-018  -2.3845700228753042E-018  -6.6809366883550350E-017  -1.0864821161557239E-016   3.0604854990624128E-018  -8.0080453671938791E-017  -1.3023021295778970E-016   3.6684237353799931E-018  -5.4888050806011934E-017  -8.9261264360314431E-017   2.5143792165610633E-018   3.2623115981251739E-034  -5.9818267960693068E-033   9.0764978067925054E-033   1.1521793154072962E-033  -2.5040500161244785E-032  -2.1823284638241288E-032   3.8989167793457125E-032  -6.9503973992974715E-032  -1.1018209281705076E-032   9.9368368628839920E-032  -2.2310384930140085E-032  -3.3651080898251452E-032  -2.1202677098113660E-032   1.5235358212944647E-032  -2.7187416256531880E-033   9.2438140614483437E-033  -3.0506422771717755E-032  -2.5658210522728004E-033  -4.3041085017265239E-033   1.3521087589999845E-033   4.6145252808921945E-033  -2.4952677614758763E-017   4.9007014602125302E-017   4.1275380159493355E-019  -2.9909305190729413E-017   5.8741822374787682E-017   4.9474367485256491E-019  -2.0500176854723914E-017   4.0262311002302011E-017   3.3910292357367231E-019  -2.1555718406960896E-034   4.8882525298672286E-033   3.7895872313950063E-033  -1.6899436534182269E-034   2.3177969367946482E-032   3.9674512957727257E-033  -2.2769337632353628E-032   2.2696167752502364E-032  -1.5353281120110016E-032  -2.2310384930140085E-032   1.8455728257935800E-032   1.3836325500871859E-032   1.2927442204426093E-032  -8.8600504831298998E-033   4.5800019392526647E-033  -1.4814427717969593E-033   3.2289446907356860E-033   3.3486379849035988E-034   4.5030589569533747E-033  -7.5799724656858937E-034   6.3845443029173533E-033   1.8715730058126239E-018   4.7770280948588207E-017  -6.5182080639040776E-017   2.2433443449159103E-018   5.7259422575681206E-017  -7.8129921481721705E-017   1.5376136464405814E-018   3.9246257374265585E-017  -5.3551133929965459E-017  -1.3360224394964606E-034   1.1783933545302574E-032  -5.0717038381579644E-032  -5.2604372335239906E-034   2.4192484432575655E-032   2.2116291535648426E-032  -2.4380920025601582E-032   2.0594182415800571E-032  -6.5397371225525038E-033  -3.3651080898251452E-032   1.3836325500871859E-032   3.9872300852559351E-032   1.1344140624135752E-032   7.0755871050661393E-033   3.4546512682942762E-033  -3.7202794030580964E-033   4.0393770398118072E-033  -1.7292456258571239E-033  -3.0134924808060681E-033   7.8725208175924146E-034   3.1856335030601506E-033  -1.0034841947384338E-017   3.8126976405836543E-017  -8.6685496401770621E-019  -1.2028174089322222E-017   4.5700561315608945E-017  -1.0390479961785608E-018  -8.2442468823027770E-018   3.1323682825655118E-017  -7.1217527610131839E-019  -1.5341832598955012E-034   3.5394698128175139E-033   9.0907512524674127E-034  -1.9274801096542913E-034   1.6110665841096506E-032   4.2149292571981290E-033  -1.6879003270590907E-032   1.9070899998153307E-032  -8.5152244964697876E-033  -2.1202677098113660E-032   1.2927442204426093E-032   1.1344140624135752E-032   9.4894535452681796E-033  -6.3532394518639137E-033   3.0002449365306692E-033  -1.6237742889560057E-033   4.2488064259330553E-033   2.3491270934503072E-033   3.3515637058975034E-033  -2.3600286470927748E-033  -2.4434369313031642E-033   4.6969856671522956E-018  -2.6921399302388968E-017  -3.7384315546488079E-017   5.6300001131841635E-018  -3.2269095939442965E-017  -4.4810377478892351E-017   3.8588659039851276E-018  -2.2117604186461383E-017  -3.0713540732097958E-017   1.2721512429162525E-034   2.3379866554979469E-033  -3.0086482657551453E-032   3.4733687416518443E-035  -6.6011974218118707E-033   6.0226823157264796E-033   8.9256919518959817E-033  -1.7195000757688561E-032   4.4299082038789516E-033   1.5235358212944647E-032  -8.8600504831298998E-033   7.0755871050661393E-033  -6.3532394518639137E-033   1.3085381301616757E-032  -1.6290103955452075E-033   6.7607853740639208E-034  -5.8775503446868883E-033  -6.2735281669909618E-034  -1.2551613248300130E-033   2.3237653430473445E-034   9.9240445560355296E-034  -1.0024929329193458E-017   1.0223545944861090E-017  -1.4808243646532931E-018  -1.2016292417652028E-017   1.2254362458297290E-017  -1.7749769599911291E-018  -8.2361030498394267E-018   8.3992789546594806E-018  -1.2165893310071409E-018  -5.1027761032596841E-035   1.4263897709323588E-033   1.3494876964410599E-034  -1.0416796225494605E-035   6.0663739443933973E-033   7.7578590225956496E-034  -5.3373165516621843E-033   3.8167868301166303E-033  -5.0056550008141046E-033  -2.7187416256531880E-033   4.5800019392526647E-033   3.4546512682942762E-033   3.0002449365306692E-033  -1.6290103955452075E-033   1.2644315925463580E-033  -1.0045524717044582E-034  -3.5735242793120673E-034   6.6491599155767969E-035  -3.4584171895479672E-035   4.9566643615874229E-035  -5.1465536684335470E-034  -7.9144203568692947E-018  -9.0049401691715519E-018   2.5266491172937051E-018  -9.4865496006454651E-018  -1.0793691478813832E-017   3.0285455022401264E-018  -6.5021886437743760E-018  -7.3981185059288183E-018   2.0757994213701687E-018   1.9971927181011732E-035  -6.7387866153234923E-034   2.8188948499952970E-033   1.1583028183942084E-034  -1.8118048301704427E-033  -2.4799364338558564E-033   3.1444509355139723E-033  -5.9646891363940778E-033  -1.7309107514635326E-033   9.2438140614483437E-033  -1.4814427717969593E-033  -3.7202794030580964E-033  -1.6237742889560057E-033   6.7607853740639208E-034  -1.0045524717044582E-034   9.1599023984163003E-034  -2.8432684289216367E-033  -5.7570032096564414E-034  -1.0042633180481243E-033   3.2511339605141229E-034   8.6791530274062193E-034   3.1668368609497749E-017   2.6834196818353796E-017   1.0419741221588850E-017   3.7959008498300546E-017   3.2164571457194376E-017   1.2489530182548178E-017   2.6017534759929087E-017   2.2045961921350923E-017   8.5604655789198258E-018  -5.8361794403691566E-035  -5.8211398571112225E-034   4.6860225500228622E-033  -3.4003682952276498E-034   1.6198896090813710E-033   3.7623233933464443E-033  -7.2731538771820234E-033   2.0661859137168418E-032   8.4655281801950360E-033  -3.0506422771717755E-032   3.2289446907356860E-033   4.0393770398118072E-033   4.2488064259330553E-033  -5.8775503446868883E-033  -3.5735242793120673E-034  -2.8432684289216367E-033   1.1176161436627770E-032
