  0.95197528410979926       -2.8130946723052524E-006   4.2843543933677078E-002   2.3159637790544124E-003  -3.1297979779696058E-017  -5.6054271072386252E-018  -4.7179474573351036E-018  -3.6232254382153409E-017  -5.9930275887249464E-018  -6.0059654568848066E-018  -2.4111911916342758E-017  -4.3483557637410013E-018  -4.4935922595904240E-018   1.4483350454651582E-019   6.4093595999278042E-017   1.3040076714718847E-017   9.3610391935876421E-019  -6.5366246009283140E-020   3.6049066509956670E-018   3.5573526428907739E-018  -6.8320987023126459E-018   1.0516980995209858E-018   4.2996093922961695E-019  -8.4807132222193763E-033  -1.2308317186622285E-033   9.1432680540283472E-033  -3.1364220426005502E-033  -4.0122141465651329E-033   2.3421553210176698E-033  -1.1275920573584265E-033  -2.8130946723052524E-006  0.34572279343851675       0.10428137067154003       0.21467942091654466       -4.7858268002797533E-017  -7.9442587500325127E-018  -4.1819805850489362E-018  -5.9335406112839825E-017  -4.2008760436904911E-018  -1.7351009289010024E-018  -3.8930254321263130E-017  -8.8700789981020405E-018  -7.8202382547937317E-018   1.4565886655713421E-018  -3.9341793763460586E-017   8.6389449585127611E-018   5.4544021487441354E-018   1.0457036412212102E-018  -3.3374239553102767E-017  -2.5270360172042711E-017  -2.7676323042112145E-017   4.6468306868191169E-018   4.5402986541168519E-018  -1.4395138184051952E-032  -2.1015121446978588E-033   1.6009110942514155E-032  -6.4425754350891138E-033  -6.1443803674233699E-033   3.5882439537597936E-033  -2.0084831130980198E-033   4.2843543933677078E-002  0.10428137067154003        3.3382938224450202E-002   6.4858687853908026E-002   2.7643375648778416E-017   4.7832505157084170E-018   8.0135057272441698E-018   3.2597845944895856E-017   7.3711921122149251E-018   1.0578158759788908E-017   2.2899944027771031E-017   3.2344576129752727E-018   5.2332970647050474E-018   4.4587394986452030E-019  -8.9822115336447493E-018   3.1926720863344341E-018   1.6873592544190754E-018   3.1247715146063199E-019  -9.9045394218349668E-018  -7.4622799762154659E-018  -8.6555838144082837E-018   1.4489712387636626E-018   1.3888558658752634E-018   6.7944585465151332E-033   1.0283970902990033E-033  -7.6258674205274655E-033   1.8860666958716746E-033   3.7251325220779631E-033  -2.3400636559041597E-033   7.2659008261296236E-034   2.3159637790544124E-003  0.21467942091654466        6.4858687853908026E-002  0.13331260037159617        2.5409668457729208E-017   1.8751482447702529E-018  -4.2078667032371770E-018   2.9236587059786402E-017   5.5537886732070804E-018  -3.0093277675122728E-018   2.1120635381638557E-017   8.6037604197055081E-020  -6.1811074711375628E-018   9.0483339454766072E-019  -2.4273567805887265E-017   5.3961721205374152E-018   3.3892351926353220E-018   6.4917918131342406E-019  -2.0715233435235694E-017  -1.5683178289824241E-017  -1.7202475334421621E-017   2.8880484440389895E-018   2.8203827953897203E-018   9.4547048066424975E-033   1.0861852241358353E-033  -8.6278096844203183E-033   4.2706595937999735E-033   2.4476841393707167E-033  -1.4557100824692277E-033   1.5811267027869559E-033  -3.1297979779696058E-017  -4.7858268002797533E-017   2.7643375648778416E-017   2.5409668457729208E-017  0.16387832800684676       -1.3877787807814457E-016   2.7755575615628914E-017  0.19643130268020795        1.7347234759768071E-017  -1.8041124150158794E-016  0.13463624553035125       -4.8572257327350599E-017   1.9428902930940239E-016  -4.4618126134468696E-019   2.3427920002998958E-018   2.8827484183325142E-017  -2.4757242459405620E-019  -2.6759015030516817E-017   1.1156636636273613E-016   2.3584790847022128E-017  -7.8874962161205695E-017   2.8881696702099984E-017  -1.4227300887680104E-017   4.3871174521038414E-017   5.4987806154774975E-018  -5.2111943320880941E-017   2.2266142866748393E-017   1.9864474243885619E-017  -1.2758819609114343E-017   6.2607777146362002E-018  -5.6054271072386252E-018  -7.9442587500325127E-018   4.7832505157084170E-018   1.8751482447702529E-018  -1.3877787807814457E-016  0.16387832800684715        1.5265566588595902E-016  -1.7347234759768071E-017  0.19643130268020847        1.9428902930940239E-016  -1.8388068845354155E-016  0.13463624553035097        1.1102230246251565E-016   8.8546596805170521E-019   2.7112468829497942E-017   2.7132434369635039E-017  -3.0807876764638651E-020  -6.0805087659547219E-018   6.8768679975236002E-017  -2.8611812108137861E-018   5.8283602340637142E-017   1.1314923680495544E-017  -8.5253304816334706E-017   7.3363887662782373E-017   1.1880697697863452E-017  -1.7746408604663553E-017   9.1642016295555518E-018  -6.8279928907302420E-018   1.1860500904126746E-017   1.3702102045654277E-017  -4.7179474573351036E-018  -4.1819805850489362E-018   8.0135057272441698E-018  -4.2078667032371770E-018   2.7755575615628914E-017   1.5265566588595902E-016  0.16387832800684685       -3.4694469519536142E-017  -5.5511151231257827E-017  0.19643130268020847        8.3266726846886741E-017   5.5511151231257827E-017  0.13463624553035075        1.5094408168069932E-018  -5.2584324161051666E-018  -2.3127322800674797E-018  -5.8321724054274562E-019   1.8314276864693263E-017  -6.1701215911368612E-017   4.1360525796115578E-017   3.1021486032927746E-017  -2.1542238204893391E-017   9.6914470798730963E-017  -5.9605667449264435E-017  -4.8415881385871503E-018   3.0526412607911055E-017  -4.0657206794272445E-017   1.3773188207439893E-017  -1.1744723788370263E-017  -1.5539435247462771E-017  -3.6232254382153409E-017  -5.9335406112839825E-017   3.2597845944895856E-017   2.9236587059786402E-017  0.19643130268020795       -1.7347234759768071E-017  -3.4694469519536142E-017  0.23545063671281408        2.0122792321330962E-016  -3.1225022567582528E-016  0.16138054017975023        6.5919492087118670E-017   1.7347234759768071E-016  -5.3481120696919371E-019   2.8081668279435722E-018   3.4553807937844415E-017  -2.9675048837864754E-019  -3.2074455755150723E-017   1.3372803436836382E-016   2.8269700123662735E-017  -9.4542773011025744E-017   3.4618789292084684E-017  -1.7053427875304785E-017   5.2585793778163851E-017   6.5910645573940381E-018  -6.2463518124801309E-017   2.6689114431264374E-017   2.3810375662490678E-017  -1.5293245830378497E-017   7.5044256140191162E-018  -5.9930275887249464E-018  -4.2008760436904911E-018   7.3711921122149251E-018   5.5537886732070804E-018   1.7347234759768071E-017  0.19643130268020847       -5.5511151231257827E-017   2.0122792321330962E-016  0.23545063671281480       -4.1633363423443370E-017  -7.2858385991025898E-017  0.16138054017974995       -5.5511151231257827E-017   1.0613559199610618E-018   3.2498120012746954E-017   3.2522051530144941E-017  -3.6927587920205973E-020  -7.2883478394105791E-018   8.2428967609247292E-017  -3.4295294520017971E-018   6.9861122406546839E-017   1.3562532796856607E-017  -1.0218811679702910E-016   8.7936972500004507E-017   1.4240692798888975E-017  -2.1271575091757640E-017   1.0984588908195878E-017  -8.1843130481615840E-018   1.4216484091417294E-017   1.6423902946901964E-017  -6.0059654568848066E-018  -1.7351009289010024E-018   1.0578158759788908E-017  -3.0093277675122728E-018  -1.8041124150158794E-016   1.9428902930940239E-016  0.19643130268020847       -3.1225022567582528E-016  -4.1633363423443370E-017  0.23545063671281527       -6.9388939039072284E-017   6.9388939039072284E-017  0.16138054017974995        1.8092778317318925E-018  -6.3029733224286899E-018  -2.7721360112073440E-018  -6.9906816660090355E-019   2.1952245339160430E-017  -7.3957614565829516E-017   4.9576426977763048E-017   3.7183628772862003E-017  -2.5821412536365247E-017   1.1616566985454220E-016  -7.1445804009503571E-017  -5.8033266306206540E-018   3.6590213408053516E-017  -4.8733399901443308E-017   1.6509109743504729E-017  -1.4077708879678177E-017  -1.8626206074340286E-017  -2.4111911916342758E-017  -3.8930254321263130E-017   2.2899944027771031E-017   2.1120635381638557E-017  0.13463624553035125       -1.8388068845354155E-016   8.3266726846886741E-017  0.16138054017975023       -7.2858385991025898E-017  -6.9388939039072284E-017  0.11061205487617430       -1.0061396160665481E-016   2.1857515797307769E-016  -3.6656567457129086E-019   1.9247494334073194E-018   2.3683572353547096E-017  -2.0339615463246092E-019  -2.1984196212012238E-017   9.1658713371269474E-017   1.9376373495395861E-017  -6.4800690249229176E-017   2.3728111311671463E-017  -1.1688613124414115E-017   3.6042900219683906E-017   4.5175904957489686E-018  -4.2813204658280002E-017   1.8293022112699151E-017   1.6319901869632121E-017  -1.0482164362199323E-017   5.1436185360854533E-018  -4.3483557637410013E-018  -8.8700789981020405E-018   3.2344576129752727E-018   8.6037604197055081E-020  -4.8572257327350599E-017  0.13463624553035097        5.5511151231257827E-017   6.5919492087118670E-017  0.16138054017974995        6.9388939039072284E-017  -1.0061396160665481E-016  0.11061205487617362        3.4694469519536142E-017   7.2746540029623763E-019   2.2274580505298761E-017   2.2290983439089576E-017  -2.5310588110096930E-020  -4.9955163755901238E-018   5.6497750462508796E-017  -2.3506384321290957E-018   4.7883606640162264E-017   9.2959139950508508E-018  -7.0040895700658601E-017   6.0272999563522293E-017   9.7607325616269829E-018  -1.4579779127839226E-017   7.5289619786390278E-018  -5.6096211042465453E-018   9.7441396386118779E-018   1.1257129589603550E-017  -4.4935922595904240E-018  -7.8202382547937317E-018   5.2332970647050474E-018  -6.1811074711375628E-018   1.9428902930940239E-016   1.1102230246251565E-016  0.13463624553035075        1.7347234759768071E-016  -5.5511151231257827E-017  0.16138054017974995        2.1857515797307769E-016   3.4694469519536142E-017  0.11061205487617343        1.2400995720231456E-018  -4.3201294917404292E-018  -1.9000535024504207E-018  -4.7914926000444739E-019   1.5046318245098523E-017  -5.0691388885888033E-017   3.3980246040327974E-017   2.5486081418106076E-017  -1.7698289380314805E-017   7.9621269295332265E-017  -4.8969765406468547E-017  -3.9776659751887280E-018   2.5079347788243143E-017  -3.3402425708805161E-017   1.1315531295603265E-017  -9.6490215325549749E-018  -1.2766613162498046E-017   1.4483350454651582E-019   1.4565886655713421E-018   4.4587394986452030E-019   9.0483339454766072E-019  -4.4618126134468696E-019   8.8546596805170521E-019   1.5094408168069932E-018  -5.3481120696919371E-019   1.0613559199610618E-018   1.8092778317318925E-018  -3.6656567457129086E-019   7.2746540029623763E-019   1.2400995720231456E-018   2.6061093359024559E-035  -6.4320464311710228E-035   8.5194399500778869E-035   1.8258483217069388E-035   2.1308478297748414E-034  -6.4056120132634672E-034   1.9536166590452398E-034   6.9775165765199999E-034  -1.9617975463253312E-034   4.8994441136972061E-034  -2.7205853317095611E-034   4.6278838206910659E-036   3.2716555972121276E-034  -3.8558969476567237E-034   3.5884555453252457E-035  -9.3554123099879210E-036  -8.6140459509547841E-035   6.4093595999278042E-017  -3.9341793763460586E-017  -8.9822115336447493E-018  -2.4273567805887265E-017   2.3427920002998958E-018   2.7112468829497942E-017  -5.2584324161051666E-018   2.8081668279435722E-018   3.2498120012746954E-017  -6.3029733224286899E-018   1.9247494334073194E-018   2.2274580505298761E-017  -4.3201294917404292E-018  -6.4320464311710228E-035   1.3479894688412827E-032   4.8700611488870953E-033  -5.4758250819780110E-034  -2.0995752869189050E-033   1.8992586631658431E-032   1.6518033456280206E-033   1.0209056652937150E-032   2.5181166688384875E-033  -1.7905378780660725E-032   1.4677288677108835E-032   2.1995386067257924E-033  -4.6605154016133756E-033   3.1390498843026628E-033  -1.2876064515591198E-033   2.1566917428158446E-033   2.8550363570379149E-033   1.3040076714718847E-017   8.6389449585127611E-018   3.1926720863344341E-018   5.3961721205374152E-018   2.8827484183325142E-017   2.7132434369635039E-017  -2.3127322800674797E-018   3.4553807937844415E-017   3.2522051530144941E-017  -2.7721360112073440E-018   2.3683572353547096E-017   2.2290983439089576E-017  -1.9000535024504207E-018   8.5194399500778869E-035   4.8700611488870953E-033   9.9902815879185421E-033   1.0869835299451327E-034  -5.9470625220506781E-033   3.1097228670143501E-032   2.5086077737690063E-033  -5.4479866918476242E-033   7.3884036361165839E-033  -1.7865976865635347E-032   2.0704924495958804E-032   3.0026274061531214E-033  -1.2535879108767436E-032   6.0078304869465441E-033   2.1694696025331973E-033  -1.1495117451283381E-034   3.5892019139345710E-033   9.3610391935876421E-019   5.4544021487441354E-018   1.6873592544190754E-018   3.3892351926353220E-018  -2.4757242459405620E-019  -3.0807876764638651E-020  -5.8321724054274562E-019  -2.9675048837864754E-019  -3.6927587920205973E-020  -6.9906816660090355E-019  -2.0339615463246092E-019  -2.5310588110096930E-020  -4.7914926000444739E-019   1.8258483217069388E-035  -5.4758250819780110E-034   1.0869835299451327E-034   8.9429020216383812E-035  -7.1758740008150397E-036  -4.8488159815718274E-034  -5.7747510110957307E-034  -4.4556314544974641E-034   1.0525289833586266E-034  -2.3532883713182017E-034   1.3205879323782299E-034   6.6899154240042110E-036  -2.6576551336960646E-035   1.0933215881757447E-034  -7.7742438936795765E-035   5.8842804728594539E-035   4.3268307902346473E-035  -6.5366246009283140E-020   1.0457036412212102E-018   3.1247715146063199E-019   6.4917918131342406E-019  -2.6759015030516817E-017  -6.0805087659547219E-018   1.8314276864693263E-017  -3.2074455755150723E-017  -7.2883478394105791E-018   2.1952245339160430E-017  -2.1984196212012238E-017  -4.9955163755901238E-018   1.5046318245098523E-017   2.1308478297748414E-034  -2.0995752869189050E-033  -5.9470625220506781E-033  -7.1758740008150397E-036   6.6448644746271078E-033  -2.7765424319475887E-032   8.0067774676800372E-034   1.4100196791618753E-032  -7.5292765477578596E-033   1.6330751049470789E-032  -1.6546872974627448E-032  -1.8797654883238965E-033   1.2579092458026455E-032  -8.5194327934655737E-033  -1.4510162203325041E-033   3.3072977663013468E-034  -3.2673113188579645E-033   3.6049066509956670E-018  -3.3374239553102767E-017  -9.9045394218349668E-018  -2.0715233435235694E-017   1.1156636636273613E-016   6.8768679975236002E-017  -6.1701215911368612E-017   1.3372803436836382E-016   8.2428967609247292E-017  -7.3957614565829516E-017   9.1658713371269474E-017   5.6497750462508796E-017  -5.0691388885888033E-017  -6.4056120132634672E-034   1.8992586631658431E-032   3.1097228670143501E-032  -4.8488159815718274E-034  -2.7765424319475887E-032   1.3127691164704180E-031   1.7360315731374293E-033  -3.8273344565384638E-032   3.2076606518966386E-032  -8.2386406973677636E-032   8.3094742082419371E-032   1.0551918406088508E-032  -5.4417531215006599E-032   3.4311808430091874E-032   5.4725521345813994E-033   7.1296545346811209E-034   1.5862803652891832E-032   3.5573526428907739E-018  -2.5270360172042711E-017  -7.4622799762154659E-018  -1.5683178289824241E-017   2.3584790847022128E-017  -2.8611812108137861E-018   4.1360525796115578E-017   2.8269700123662735E-017  -3.4295294520017971E-018   4.9576426977763048E-017   1.9376373495395861E-017  -2.3506384321290957E-018   3.3980246040327974E-017   1.9536166590452398E-034   1.6518033456280206E-033   2.5086077737690063E-033  -5.7747510110957307E-034   8.0067774676800372E-034   1.7360315731374293E-033   1.5743404311497437E-032  -2.5421632675342537E-033  -1.8136743807402050E-033   2.3570460971722309E-032  -1.0010699204244725E-032  -6.3800912949650030E-034   5.1449684752146842E-034  -7.2168271657953284E-033   6.4541902172629531E-033  -5.0074777761732408E-033  -3.2601276989457523E-033  -6.8320987023126459E-018  -2.7676323042112145E-017  -8.6555838144082837E-018  -1.7202475334421621E-017  -7.8874962161205695E-017   5.8283602340637142E-017   3.1021486032927746E-017  -9.4542773011025744E-017   6.9861122406546839E-017   3.7183628772862003E-017  -6.4800690249229176E-017   4.7883606640162264E-017   2.5486081418106076E-017   6.9775165765199999E-034   1.0209056652937150E-032  -5.4479866918476242E-033  -4.4556314544974641E-034   1.4100196791618753E-032  -3.8273344565384638E-032  -2.5421632675342537E-033   6.6828196344354142E-032  -1.4334045459790380E-032  -5.4938995778642762E-033  -6.3063979749128126E-033   6.6232362555060265E-034   2.4548563966776202E-032  -1.5153714926521383E-032  -9.3819904673211091E-033   8.1358246901945700E-033  -1.0816995396929654E-033   1.0516980995209858E-018   4.6468306868191169E-018   1.4489712387636626E-018   2.8880484440389895E-018   2.8881696702099984E-017   1.1314923680495544E-017  -2.1542238204893391E-017   3.4618789292084684E-017   1.3562532796856607E-017  -2.5821412536365247E-017   2.3728111311671463E-017   9.2959139950508508E-018  -1.7698289380314805E-017  -1.9617975463253312E-034   2.5181166688384875E-033   7.3884036361165839E-033   1.0525289833586266E-034  -7.5292765477578596E-033   3.2076606518966386E-032  -1.8136743807402050E-033  -1.4334045459790380E-032   8.7667101653138593E-033  -2.1071847823668401E-032   2.0632503845797171E-032   2.4258359936696070E-033  -1.4422211168502416E-032   9.9013913570938030E-033   1.2189299404809531E-033   1.1418191802862842E-034   4.0921477892102452E-033   4.2996093922961695E-019   4.5402986541168519E-018   1.3888558658752634E-018   2.8203827953897203E-018  -1.4227300887680104E-017  -8.5253304816334706E-017   9.6914470798730963E-017  -1.7053427875304785E-017  -1.0218811679702910E-016   1.1616566985454220E-016  -1.1688613124414115E-017  -7.0040895700658601E-017   7.9621269295332265E-017   4.8994441136972061E-034  -1.7905378780660725E-032  -1.7865976865635347E-032  -2.3532883713182017E-034   1.6330751049470789E-032  -8.2386406973677636E-032   2.3570460971722309E-032  -5.4938995778642762E-033  -2.1071847823668401E-032   1.0295906897875550E-031  -7.7223963345263886E-032  -9.5212193085702994E-033   3.1808985765940537E-032  -3.0744378045565230E-032   9.9727180119932349E-033  -1.2008036986125343E-032  -1.6861409484622355E-032  -8.4807132222193763E-033  -1.4395138184051952E-032   6.7944585465151332E-033   9.4547048066424975E-033   4.3871174521038414E-017   7.3363887662782373E-017  -5.9605667449264435E-017   5.2585793778163851E-017   8.7936972500004507E-017  -7.1445804009503571E-017   3.6042900219683906E-017   6.0272999563522293E-017  -4.8969765406468547E-017  -2.7205853317095611E-034   1.4677288677108835E-032   2.0704924495958804E-032   1.3205879323782299E-034  -1.6546872974627448E-032   8.3094742082419371E-032  -1.0010699204244725E-032  -6.3063979749128126E-033   2.0632503845797171E-032  -7.7223963345263886E-032   6.6267307526296861E-032   8.5516995740426691E-033  -3.2998291790305869E-032   2.4851139840238817E-032  -2.7484437299458242E-033   6.1657948729598149E-033   1.3462094613236877E-032  -1.2308317186622285E-033  -2.1015121446978588E-033   1.0283970902990033E-033   1.0861852241358353E-033   5.4987806154774975E-018   1.1880697697863452E-017  -4.8415881385871503E-018   6.5910645573940381E-018   1.4240692798888975E-017  -5.8033266306206540E-018   4.5175904957489686E-018   9.7607325616269829E-018  -3.9776659751887280E-018   4.6278838206910659E-036   2.1995386067257924E-033   3.0026274061531214E-033   6.6899154240042110E-036  -1.8797654883238965E-033   1.0551918406088508E-032  -6.3800912949650030E-034   6.6232362555060265E-034   2.4258359936696070E-033  -9.5212193085702994E-033   8.5516995740426691E-033   1.1888609318782947E-033  -3.9369951150076220E-033   2.6126651360849389E-033  -2.3538828247658282E-034   7.7872524562013922E-034   1.6625305130512784E-033   9.1432680540283472E-033   1.6009110942514155E-032  -7.6258674205274655E-033  -8.6278096844203183E-033  -5.2111943320880941E-017  -1.7746408604663553E-017   3.0526412607911055E-017  -6.2463518124801309E-017  -2.1271575091757640E-017   3.6590213408053516E-017  -4.2813204658280002E-017  -1.4579779127839226E-017   2.5079347788243143E-017   3.2716555972121276E-034  -4.6605154016133756E-033  -1.2535879108767436E-032  -2.6576551336960646E-035   1.2579092458026455E-032  -5.4417531215006599E-032   5.1449684752146842E-034   2.4548563966776202E-032  -1.4422211168502416E-032   3.1808985765940537E-032  -3.2998291790305869E-032  -3.9369951150076220E-033   2.4179228394283269E-032  -1.5646256237617009E-032  -3.0117342784976681E-033   5.8507617112832130E-034  -6.3692839669995288E-033  -3.1364220426005502E-033  -6.4425754350891138E-033   1.8860666958716746E-033   4.2706595937999735E-033   2.2266142866748393E-017   9.1642016295555518E-018  -4.0657206794272445E-017   2.6689114431264374E-017   1.0984588908195878E-017  -4.8733399901443308E-017   1.8293022112699151E-017   7.5289619786390278E-018  -3.3402425708805161E-017  -3.8558969476567237E-034   3.1390498843026628E-033   6.0078304869465441E-033   1.0933215881757447E-034  -8.5194327934655737E-033   3.4311808430091874E-032  -7.2168271657953284E-033  -1.5153714926521383E-032   9.9013913570938030E-033  -3.0744378045565230E-032   2.4851139840238817E-032   2.6126651360849389E-033  -1.5646256237617009E-032   1.3624572578556868E-032  -1.0998845634269006E-033   1.8435017550221245E-033   5.4721221541325436E-033  -4.0122141465651329E-033  -6.1443803674233699E-033   3.7251325220779631E-033   2.4476841393707167E-033   1.9864474243885619E-017  -6.8279928907302420E-018   1.3773188207439893E-017   2.3810375662490678E-017  -8.1843130481615840E-018   1.6509109743504729E-017   1.6319901869632121E-017  -5.6096211042465453E-018   1.1315531295603265E-017   3.5884555453252457E-035  -1.2876064515591198E-033   2.1694696025331973E-033  -7.7742438936795765E-035  -1.4510162203325041E-033   5.4725521345813994E-033   6.4541902172629531E-033  -9.3819904673211091E-033   1.2189299404809531E-033   9.9727180119932349E-033  -2.7484437299458242E-033  -2.3538828247658282E-034  -3.0117342784976681E-033  -1.0998845634269006E-033   3.8499266191748022E-033  -3.0278131134118027E-033  -1.1180146040401316E-033   2.3421553210176698E-033   3.5882439537597936E-033  -2.3400636559041597E-033  -1.4557100824692277E-033  -1.2758819609114343E-017   1.1860500904126746E-017  -1.1744723788370263E-017  -1.5293245830378497E-017   1.4216484091417294E-017  -1.4077708879678177E-017  -1.0482164362199323E-017   9.7441396386118779E-018  -9.6490215325549749E-018  -9.3554123099879210E-036   2.1566917428158446E-033  -1.1495117451283381E-034   5.8842804728594539E-035   3.3072977663013468E-034   7.1296545346811209E-034  -5.0074777761732408E-033   8.1358246901945700E-033   1.1418191802862842E-034  -1.2008036986125343E-032   6.1657948729598149E-033   7.7872524562013922E-034   5.8507617112832130E-034   1.8435017550221245E-033  -3.0278131134118027E-033   2.6934464230156197E-033   1.6179078604264910E-033  -1.1275920573584265E-033  -2.0084831130980198E-033   7.2659008261296236E-034   1.5811267027869559E-033   6.2607777146362002E-018   1.3702102045654277E-017  -1.5539435247462771E-017   7.5044256140191162E-018   1.6423902946901964E-017  -1.8626206074340286E-017   5.1436185360854533E-018   1.1257129589603550E-017  -1.2766613162498046E-017  -8.6140459509547841E-035   2.8550363570379149E-033   3.5892019139345710E-033   4.3268307902346473E-035  -3.2673113188579645E-033   1.5862803652891832E-032  -3.2601276989457523E-033  -1.0816995396929654E-033   4.0921477892102452E-033  -1.6861409484622355E-032   1.3462094613236877E-032   1.6625305130512784E-033  -6.3692839669995288E-033   5.4721221541325436E-033  -1.1180146040401316E-033   1.6179078604264910E-033   2.8583339332832735E-033
