  0.95197528410979704       -2.8130946733554979E-006   4.2843543933676960E-002   2.3159637790547611E-003  -1.0418514131294040E-017   1.9279865083857879E-017  -1.7569003935078289E-017  -1.2210395329494368E-017   2.2206585274745040E-017  -2.0632079504231524E-017  -8.4166139169739671E-018   1.4324884085574496E-017  -1.3569685472557413E-017  -2.6689521091813614E-019   3.1213740521120742E-017   1.5525725245261255E-017  -4.8742246003724061E-019   1.1499602508184301E-018  -8.5249548102504078E-018   5.0171642366735977E-018  -7.0138674179435628E-018   1.7419182343720380E-019   5.4508587528259763E-019  -3.2291005045124568E-020  -1.4240329726662318E-020  -7.4969272068308167E-021  -2.0252183474903668E-020   2.7689963723010113E-020  -2.8933521969250065E-020  -3.3894731042454066E-021  -2.8130946733554979E-006  0.34572279343851597       0.10428137067154099       0.21467942091654352       -2.1080100128076442E-017   2.1420845034655535E-017  -2.4475468662589736E-017  -2.2069440601492804E-017   3.4283983952177880E-017  -3.4591010854369001E-017  -1.5263908160201722E-017   1.6394006211649299E-017  -1.9835242890714596E-017  -1.7566844428442733E-018  -4.2561572904939918E-017   2.0874411247105853E-017  -3.7356910569947976E-019   1.2361045272561271E-018   4.0233120331205816E-017  -4.5637343308610462E-017  -3.0278867142973248E-017  -3.2955910987232429E-017   1.6747674998771723E-018  -2.9400946845563445E-019  -1.2605521704066921E-019  -6.7079318013943029E-020  -1.8460221462460598E-019   2.4976994331381585E-019  -2.5946980170299089E-019  -2.6203936779837733E-020   4.2843543933676960E-002  0.10428137067154099        3.3382938224450875E-002   6.4858687853908470E-002   2.6845660196358326E-018  -2.0284669251827576E-017   1.3782365644934896E-017   4.1949612409259623E-018  -2.1758198511966034E-017   1.4954627928448902E-017   2.8317345615269407E-018  -1.7096622298891111E-017   1.1444280682457755E-017  -5.4188630357131523E-019  -1.1433187670106817E-017   6.9951643702270216E-018  -1.3461770070624073E-019   4.2460511346758969E-019   1.1751975454258055E-017  -1.3539939770935285E-017  -9.4487783494835126E-018  -9.9327596127737498E-018   5.2969761655592739E-019  -9.0136319818867104E-020  -3.8663344708059519E-020  -2.0570759228491838E-020  -5.6593635317405259E-020   7.6585133648631474E-020  -7.9566900981125307E-020  -8.0565250705019432E-021   2.3159637790547611E-003  0.21467942091654352        6.4858687853908470E-002  0.13331260037159509        2.0541283332652386E-017  -8.1984106755258190E-018   2.0885479545673705E-017   2.6608148682216030E-017  -4.4838933752834087E-018   2.1772900596656119E-017   1.8152177131219011E-017  -7.4871683854120992E-018   1.7330271395381096E-017  -1.0914775247605191E-018  -2.6352966678266529E-017   1.2999937743929282E-017  -2.3315752054081399E-019   7.7036906032940853E-019   2.4962333665985859E-017  -2.8326670800792079E-017  -1.8818989157426640E-017  -2.0463821384697029E-017   1.0412878137756929E-018  -1.8264622769190826E-019  -7.8309699496043228E-020  -4.1671709544413492E-020  -1.1467957849679390E-019   1.5516412683975810E-019  -1.6119036173395754E-019  -1.6279803377550783E-020  -1.0418514131294040E-017  -2.1080100128076442E-017   2.6845660196358326E-018   2.0541283332652386E-017  0.16387832800684776        3.6429192995512949E-017  -2.9490299091605721E-017  0.19643130268020853       -9.3675067702747583E-017   1.4441572937506919E-016  0.13463624553035181        7.7195194680967916E-017   1.8084492237058214E-016   9.8851943275507043E-019  -1.5557289145683556E-016  -2.0077749701436471E-018  -1.2398852209961080E-017  -3.3989551454288060E-017   1.8233170450725886E-017   2.6766204866038381E-017   1.3200458730616826E-016  -3.9087284047833726E-017   1.8860421622278277E-016  -9.0372265365185753E-017   2.8646816682681604E-017   3.3940768688392163E-017   5.3414192487460401E-017   4.4726498983555500E-017  -3.9691451490962742E-017   4.4262335081605305E-018   1.9279865083857879E-017   2.1420845034655535E-017  -2.0284669251827576E-017  -8.1984106755258190E-018   3.6429192995512949E-017  0.16387832800684671       -1.3877787807814457E-016   2.0816681711721685E-017  0.19643130268020861       -1.1102230246251565E-016   5.2909066017292616E-017  0.13463624553035031        1.2490009027033011E-016  -3.9054706508701307E-018  -1.3386514225623412E-017  -9.3097161370235029E-017  -3.0633833585148020E-018   1.0004041462416234E-016  -2.7845031949928671E-017   2.3954230622017094E-017   6.5282950973239488E-017   1.0275215517636964E-017  -7.4670151183404570E-017  -1.4223307603177998E-017   2.2566193091165870E-017   2.3024182766122049E-017  -4.6487981986183160E-018   1.4719511383965422E-017  -3.0579626304972834E-017   4.6638455557969446E-017  -1.7569003935078289E-017  -2.4475468662589736E-017   1.3782365644934896E-017   2.0885479545673705E-017  -2.9490299091605721E-017  -1.3877787807814457E-016  0.16387832800684721       -1.9949319973733282E-017  -4.1633363423443370E-017  0.19643130268020839       -1.2012960071139389E-016  -4.8572257327350599E-017  0.13463624553035108        1.2395935135152681E-018  -4.2235346968174768E-017  -4.4017040248129679E-019  -2.4756536311606816E-018   2.2912335485351169E-016  -3.9074811833757035E-017   3.2647629526883353E-017   6.9261895966339972E-017   9.1881886224542800E-017  -2.1946429869548429E-017  -1.0493799084975605E-018   1.7244627500798641E-017   3.7012247643315170E-017  -3.5821416841155568E-017   1.4890756964949413E-018  -3.6995208130240172E-017   1.0855386160740870E-016  -1.2210395329494368E-017  -2.2069440601492804E-017   4.1949612409259623E-018   2.6608148682216030E-017  0.19643130268020853        2.0816681711721685E-017  -1.9949319973733282E-017  0.23545063671281405       -1.4051260155412137E-016   1.9602375278537920E-016  0.16138054017975037        7.2858385991025898E-017   2.3678975447083417E-016   1.1848800403471631E-018  -1.8647606490905831E-016  -2.4066016395868479E-018  -1.4861774103774519E-017  -4.0741274034738687E-017   2.1855027856256334E-017   3.2083073787655181E-017   1.5822612641758494E-016  -4.6851625941817537E-017   2.2606876903255239E-016  -1.0832391340423700E-016   3.4337252442465375E-017   4.0682801005572364E-017   6.4024447524780885E-017   5.3611020850162151E-017  -4.7575805882717620E-017   5.3054654910711059E-018   2.2206585274745040E-017   3.4283983952177880E-017  -2.1758198511966034E-017  -4.4838933752834087E-018  -9.3675067702747583E-017  0.19643130268020861       -4.1633363423443370E-017  -1.4051260155412137E-016  0.23545063671281580        0.0000000000000000       -4.5102810375396984E-017  0.16138054017974970        2.5673907444456745E-016  -4.6812577163814531E-018  -1.6045626408737068E-017  -1.1159008580451734E-016  -3.6718972608555857E-018   1.1991255466355153E-016  -3.3376200292133854E-017   2.8712525829457910E-017   7.8250829493121604E-017   1.2316295839709891E-017  -8.9502713669811850E-017  -1.7048641360295246E-017   2.7048766968415969E-017   2.7597732225505799E-017  -5.5722406809878103E-018   1.7643411616011138E-017  -3.6653997533516620E-017   5.5902770620543651E-017  -2.0632079504231524E-017  -3.4591010854369001E-017   1.4954627928448902E-017   2.1772900596656119E-017   1.4441572937506919E-016  -1.1102230246251565E-016  0.19643130268020839        1.9602375278537920E-016   0.0000000000000000       0.23545063671281455       -8.6736173798840355E-018  -2.0816681711721685E-017  0.16138054017974993        1.4858277577958131E-018  -5.0625023607530018E-017  -5.2760634436705344E-019  -2.9674202420076232E-018   2.7463667475576424E-016  -4.6836676233163756E-017   3.9132791232276838E-017   8.3020156577389528E-017   1.1013340704237307E-016  -2.6305893286115807E-017  -1.2578299091751641E-018   2.0670119627259665E-017   4.4364401981176577E-017  -4.2937023214350442E-017   1.7848673611054100E-018  -4.4343977720134466E-017   1.3011712229343353E-016  -8.4166139169739671E-018  -1.5263908160201722E-017   2.8317345615269407E-018   1.8152177131219011E-017  0.13463624553035181        5.2909066017292616E-017  -1.2012960071139389E-016  0.16138054017975037       -4.5102810375396984E-017  -8.6736173798840355E-018  0.11061205487617455        8.2399365108898337E-017   6.5919492087118670E-017   8.1213023514844657E-019  -1.2781281251035248E-016  -1.6495120931344961E-018  -1.0186428740993199E-017  -2.7924531881206730E-017   1.4979684278314770E-017   2.1990103109357173E-017   1.0844998386207227E-016  -3.2112636467458062E-017   1.5495010153123529E-016  -7.4246440373328890E-017   2.3535142757810741E-017   2.7884453802996417E-017   4.3883083394936107E-017   3.6745602497307528E-017  -3.2608997622736345E-017   3.6364262964317043E-018   1.4324884085574496E-017   1.6394006211649299E-017  -1.7096622298891111E-017  -7.4871683854120992E-018   7.7195194680967916E-017  0.13463624553035031       -4.8572257327350599E-017   7.2858385991025898E-017  0.16138054017974970       -2.0816681711721685E-017   8.2399365108898337E-017  0.11061205487617282        1.5265566588595902E-016  -3.2085871991576551E-018  -1.0997854554638072E-017  -7.6485112027125001E-017  -2.5167600806456677E-018   8.2189426693040545E-017  -2.2876426700267646E-017   1.9679891262875166E-017   5.3634007150791093E-017   8.4417290323589418E-018  -6.1346176341860214E-017  -1.1685332392671042E-017   1.8539532045875952E-017   1.8915799067133281E-017  -3.8192770410989088E-018   1.2092994680148069E-017  -2.5123066152167937E-017   3.8316393815030693E-017  -1.3569685472557413E-017  -1.9835242890714596E-017   1.1444280682457755E-017   1.7330271395381096E-017   1.8084492237058214E-016   1.2490009027033011E-016  0.13463624553035108        2.3678975447083417E-016   2.5673907444456745E-016  0.16138054017974993        6.5919492087118670E-017   1.5265566588595902E-016  0.11061205487617370        1.0184032182492016E-018  -3.4698966078230860E-017  -3.6162737992549495E-019  -2.0339035318881912E-018   1.8823909565092864E-016  -3.2102389767377727E-017   2.6822059502472844E-017   5.6902958094814085E-017   7.5486687861511780E-017  -1.8030357987956012E-017  -8.6213090366173293E-019   1.4167534722345796E-017   3.0407864919926094E-017  -2.9429523303834007E-017   1.2233683582505638E-018  -3.0393865899469989E-017   8.9183753229604451E-017  -2.6689521091813614E-019  -1.7566844428442733E-018  -5.4188630357131523E-019  -1.0914775247605191E-018   9.8851943275507043E-019  -3.9054706508701307E-018   1.2395935135152681E-018   1.1848800403471631E-018  -4.6812577163814531E-018   1.4858277577958131E-018   8.1213023514844657E-019  -3.2085871991576551E-018   1.0184032182492016E-018   1.1741341589497938E-034  -7.3136031249652116E-034   2.0927869814850718E-033  -1.8476456463943527E-035  -8.6263114694320170E-034   2.7596436950447119E-034   6.8024570644739917E-035  -7.9812478277410454E-035   3.8176134788403362E-034   2.7425026210726785E-033  -2.1259998376953609E-034  -2.3390354110997389E-034  -6.3661970439873710E-035   1.6297069268000298E-034  -7.1010078330548251E-035   2.1082977656751998E-034  -2.6351906110269329E-034   3.1213740521120742E-017  -4.2561572904939918E-017  -1.1433187670106817E-017  -2.6352966678266529E-017  -1.5557289145683556E-016  -1.3386514225623412E-017  -4.2235346968174768E-017  -1.8647606490905831E-016  -1.6045626408737068E-017  -5.0625023607530018E-017  -1.2781281251035248E-016  -1.0997854554638072E-017  -3.4698966078230860E-017  -7.3136031249652116E-034   1.6593005639169691E-031   7.5634046281157298E-033   1.2688749556840221E-032  -3.5069940565643077E-032  -1.0196617425556441E-032  -2.9997612817418187E-032  -1.4500002978132946E-031   1.6649703407870384E-032  -1.6747836499881142E-031   8.7259580487076755E-032  -3.3467616077691197E-032  -4.3632304828877905E-032  -4.1073299796422611E-032  -4.4075722042927014E-032   4.9743326797663899E-032  -3.5985404094854009E-032   1.5525725245261255E-017   2.0874411247105853E-017   6.9951643702270216E-018   1.2999937743929282E-017  -2.0077749701436471E-018  -9.3097161370235029E-017  -4.4017040248129679E-019  -2.4066016395868479E-018  -1.1159008580451734E-016  -5.2760634436705344E-019  -1.6495120931344961E-018  -7.6485112027125001E-017  -3.6162737992549495E-019   2.0927869814850718E-033   7.5634046281157298E-033   5.4426666550349938E-032   1.8683188095659457E-033  -5.6937266303790397E-032   1.7990178407073520E-032  -1.6697428084033595E-032  -4.0832308955614017E-032  -7.5921354173477209E-033   4.0277399404003029E-032   9.1718238710211535E-033  -1.3224694433567509E-032  -1.3599156053330598E-032   2.0712502475977153E-033  -8.8984034435630634E-033   1.7941404432434798E-032  -2.6842141345063173E-032  -4.8742246003724061E-019  -3.7356910569947976E-019  -1.3461770070624073E-019  -2.3315752054081399E-019  -1.2398852209961080E-017  -3.0633833585148020E-018  -2.4756536311606816E-018  -1.4861774103774519E-017  -3.6718972608555857E-018  -2.9674202420076232E-018  -1.0186428740993199E-017  -2.5167600806456677E-018  -2.0339035318881912E-018  -1.8476456463943527E-035   1.2688749556840221E-032   1.8683188095659457E-033   1.0333993915015546E-033  -2.7616596155215516E-033  -3.0781245774477669E-034  -2.9193305862318439E-033  -1.2217663571243073E-032   1.4127187088968425E-033  -1.2544325253255134E-032   7.1195288211591289E-033  -2.8495821291381146E-033  -3.5573677019311663E-033  -3.4130066203691143E-033  -3.6818885835000240E-033   4.1338062406631362E-033  -2.8465540655353292E-033   1.1499602508184301E-018   1.2361045272561271E-018   4.2460511346758969E-019   7.7036906032940853E-019  -3.3989551454288060E-017   1.0004041462416234E-016   2.2912335485351169E-016  -4.0741274034738687E-017   1.1991255466355153E-016   2.7463667475576424E-016  -2.7924531881206730E-017   8.2189426693040545E-017   1.8823909565092864E-016  -8.6263114694320170E-034  -3.5069940565643077E-032  -5.6937266303790397E-032  -2.7616596155215516E-033   3.8847014493186244E-031  -7.5277991639206960E-032   5.4560032702676357E-032   1.0919408934437274E-031   1.4272483018837019E-031  -1.1537801399723460E-031   8.5929059850408134E-033   3.1943876620248508E-032   5.8763394563101182E-032  -6.4000088646445168E-032   1.7918551940597371E-033  -6.2160310923351520E-032   1.7932507627020150E-031  -8.5249548102504078E-018   4.0233120331205816E-017   1.1751975454258055E-017   2.4962333665985859E-017   1.8233170450725886E-017  -2.7845031949928671E-017  -3.9074811833757035E-017   2.1855027856256334E-017  -3.3376200292133854E-017  -4.6836676233163756E-017   1.4979684278314770E-017  -2.2876426700267646E-017  -3.2102389767377727E-017   2.7596436950447119E-034  -1.0196617425556441E-032   1.7990178407073520E-032  -3.0781245774477669E-034  -7.5277991639206960E-032   2.0835197955583591E-032  -1.4232466788441983E-032  -1.6381052492183108E-032  -3.1839652903549856E-032   3.9094480092027114E-032  -7.4218468629729638E-033  -4.7733448432121005E-033  -8.9687037479972058E-033   1.5252659128640532E-032   2.1490213682907038E-033   9.5709088410607988E-033  -3.3318386652851346E-032   5.0171642366735977E-018  -4.5637343308610462E-017  -1.3539939770935285E-017  -2.8326670800792079E-017   2.6766204866038381E-017   2.3954230622017094E-017   3.2647629526883353E-017   3.2083073787655181E-017   2.8712525829457910E-017   3.9132791232276838E-017   2.1990103109357173E-017   1.9679891262875166E-017   2.6822059502472844E-017   6.8024570644739917E-035  -2.9997612817418187E-032  -1.6697428084033595E-032  -2.9193305862318439E-033   5.4560032702676357E-032  -1.4232466788441983E-032   2.0427968289544298E-032   4.8861020064898099E-032   1.7773693067013952E-032   1.5299734504766074E-032  -1.7009926721182943E-032   1.1429413673600620E-032   1.6291348439208587E-032   9.3257279429747994E-034   9.7205572826462398E-033  -1.8288682494228176E-032   2.9169518919115842E-032  -7.0138674179435628E-018  -3.0278867142973248E-017  -9.4487783494835126E-018  -1.8818989157426640E-017   1.3200458730616826E-016   6.5282950973239488E-017   6.9261895966339972E-017   1.5822612641758494E-016   7.8250829493121604E-017   8.3020156577389528E-017   1.0844998386207227E-016   5.3634007150791093E-017   5.6902958094814085E-017  -7.9812478277410454E-035  -1.4500002978132946E-031  -4.0832308955614017E-032  -1.2217663571243073E-032   1.0919408934437274E-031  -1.6381052492183108E-032   4.8861020064898099E-032   1.6431298465208601E-031   1.4326513140005647E-032   1.1274942331418068E-031  -7.8878741734488828E-032   3.9364087929728596E-032   5.2160246745803749E-032   2.6050094412213290E-032   4.2498322779288900E-032  -5.9766176943219600E-032   6.8026112603858160E-032   1.7419182343720380E-019  -3.2955910987232429E-017  -9.9327596127737498E-018  -2.0463821384697029E-017  -3.9087284047833726E-017   1.0275215517636964E-017   9.1881886224542800E-017  -4.6851625941817537E-017   1.2316295839709891E-017   1.1013340704237307E-016  -3.2112636467458062E-017   8.4417290323589418E-018   7.5486687861511780E-017   3.8176134788403362E-034   1.6649703407870384E-032  -7.5921354173477209E-033   1.4127187088968425E-033   1.4272483018837019E-031  -3.1839652903549856E-032   1.7773693067013952E-032   1.4326513140005647E-032   6.4624211162746802E-032  -6.2130876434062641E-032   2.0102913151955846E-032   4.2628205386344991E-033   1.4106372657622760E-032  -3.3097965701676697E-032  -8.9339032282300655E-033  -1.3167807257561036E-032   6.2734064165357671E-032   5.4508587528259763E-019   1.6747674998771723E-018   5.2969761655592739E-019   1.0412878137756929E-018   1.8860421622278277E-016  -7.4670151183404570E-017  -2.1946429869548429E-017   2.2606876903255239E-016  -8.9502713669811850E-017  -2.6305893286115807E-017   1.5495010153123529E-016  -6.1346176341860214E-017  -1.8030357987956012E-017   2.7425026210726785E-033  -1.6747836499881142E-031   4.0277399404003029E-032  -1.2544325253255134E-032  -1.1537801399723460E-031   3.9094480092027114E-032   1.5299734504766074E-032   1.1274942331418068E-031  -6.2130876434062641E-032   2.5403120009119914E-031  -9.7387740251122672E-032   2.0376885601676212E-032   2.3613935183935997E-032   6.8387762263532223E-032   4.4569768443771763E-032  -2.6793571745596741E-032  -3.0694022317609429E-032  -3.2291005045124568E-020  -2.9400946845563445E-019  -9.0136319818867104E-020  -1.8264622769190826E-019  -9.0372265365185753E-017  -1.4223307603177998E-017  -1.0493799084975605E-018  -1.0832391340423700E-016  -1.7048641360295246E-017  -1.2578299091751641E-018  -7.4246440373328890E-017  -1.1685332392671042E-017  -8.6213090366173293E-019  -2.1259998376953609E-034   8.7259580487076755E-032   9.1718238710211535E-033   7.1195288211591289E-033   8.5929059850408134E-033  -7.4218468629729638E-033  -1.7009926721182943E-032  -7.8878741734488828E-032   2.0102913151955846E-032  -9.7387740251122672E-032   5.1078085068766801E-032  -1.7866438956405471E-032  -2.0952219546010704E-032  -2.8822750595237534E-032  -2.5952136528644746E-032   2.4779409319508191E-032  -7.1838200549163552E-033  -1.4240329726662318E-020  -1.2605521704066921E-019  -3.8663344708059519E-020  -7.8309699496043228E-020   2.8646816682681604E-017   2.2566193091165870E-017   1.7244627500798641E-017   3.4337252442465375E-017   2.7048766968415969E-017   2.0670119627259665E-017   2.3535142757810741E-017   1.8539532045875952E-017   1.4167534722345796E-017  -2.3390354110997389E-034  -3.3467616077691197E-032  -1.3224694433567509E-032  -2.8495821291381146E-033   3.1943876620248508E-032  -4.7733448432121005E-033   1.1429413673600620E-032   3.9364087929728596E-032   4.2628205386344991E-033   2.0376885601676212E-032  -1.7866438956405471E-032   9.9296712451829343E-033   1.2998238441638840E-032   4.9275886723271570E-033   1.0001924822960192E-032  -1.5041967569727443E-032   1.8618827833159190E-032  -7.4969272068308167E-021  -6.7079318013943029E-020  -2.0570759228491838E-020  -4.1671709544413492E-020   3.3940768688392163E-017   2.3024182766122049E-017   3.7012247643315170E-017   4.0682801005572364E-017   2.7597732225505799E-017   4.4364401981176577E-017   2.7884453802996417E-017   1.8915799067133281E-017   3.0407864919926094E-017  -6.3661970439873710E-035  -4.3632304828877905E-032  -1.3599156053330598E-032  -3.5573677019311663E-033   5.8763394563101182E-032  -8.9687037479972058E-033   1.6291348439208587E-032   5.2160246745803749E-032   1.4106372657622760E-032   2.3613935183935997E-032  -2.0952219546010704E-032   1.2998238441638840E-032   1.8623557040851730E-032   2.3191517876258184E-033   1.1667574112244222E-032  -2.0872172896985593E-032   3.1986324257372386E-032  -2.0252183474903668E-020  -1.8460221462460598E-019  -5.6593635317405259E-020  -1.1467957849679390E-019   5.3414192487460401E-017  -4.6487981986183160E-018  -3.5821416841155568E-017   6.4024447524780885E-017  -5.5722406809878103E-018  -4.2937023214350442E-017   4.3883083394936107E-017  -3.8192770410989088E-018  -2.9429523303834007E-017   1.6297069268000298E-034  -4.1073299796422611E-032   2.0712502475977153E-033  -3.4130066203691143E-033  -6.4000088646445168E-032   1.5252659128640532E-032   9.3257279429747994E-034   2.6050094412213290E-032  -3.3097965701676697E-032   6.8387762263532223E-032  -2.8822750595237534E-032   4.9275886723271570E-033   2.3191517876258184E-033   2.5371734401969173E-032   1.3834892397234195E-032  -3.9827398111773307E-033  -2.3608612244313233E-032   2.7689963723010113E-020   2.4976994331381585E-019   7.6585133648631474E-020   1.5516412683975810E-019   4.4726498983555500E-017   1.4719511383965422E-017   1.4890756964949413E-018   5.3611020850162151E-017   1.7643411616011138E-017   1.7848673611054100E-018   3.6745602497307528E-017   1.2092994680148069E-017   1.2233683582505638E-018  -7.1010078330548251E-035  -4.4075722042927014E-032  -8.8984034435630634E-033  -3.6818885835000240E-033   1.7918551940597371E-033   2.1490213682907038E-033   9.7205572826462398E-033   4.2498322779288900E-032  -8.9339032282300655E-033   4.4569768443771763E-032  -2.5952136528644746E-032   1.0001924822960192E-032   1.1667574112244222E-032   1.3834892397234195E-032   1.3542796071177933E-032  -1.3915789678949619E-032   6.3834371344095511E-033  -2.8933521969250065E-020  -2.5946980170299089E-019  -7.9566900981125307E-020  -1.6119036173395754E-019  -3.9691451490962742E-017  -3.0579626304972834E-017  -3.6995208130240172E-017  -4.7575805882717620E-017  -3.6653997533516620E-017  -4.4343977720134466E-017  -3.2608997622736345E-017  -2.5123066152167937E-017  -3.0393865899469989E-017   2.1082977656751998E-034   4.9743326797663899E-032   1.7941404432434798E-032   4.1338062406631362E-033  -6.2160310923351520E-032   9.5709088410607988E-033  -1.8288682494228176E-032  -5.9766176943219600E-032  -1.3167807257561036E-032  -2.6793571745596741E-032   2.4779409319508191E-032  -1.5041967569727443E-032  -2.0872172896985593E-032  -3.9827398111773307E-033  -1.3915789678949619E-032   2.3671234600013936E-032  -3.4280552572323312E-032  -3.3894731042454066E-021  -2.6203936779837733E-020  -8.0565250705019432E-021  -1.6279803377550783E-020   4.4262335081605305E-018   4.6638455557969446E-017   1.0855386160740870E-016   5.3054654910711059E-018   5.5902770620543651E-017   1.3011712229343353E-016   3.6364262964317043E-018   3.8316393815030693E-017   8.9183753229604451E-017  -2.6351906110269329E-034  -3.5985404094854009E-032  -2.6842141345063173E-032  -2.8465540655353292E-033   1.7932507627020150E-031  -3.3318386652851346E-032   2.9169518919115842E-032   6.8026112603858160E-032   6.2734064165357671E-032  -3.0694022317609429E-032  -7.1838200549163552E-033   1.8618827833159190E-032   3.1986324257372386E-032  -2.3608612244313233E-032   6.3834371344095511E-033  -3.4280552572323312E-032   8.5299126780555836E-032
