  0.95197528483381944       -2.8129662320999858E-006   4.2843543387958830E-002   2.3159637089818839E-003  -2.5483781401940330E-018  -1.6775318136076436E-017   3.6494889679472183E-018  -3.5320116148822172E-018  -1.9835859724700424E-017   3.7467109349254020E-018  -2.4507618855322530E-018  -1.3612783532951179E-017   2.7642021932529988E-018   2.4631382393945207E-018  -8.3555029772869058E-018   1.4584180367956984E-017  -6.3853162005087877E-019  -3.1273958432037472E-019  -2.8428260560509971E-018   1.9625506728627004E-019  -6.8360392482002340E-018   7.5215027986436215E-019   4.7807714413720355E-019  -1.9626951341164830E-033   3.5095309763187826E-033   2.9931365762075851E-033  -2.8770273653653692E-033  -3.2653242714749733E-034  -2.9277499392144194E-033   1.6168168429852960E-033  -2.8129662320999858E-006  0.34572279702279912       0.10428137347979641       0.21467941842647109       -2.3961152064254234E-018  -3.3437014736904721E-017   1.1308603823598511E-017  -3.0944602103543805E-018  -3.9019860764842702E-017   6.2606397842851236E-018  -7.5724258369617698E-018  -2.4616689779248490E-017   4.0798366648911318E-018   4.3664701203818002E-018   2.1750999210524216E-017   2.2851683812624891E-017   6.5786103054572804E-019   4.4888865737278073E-019   1.1127657412306576E-017   3.7051297021845515E-018  -6.0794117219047353E-018   3.2003376501108334E-017   4.6852864454363906E-018  -3.8448683992318503E-033   6.5157174508460931E-033   5.5380642935017885E-033  -5.7914772597503846E-033  -2.0468192400380042E-034  -5.5081347601701387E-033   3.1506100997446977E-033   4.2843543387958830E-002  0.10428137347979641        3.3382939538395211E-002   6.4858688167041476E-002   6.3124547180510111E-018   2.0682603871584368E-017  -3.8119111618337167E-018   7.4778044216572888E-018   2.5122714253720851E-017  -6.7975732357696005E-018   3.4796890632692331E-018   1.7860490446032572E-017  -4.7140333619462042E-018   1.4279281517657640E-018   6.1847792191842104E-018   7.5492007036417961E-018   1.6969516351225863E-019   1.2132466710844629E-019   3.2285281577963503E-018   1.1264230252130674E-018  -2.1414141680339866E-018   9.6871344292972405E-018   1.4347545381881193E-018   2.4931667788652719E-033  -4.4307827551017372E-033  -4.0115604531037100E-033   3.7953675403354152E-033   6.6085602030955136E-034   3.7415382935026217E-033  -2.0892087919072510E-033   2.3159637089818839E-003  0.21467941842647109        6.4858688167041476E-002  0.13331259589633843       -1.5805923904578919E-018   6.5847226316789309E-018   3.4054515893396195E-018  -2.0338128291699713E-018   8.5510499136601342E-018  -4.4908075968025569E-019  -4.7791925958458340E-018   7.1823225468919950E-018  -4.3852154163619906E-019   2.7173925106960168E-018   1.3486119963836193E-017   1.4225448865404584E-017   4.0694964839981263E-019   2.7797971193691003E-019   6.9028895076564176E-018   2.3012086890748387E-018  -3.7917041501825903E-018   1.9874592084451160E-017   2.9105312447993992E-018   7.9610802993187977E-034  -2.3513091621068341E-033  -1.2466409540606947E-033   8.7611970214815396E-034   1.5448633691109848E-034   1.7612786118762054E-033  -5.5532385396802234E-034  -2.5483781401940330E-018  -2.3961152064254234E-018   6.3124547180510111E-018  -1.5805923904578919E-018  0.16387833217902056        3.8163916471489756E-017   2.0643209364124004E-016  0.19643130596898270       -6.9388939039072284E-018  -8.4567769453869346E-017  0.13463624402136420       -1.9428902930940239E-016  -5.6378512969246231E-018  -5.5261880625846200E-018  -6.6401251292112300E-018  -1.0916345880911104E-016  -7.6412378571900472E-019   1.6582485275195491E-017  -6.5059157752507912E-017  -2.7101496914540597E-017   6.1913401286981401E-017   3.7006973838067272E-017  -3.9180314832889840E-017   1.6512279170236837E-018   2.8306047765446999E-017  -7.0984374187287594E-018  -8.2419937222146373E-018   1.7505047721555241E-017  -2.0342384103191803E-017  -5.8110558669111308E-018  -1.6775318136076436E-017  -3.3437014736904721E-017   2.0682603871584368E-017   6.5847226316789309E-018   3.8163916471489756E-017  0.16387833217901965        1.7000290064572710E-016   2.3592239273284576E-016  0.19643130596898303        1.9428902930940239E-016  -1.8041124150158794E-016  0.13463624402136276       -2.7755575615628914E-017   1.5705155655208816E-018  -1.9097716327594491E-017   1.6170647271943637E-017   1.4495830984412954E-018   1.8584213464474012E-017  -2.0223631976076734E-016  -2.0722213388616802E-016  -2.6457022790930885E-016  -2.6769850842686923E-017   1.4182199909562827E-017   1.9093171121269368E-017  -3.5314948867066105E-017  -2.7417267955379442E-017   2.0832041599552076E-017   4.1886893607923481E-018   2.7860326266630520E-017  -1.5341981684240156E-017   3.6494889679472183E-018   1.1308603823598511E-017  -3.8119111618337167E-018   3.4054515893396195E-018   2.0643209364124004E-016   1.7000290064572710E-016  0.16387833217901993        2.0643209364124004E-016   1.0755285551056204E-016  0.19643130596898400        1.5439038936193583E-016  -1.7347234759768071E-018  0.13463624402136221       -2.2457395324872899E-018   2.0534299215512762E-017   8.3010913254332328E-017  -3.7896977696043466E-018  -7.9286230231329969E-018   7.2910879600374701E-017   1.2053844888961299E-017  -7.2879031791815520E-017  -2.0257313435872252E-017  -9.0805297059286769E-017   7.8226379224855246E-020   2.2094198861395444E-017   5.1711732978699643E-018  -4.4903542679260385E-017   1.8460907003113888E-017  -2.3584054241209267E-017  -2.0493906972234439E-018  -3.5320116148822172E-018  -3.0944602103543805E-018   7.4778044216572888E-018  -2.0338128291699713E-018  0.19643130596898270        2.3592239273284576E-016   2.0643209364124004E-016  0.23545063860260423        2.2898349882893854E-016  -1.5439038936193583E-016  0.16138053696436680       -7.9797279894933126E-017  -3.5995512126518747E-017  -6.6239161927635530E-018  -7.9591269546457120E-018  -1.3084780942571764E-016  -9.1591018260290809E-019   1.9876448554893677E-017  -7.7982581056577682E-017  -3.2484968341160108E-017   7.4211948035314006E-017   4.4358080194705165E-017  -4.6963136056895447E-017   1.9792296631325607E-018   3.3928792510001856E-017  -8.5084789060264394E-018  -9.8791925028514090E-018   2.0982269829535502E-017  -2.4383217859134269E-017  -6.9653704539116903E-018  -1.9835859724700424E-017  -3.9019860764842702E-017   2.5122714253720851E-017   8.5510499136601342E-018  -6.9388939039072284E-018  0.19643130596898303        1.0755285551056204E-016   2.2898349882893854E-016  0.23545063860260634        1.1449174941446927E-016  -2.5673907444456745E-016  0.16138053696436622       -1.1449174941446927E-016   1.8824845205458981E-018  -2.2891307895155804E-017   1.9382802593583609E-017   1.7375298939846234E-018   2.2275802253376504E-017  -2.4240876677688208E-016  -2.4838496855382715E-016  -3.1712475162345109E-016  -3.2087443725504789E-017   1.6999367840193842E-017   2.2885859824001598E-017  -4.2329949505513412E-017  -3.2863464492020383E-017   2.4970141464034762E-017   5.0207352643790198E-018   3.3394532397961676E-017  -1.8389529953816126E-017   3.7467109349254020E-018   6.2606397842851236E-018  -6.7975732357696005E-018  -4.4908075968025569E-019  -8.4567769453869346E-017   1.9428902930940239E-016  0.19643130596898400       -1.5439038936193583E-016   1.1449174941446927E-016  0.23545063860260823       -8.5435131191857749E-017  -1.3877787807814457E-017  0.16138053696436611       -2.6918357257307197E-018   2.4613255202370470E-017   9.9500293195649814E-017  -4.5424875406831194E-018  -9.5035735002992670E-018   8.7393977646805165E-017   1.4448234016073095E-017  -8.7355803554206370E-017  -2.4281248660040164E-017  -1.0884296205048128E-016   9.3765354016275257E-020   2.6483015045218725E-017   6.1983809011608925E-018  -5.3823232234788029E-017   2.2128002059675984E-017  -2.8268816951245291E-017  -2.4564839399056491E-018  -2.4507618855322530E-018  -7.5724258369617698E-018   3.4796890632692331E-018  -4.7791925958458340E-018  0.13463624402136420       -1.8041124150158794E-016   1.5439038936193583E-016  0.16138053696436680       -2.5673907444456745E-016  -8.5435131191857749E-017  0.11061204958065168       -3.3306690738754696E-016  -1.6479873021779667E-017  -4.5401072527960583E-018  -5.4552758460603902E-018  -8.9684571981024533E-017  -6.2777522268293572E-019   1.3623543175634717E-017  -5.3450145132197024E-017  -2.2265565577908732E-017   5.0865710512361809E-017   3.0403531045894552E-017  -3.2189065866940417E-017   1.3565864493203936E-018   2.3255179031636495E-017  -5.8318079014517232E-018  -6.7713105402759512E-018   1.4381485613792757E-017  -1.6712533949282388E-017  -4.7741438743991729E-018  -1.3612783532951179E-017  -2.4616689779248490E-017   1.7860490446032572E-017   7.1823225468919950E-018  -1.9428902930940239E-016  0.13463624402136276       -1.7347234759768071E-018  -7.9797279894933126E-017  0.16138053696436622       -1.3877787807814457E-017  -3.3306690738754696E-016  0.11061204958064992       -1.4224732503009818E-016   1.2902762318073553E-018  -1.5689961946427216E-017   1.3285192637367644E-017   1.1909226874348924E-018   1.5268087401662888E-017  -1.6614971689819830E-016  -1.7024587334735783E-016  -2.1736089995517772E-016  -2.1993097699665925E-017   1.1651559436776630E-017   1.5686227776694211E-017  -2.9013427278929689E-017  -2.2524991130658683E-017   1.7114818041939751E-017   3.4412688694760650E-018   2.2888991094022595E-017  -1.2604392309498244E-017   2.7642021932529988E-018   4.0798366648911318E-018  -4.7140333619462042E-018  -4.3852154163619906E-019  -5.6378512969246231E-018  -2.7755575615628914E-017  0.13463624402136221       -3.5995512126518747E-017  -1.1449174941446927E-016  0.16138053696436611       -1.6479873021779667E-017  -1.4224732503009818E-016  0.11061204958064880       -1.8450147233258602E-018   1.6870204152232550E-017   6.8198628975168714E-017  -3.1134724578371314E-018  -6.5138570175941280E-018   5.9900823050632514E-017   9.9029833919291451E-018  -5.9874658094791286E-017  -1.6642643104214365E-017  -7.4602200124609090E-017   6.4267836645521354E-020   1.8151758745688321E-017   4.2484405397061465E-018  -3.6891053559077722E-017   1.5166783473313331E-017  -1.9375767617428797E-017  -1.6837019411758806E-018   2.4631382393945207E-018   4.3664701203818002E-018   1.4279281517657640E-018   2.7173925106960168E-018  -5.5261880625846200E-018   1.5705155655208816E-018  -2.2457395324872899E-018  -6.6239161927635530E-018   1.8824845205458981E-018  -2.6918357257307197E-018  -4.5401072527960583E-018   1.2902762318073553E-018  -1.8450147233258602E-018   2.9369773202619217E-034   1.2591867388239369E-035   3.0248979661507457E-033   9.8248711347823119E-035  -2.6757058245222598E-034  -6.1020018007671002E-034  -1.1898789881161555E-033  -3.7190465503417419E-033  -8.2072077983194271E-034   2.7619053354650214E-033   1.2622443791128811E-034  -1.5957267351712397E-033  -9.4247079895192631E-035   1.0929176021950596E-033  -8.0313346386917974E-034   1.2761574786784704E-033   7.7011793201438329E-035  -8.3555029772869058E-018   2.1750999210524216E-017   6.1847792191842104E-018   1.3486119963836193E-017  -6.6401251292112300E-018  -1.9097716327594491E-017   2.0534299215512762E-017  -7.9591269546457120E-018  -2.2891307895155804E-017   2.4613255202370470E-017  -5.4552758460603902E-018  -1.5689961946427216E-017   1.6870204152232550E-017   1.2591867388239369E-035   6.5093979252360873E-033   1.4249832880546972E-032  -5.6583110202462287E-034  -3.8001150803620344E-033   3.6064836732315428E-032   2.6988698629551765E-032   1.8868915409557298E-032   1.0887688677328318E-033  -1.1152721501115025E-032  -2.2821443018349006E-033   5.7369882543754331E-033   4.1306750524283919E-033  -7.7202355903501704E-033   1.1157770359243317E-033  -5.3776154952800230E-033   1.7665553863177799E-033   1.4584180367956984E-017   2.2851683812624891E-017   7.5492007036417961E-018   1.4225448865404584E-017  -1.0916345880911104E-016   1.6170647271943637E-017   8.3010913254332328E-017  -1.3084780942571764E-016   1.9382802593583609E-017   9.9500293195649814E-017  -8.9684571981024533E-017   1.3285192637367644E-017   6.8198628975168714E-017   3.0248979661507457E-033   1.4249832880546972E-032   1.1809437667645867E-031  -1.2338927451463087E-033  -1.3203500828470278E-032   6.1006160076039373E-032   3.9590641491997632E-033  -1.0477116281516582E-031  -3.5427020987303107E-032  -1.8181078649167326E-032   8.2371370385324736E-034  -1.1148466130013325E-032   4.6424613885083633E-033  -1.5199641796320702E-032  -1.8960468034735736E-033   4.3534165119827627E-033   1.3189259814345831E-033  -6.3853162005087877E-019   6.5786103054572804E-019   1.6969516351225863E-019   4.0694964839981263E-019  -7.6412378571900472E-019   1.4495830984412954E-018  -3.7896977696043466E-018  -9.1591018260290809E-019   1.7375298939846234E-018  -4.5424875406831194E-018  -6.2777522268293572E-019   1.1909226874348924E-018  -3.1134724578371314E-018   9.8248711347823119E-035  -5.6583110202462287E-034  -1.2338927451463087E-033   1.0570230469139336E-034   2.7148025353768511E-034  -3.1485114869837511E-033  -1.9784397864350565E-033  -9.5058872891961541E-034   1.1949838726859931E-034   2.4166099682648068E-033   1.5938007754798078E-034  -9.5529171820288555E-034  -3.2900449105585813E-034   1.2610973741592194E-033  -4.7148043978340340E-034   8.8667240780834532E-034  -6.1219441583935211E-035  -3.1273958432037472E-019   4.4888865737278073E-019   1.2132466710844629E-019   2.7797971193691003E-019   1.6582485275195491E-017   1.8584213464474012E-017  -7.9286230231329969E-018   1.9876448554893677E-017   2.2275802253376504E-017  -9.5035735002992670E-018   1.3623543175634717E-017   1.5268087401662888E-017  -6.5138570175941280E-018  -2.6757058245222598E-034  -3.8001150803620344E-033  -1.3203500828470278E-032   2.7148025353768511E-034   4.1697228258395680E-033  -3.3029427848872756E-032  -2.6820282249521850E-032  -2.0217722904789992E-032   1.7302639517654096E-033   2.0429192781520097E-033   2.3285128540559553E-033  -2.2095203003264069E-033  -4.0776493698052984E-033   3.7009018989434637E-033   1.3531448487440840E-033   2.2420538226475547E-033  -2.2286751385166908E-033  -2.8428260560509971E-018   1.1127657412306576E-017   3.2285281577963503E-018   6.9028895076564176E-018  -6.5059157752507912E-017  -2.0223631976076734E-016   7.2910879600374701E-017  -7.7982581056577682E-017  -2.4240876677688208E-016   8.7393977646805165E-017  -5.3450145132197024E-017  -1.6614971689819830E-016   5.9900823050632514E-017  -6.1020018007671002E-034   3.6064836732315428E-032   6.1006160076039373E-032  -3.1485114869837511E-033  -3.3029427848872756E-032   3.0820612371821239E-031   2.7196607082924927E-031   2.6931735801829615E-031   1.0359239170221189E-032  -4.2197965661068392E-032  -2.4182920041074229E-032   4.2173391964918075E-032   3.8953414022742064E-032  -4.2413996761651143E-032  -3.9051399035029892E-033  -3.6798309661510574E-032   2.0328162920240779E-032   1.9625506728627004E-019   3.7051297021845515E-018   1.1264230252130674E-018   2.3012086890748387E-018  -2.7101496914540597E-017  -2.0722213388616802E-016   1.2053844888961299E-017  -3.2484968341160108E-017  -2.4838496855382715E-016   1.4448234016073095E-017  -2.2265565577908732E-017  -1.7024587334735783E-016   9.9029833919291451E-018  -1.1898789881161555E-033   2.6988698629551765E-032   3.9590641491997632E-033  -1.9784397864350565E-033  -2.6820282249521850E-032   2.7196607082924927E-031   2.6743811964891890E-031   3.1887974377210563E-031   2.6583230260926693E-032  -1.8082491949574942E-032  -2.4410399037319198E-032   4.1599293521673717E-032   3.6223065567851530E-032  -2.8281652753153709E-032  -6.8335894070234143E-033  -3.3599595859874812E-032   2.0210014427647845E-032  -6.8360392482002340E-018  -6.0794117219047353E-018  -2.1414141680339866E-018  -3.7917041501825903E-018   6.1913401286981401E-017  -2.6457022790930885E-016  -7.2879031791815520E-017   7.4211948035314006E-017  -3.1712475162345109E-016  -8.7355803554206370E-017   5.0865710512361809E-017  -2.1736089995517772E-016  -5.9874658094791286E-017  -3.7190465503417419E-033   1.8868915409557298E-032  -1.0477116281516582E-031  -9.5058872891961541E-034  -2.0217722904789992E-032   2.6931735801829615E-031   3.1887974377210563E-031   4.8308761138880880E-031   6.5639889660137997E-032   2.5980449960513971E-033  -3.0235556435785815E-032   5.7881989749074965E-032   3.9281790572413125E-032  -1.6776477448206404E-032  -8.3587528922555961E-033  -4.2175777171869702E-032   2.3484538288828370E-032   7.5215027986436215E-019   3.2003376501108334E-017   9.6871344292972405E-018   1.9874592084451160E-017   3.7006973838067272E-017  -2.6769850842686923E-017  -2.0257313435872252E-017   4.4358080194705165E-017  -3.2087443725504789E-017  -2.4281248660040164E-017   3.0403531045894552E-017  -2.1993097699665925E-017  -1.6642643104214365E-017  -8.2072077983194271E-034   1.0887688677328318E-033  -3.5427020987303107E-032   1.1949838726859931E-034   1.7302639517654096E-033   1.0359239170221189E-032   2.6583230260926693E-032   6.5639889660137997E-032   1.8196991571257599E-032   4.9432670828126575E-034  -2.7556971381297931E-033   9.4297272299889157E-033   2.2364787500210632E-033   2.8645181696988976E-034   9.8676787851204379E-034  -6.2294829491493398E-033   1.4472207242575059E-033   4.7807714413720355E-019   4.6852864454363906E-018   1.4347545381881193E-018   2.9105312447993992E-018  -3.9180314832889840E-017   1.4182199909562827E-017  -9.0805297059286769E-017  -4.6963136056895447E-017   1.6999367840193842E-017  -1.0884296205048128E-016  -3.2189065866940417E-017   1.1651559436776630E-017  -7.4602200124609090E-017   2.7619053354650214E-033  -1.1152721501115025E-032  -1.8181078649167326E-032   2.4166099682648068E-033   2.0429192781520097E-033  -4.2197965661068392E-032  -1.8082491949574942E-032   2.5980449960513971E-033   4.9432670828126575E-034   6.0973764046934182E-032   1.2142189138142882E-033  -2.2066088729164314E-032  -3.5409689735804627E-033   2.8654475286282057E-032  -1.4051867411657163E-032   2.0342523243812651E-032   1.1971776595818407E-033  -1.9626951341164830E-033  -3.8448683992318503E-033   2.4931667788652719E-033   7.9610802993187977E-034   1.6512279170236837E-018   1.9093171121269368E-017   7.8226379224855246E-020   1.9792296631325607E-018   2.2885859824001598E-017   9.3765354016275257E-020   1.3565864493203936E-018   1.5686227776694211E-017   6.4267836645521354E-020   1.2622443791128811E-034  -2.2821443018349006E-033   8.2371370385324736E-034   1.5938007754798078E-034   2.3285128540559553E-033  -2.4182920041074229E-032  -2.4410399037319198E-032  -3.0235556435785815E-032  -2.7556971381297931E-033   1.2142189138142882E-033   2.2411861994374170E-033  -3.8187249532441672E-033  -3.2633917950492526E-033   2.3226236093593726E-033   6.7320868275407312E-034   3.0297304262289560E-033  -1.8469969257108234E-033   3.5095309763187826E-033   6.5157174508460931E-033  -4.4307827551017372E-033  -2.3513091621068341E-033   2.8306047765446999E-017  -3.5314948867066105E-017   2.2094198861395444E-017   3.3928792510001856E-017  -4.2329949505513412E-017   2.6483015045218725E-017   2.3255179031636495E-017  -2.9013427278929689E-017   1.8151758745688321E-017  -1.5957267351712397E-033   5.7369882543754331E-033  -1.1148466130013325E-032  -9.5529171820288555E-034  -2.2095203003264069E-033   4.2173391964918075E-032   4.1599293521673717E-032   5.7881989749074965E-032   9.4297272299889157E-033  -2.2066088729164314E-032  -3.8187249532441672E-033   1.5478138831308412E-032   5.3793788767093799E-033  -1.1966734877816247E-032   4.6098487017163119E-033  -1.2697037187955047E-032   2.0260984093374821E-033   2.9931365762075851E-033   5.5380642935017885E-033  -4.0115604531037100E-033  -1.2466409540606947E-033  -7.0984374187287594E-018  -2.7417267955379442E-017   5.1711732978699643E-018  -8.5084789060264394E-018  -3.2863464492020383E-017   6.1983809011608925E-018  -5.8318079014517232E-018  -2.2524991130658683E-017   4.2484405397061465E-018  -9.4247079895192631E-035   4.1306750524283919E-033   4.6424613885083633E-033  -3.2900449105585813E-034  -4.0776493698052984E-033   3.8953414022742064E-032   3.6223065567851530E-032   3.9281790572413125E-032   2.2364787500210632E-033  -3.5409689735804627E-033  -3.2633917950492526E-033   5.3793788767093799E-033   5.0576267050110917E-033  -4.5451792249076317E-033  -8.7648167449092252E-034  -4.5241619911655026E-033   2.7537922723546700E-033  -2.8770273653653692E-033  -5.7914772597503846E-033   3.7953675403354152E-033   8.7611970214815396E-034  -8.2419937222146373E-018   2.0832041599552076E-017  -4.4903542679260385E-017  -9.8791925028514090E-018   2.4970141464034762E-017  -5.3823232234788029E-017  -6.7713105402759512E-018   1.7114818041939751E-017  -3.6891053559077722E-017   1.0929176021950596E-033  -7.7202355903501704E-033  -1.5199641796320702E-032   1.2610973741592194E-033   3.7009018989434637E-033  -4.2413996761651143E-032  -2.8281652753153709E-032  -1.6776477448206404E-032   2.8645181696988976E-034   2.8654475286282057E-032   2.3226236093593726E-033  -1.1966734877816247E-032  -4.5451792249076317E-033   1.5366476637800709E-032  -5.4063136727608400E-033   1.1026819958315408E-032  -1.0964549715797642E-033  -3.2653242714749733E-034  -2.0468192400380042E-034   6.6085602030955136E-034   1.5448633691109848E-034   1.7505047721555241E-017   4.1886893607923481E-018   1.8460907003113888E-017   2.0982269829535502E-017   5.0207352643790198E-018   2.2128002059675984E-017   1.4381485613792757E-017   3.4412688694760650E-018   1.5166783473313331E-017  -8.0313346386917974E-034   1.1157770359243317E-033  -1.8960468034735736E-033  -4.7148043978340340E-034   1.3531448487440840E-033  -3.9051399035029892E-033  -6.8335894070234143E-033  -8.3587528922555961E-033   9.8676787851204379E-034  -1.4051867411657163E-032   6.7320868275407312E-034   4.6098487017163119E-033  -8.7648167449092252E-034  -5.4063136727608400E-033   4.0565271371358562E-033  -4.1175619461489914E-033  -1.2437227916683178E-033  -2.9277499392144194E-033  -5.5081347601701387E-033   3.7415382935026217E-033   1.7612786118762054E-033  -2.0342384103191803E-017   2.7860326266630520E-017  -2.3584054241209267E-017  -2.4383217859134269E-017   3.3394532397961676E-017  -2.8268816951245291E-017  -1.6712533949282388E-017   2.2888991094022595E-017  -1.9375767617428797E-017   1.2761574786784704E-033  -5.3776154952800230E-033   4.3534165119827627E-033   8.8667240780834532E-034   2.2420538226475547E-033  -3.6798309661510574E-032  -3.3599595859874812E-032  -4.2175777171869702E-032  -6.2294829491493398E-033   2.0342523243812651E-032   3.0297304262289560E-033  -1.2697037187955047E-032  -4.5241619911655026E-033   1.1026819958315408E-032  -4.1175619461489914E-033   1.0655575767207795E-032  -1.5919672843634293E-033   1.6168168429852960E-033   3.1506100997446977E-033  -2.0892087919072510E-033  -5.5532385396802234E-034  -5.8110558669111308E-018  -1.5341981684240156E-017  -2.0493906972234439E-018  -6.9653704539116903E-018  -1.8389529953816126E-017  -2.4564839399056491E-018  -4.7741438743991729E-018  -1.2604392309498244E-017  -1.6837019411758806E-018   7.7011793201438329E-035   1.7665553863177799E-033   1.3189259814345831E-033  -6.1219441583935211E-035  -2.2286751385166908E-033   2.0328162920240779E-032   2.0210014427647845E-032   2.3484538288828370E-032   1.4472207242575059E-033   1.1971776595818407E-033  -1.8469969257108234E-033   2.0260984093374821E-033   2.7537922723546700E-033  -1.0964549715797642E-033  -1.2437227916683178E-033  -1.5919672843634293E-033   1.6679738613594643E-033
