  0.95197528410980137       -2.8130946703672647E-006   4.2843543933675760E-002   2.3159637790542234E-003   1.8545357277321668E-018  -9.5523187582186958E-018   2.5839447964072933E-018  -9.8694340173888174E-019  -7.8262335317468634E-018   4.7864500746118523E-018   6.5105017370289277E-019  -6.5943202003591628E-018   2.4771118684068164E-018   1.9129792727609987E-019  -3.3813318125814568E-017   1.5420925466424644E-017  -1.7731571652658332E-018   4.2325034926993633E-019   1.0636616622016586E-018  -8.2858609467902154E-018  -7.3588927308634781E-018  -6.1226519266360496E-019  -8.3977306157168439E-020  -2.1240678879236348E-028   1.8081881419620740E-028   2.7018190993904343E-028   5.5845933855145185E-029   5.9134678232554252E-028  -5.0014815431127537E-029   5.3766155276707827E-029  -2.8130946703672647E-006  0.34572279343851953       0.10428137067154040       0.21467942091654410        2.4688832108978722E-018  -1.5523203554118161E-017   3.6454358694734045E-018   1.7944480866247539E-018  -1.5721893443479566E-017   4.9877011121283635E-018   1.3728547282613190E-018  -4.9360757711279809E-018   7.9350336109869490E-019  -2.2019478631384025E-018   2.1007694139758600E-017   2.4083629518321871E-017  -7.2512468322422887E-018  -2.5274395897222214E-018   2.9393424419621515E-018   4.3425028357884416E-017  -1.2633451936065113E-017  -2.0869734485335265E-017  -7.5876048121848035E-018  -8.2322885998261840E-027   7.0080793296062077E-027   1.0471562353976142E-026   2.1644592350084573E-027   2.2918952336909973E-026  -1.9384467939544049E-027   2.0838044440865658E-027   4.2843543933675760E-002  0.10428137067154040        3.3382938224450008E-002   6.4858687853907512E-002   1.1000560832878773E-018   3.9236984904254305E-018  -3.6137682526171898E-018   8.2275033411055412E-019   5.7363566422899956E-018  -4.0691371073399781E-018   6.6677747198842247E-019   5.6379056671329597E-018  -3.6170229470869141E-018  -6.5557122513108435E-019   4.8148246769782196E-018   7.9584547808505348E-018  -2.2670196312082454E-018  -7.4331115929926760E-019   9.3447440262123516E-019   1.2725521721611286E-017  -4.1418621647257984E-018  -6.3225617657879505E-018  -2.2924535280319750E-018  -2.4926916196810044E-027   2.1220093326252437E-027   3.1707334643096459E-027   6.5538733290326527E-028   6.9397326951205399E-027  -5.8695143829349850E-028   6.3096378622217564E-028   2.3159637790542234E-003  0.21467942091654410        6.4858687853907512E-002  0.13331260037159445       -3.0856805008728950E-018   5.7174446593641385E-018   1.2640096218548328E-018  -4.4297658745287569E-018   8.6533619306215667E-018   1.9030405979996403E-018  -2.9442327017088754E-018   9.5544446986233642E-018  -3.2768299736672068E-019  -1.3668519957803508E-018   1.2962578387355955E-017   1.4992473221144182E-017  -4.5070386766190646E-018  -1.5684040562103936E-018   1.8277986240955873E-018   2.6944957458561671E-017  -7.8627626645140946E-018  -1.2960724865667356E-017  -4.7117904126988165E-018  -5.1124251155964176E-027   4.3521674932734577E-027   6.5030655891817067E-027   1.3441753170441944E-027   1.4233152609804825E-026  -1.2038167205278470E-027   1.2940842447596120E-027   1.8545357277321668E-018   2.4688832108978722E-018   1.1000560832878773E-018  -3.0856805008728950E-018  0.16387832800684662        1.1796119636642288E-016  -3.4694469519536142E-017  0.19643130268020786        2.3592239273284576E-016  -3.3306690738754696E-016  0.13463624553035128        1.9428902930940239E-016   4.0245584642661925E-016   1.1389594428823617E-018   1.5085157838194465E-017   2.7115807594848987E-017  -6.1338486902402457E-019  -2.2592467786792641E-017  -1.2108078356274369E-017  -4.6001020623204525E-017  -2.3500595093753324E-017   1.6198550831312563E-017  -2.4581555126111514E-017   2.3724324504644317E-017  -1.5570896751928594E-017   1.5714165094910881E-017  -5.2460501292995793E-018  -3.9517613492175411E-017   2.4863032962968427E-017  -2.7081491424688758E-017  -9.5523187582186958E-018  -1.5523203554118161E-017   3.9236984904254305E-018   5.7174446593641385E-018   1.1796119636642288E-016  0.16387832800684660       -1.1102230246251565E-016  -1.3877787807814457E-017  0.19643130268020847       -4.9960036108132044E-016   9.3675067702747583E-017  0.13463624553035047        1.1796119636642288E-016   2.1586008248204149E-018   1.3712855140597483E-017   3.9480366355867313E-017   2.9223230858009746E-018  -9.7689164721227057E-018  -4.2421198828175291E-017  -2.6374197092293764E-017  -3.6793530738835619E-019  -2.2656247521039394E-017  -5.5777037808736000E-018   4.5020960935772503E-018   2.0420298637689456E-017   5.5372989819126118E-017   1.5481564331712644E-018  -1.5146335139291263E-017   5.0453361046699320E-018  -3.4910665253203767E-017   2.5839447964072933E-018   3.6454358694734045E-018  -3.6137682526171898E-018   1.2640096218548328E-018  -3.4694469519536142E-017  -1.1102230246251565E-016  0.16387832800684665       -1.8735013540549517E-016   1.1102230246251565E-016  0.19643130268020814        2.2898349882893854E-016   4.1633363423443370E-016  0.13463624553035078       -1.0317446300593864E-019   1.8096079947487185E-017  -1.1062870566680914E-016   3.7825652770185775E-018   2.0909066508787717E-018  -5.0139767902164209E-017  -4.5738975916571198E-017   6.4365801007432806E-017  -9.9281760800055953E-018  -2.1257393516178337E-017   7.7988950406028621E-018  -1.5065236152010307E-017   3.3101183539439251E-017  -3.2093988416948335E-017  -3.3745669038357593E-017   2.5564502166522891E-017  -4.1266994652995072E-017  -9.8694340173888174E-019   1.7944480866247539E-018   8.2275033411055412E-019  -4.4297658745287569E-018  0.19643130268020786       -1.3877787807814457E-017  -1.8735013540549517E-016  0.23545063671281413        9.0205620750793969E-017  -5.6898930012039273E-016  0.16138054017975031        1.1102230246251565E-016   3.5388358909926865E-016   1.3652036226288488E-018   1.8081690491553488E-017   3.2502121994187908E-017  -7.3522832660145884E-019  -2.7080260899018333E-017  -1.4513240606028292E-017  -5.5138714896198149E-017  -2.8168779631637531E-017   1.9416249116194058E-017  -2.9464462775857041E-017   2.8436950903358994E-017  -1.8663917127300491E-017   1.8835644454440749E-017  -6.2881314042997327E-018  -4.7367436509095083E-017   2.9801853685575737E-017  -3.2460989221541436E-017  -7.8262335317468634E-018  -1.5721893443479566E-017   5.7363566422899956E-018   8.6533619306215667E-018   2.3592239273284576E-016  0.19643130268020847        1.1102230246251565E-016   9.0205620750793969E-017  0.23545063671281555       -3.1918911957973251E-016   1.8735013540549517E-016  0.16138054017974984        3.3306690738754696E-016   2.5873877110116214E-018   1.6436792048671781E-017   4.7322790559901652E-017   3.5028166175356049E-018  -1.1709424984571732E-017  -5.0847793289216866E-017  -3.1613197150555513E-017  -4.4102238905747577E-019  -2.7156709911130417E-017  -6.6856651087845990E-018   5.3963975054463208E-018   2.4476609636587447E-017   6.6372342552911863E-017   1.8556839615050455E-018  -1.8155020120279177E-017   6.0475473209514718E-018  -4.1845358910624340E-017   4.7864500746118523E-018   4.9877011121283635E-018  -4.0691371073399781E-018   1.9030405979996403E-018  -3.3306690738754696E-016  -4.9960036108132044E-016  0.19643130268020814       -5.6898930012039273E-016  -3.1918911957973251E-016  0.23545063671281474        4.1633363423443370E-017   1.9428902930940239E-016  0.16138054017974993       -1.2366915392706430E-019   2.1690705541867515E-017  -1.3260411570130723E-016   4.5339382813732289E-018   2.5062466905183405E-018  -6.0099587571420058E-017  -5.4824617335462187E-017   7.7151495830594860E-017  -1.1900320099388007E-017  -2.5479985979563200E-017   9.3480762888172921E-018  -1.8057811539306883E-017   3.9676439722017661E-017  -3.8469174232002697E-017  -4.0448946542478699E-017   3.0642663517602432E-017  -4.9464316703587058E-017   6.5105017370289277E-019   1.3728547282613190E-018   6.6677747198842247E-019  -2.9442327017088754E-018  0.13463624553035128        9.3675067702747583E-017   2.2898349882893854E-016  0.16138054017975031        1.8735013540549517E-016   4.1633363423443370E-017  0.11061205487617447        1.5265566588595902E-016   5.4817261840867104E-016   9.3572606619842456E-019   1.2393395998538653E-017   2.2277323508824781E-017  -5.0393384430349885E-019  -1.8561118343555986E-017  -9.9475399236926181E-018  -3.7792701344950116E-017  -1.9307201444108795E-017   1.3308117635111313E-017  -2.0195277384931285E-017   1.9491009079099076E-017  -1.2792460746443705E-017   1.2910164606600784E-017  -4.3099566725101610E-018  -3.2466178887813499E-017   2.0426528945862739E-017  -2.2249130639349562E-017  -6.5943202003591628E-018  -4.9360757711279809E-018   5.6379056671329597E-018   9.5544446986233642E-018   1.9428902930940239E-016  0.13463624553035047        4.1633363423443370E-016   1.1102230246251565E-016  0.16138054017974984        1.9428902930940239E-016   1.5265566588595902E-016  0.11061205487617314        5.0653925498522767E-016   1.7734249194951298E-018   1.1265963926325196E-017   3.2435578047236444E-017   2.4008702876348331E-018  -8.0257728566235415E-018  -3.4851654947830767E-017  -2.1668044326371169E-017  -3.0228175370890617E-019  -1.8613517364612225E-017  -4.5824307879556900E-018   3.6987521317082316E-018   1.6776546201229042E-017   4.5492357309906235E-017   1.2719068603574786E-018  -1.2443656958798224E-017   4.1450576097110218E-018  -2.8681284193123269E-017   2.4771118684068164E-018   7.9350336109869490E-019  -3.6170229470869141E-018  -3.2768299736672068E-019   4.0245584642661925E-016   1.1796119636642288E-016  0.13463624553035078        3.5388358909926865E-016   3.3306690738754696E-016  0.16138054017974993        5.4817261840867104E-016   5.0653925498522767E-016  0.11061205487617362       -8.4764242488173187E-020   1.4867055897988911E-017  -9.0888366753651062E-017   3.1076127854439433E-018   1.7178099426117203E-018  -4.1192939812203604E-017  -3.7577415309930590E-017   5.2880511374465318E-017  -8.1566145361230518E-018  -1.7464271741043837E-017   6.4072776450842516E-018  -1.2377029093499402E-017   2.7194682351012117E-017  -2.6367208874452053E-017  -2.7724167298341437E-017   2.1002829552967934E-017  -3.3903404385284007E-017   1.9129792727609987E-019  -2.2019478631384025E-018  -6.5557122513108435E-019  -1.3668519957803508E-018   1.1389594428823617E-018   2.1586008248204149E-018  -1.0317446300593864E-019   1.3652036226288488E-018   2.5873877110116214E-018  -1.2366915392706430E-019   9.3572606619842456E-019   1.7734249194951298E-018  -8.4764242488173187E-020   5.0476681144524498E-035   1.3348027982845912E-034   6.2784676206101714E-034   7.7676014930800383E-035  -2.7082805016452987E-034  -6.2986268442988732E-034  -9.1655614058660367E-034  -1.2971444038851613E-034  -4.6797801551666125E-035  -1.8261927188940868E-034   2.1927624841777126E-034   1.7024216426108036E-034   8.1774559821684797E-034   4.1377859270463442E-036  -4.5291015728914410E-034   2.2316098481523203E-034  -6.2207866302373049E-034  -3.3813318125814568E-017   2.1007694139758600E-017   4.8148246769782196E-018   1.2962578387355955E-017   1.5085157838194465E-017   1.3712855140597483E-017   1.8096079947487185E-017   1.8081690491553488E-017   1.6436792048671781E-017   2.1690705541867515E-017   1.2393395998538653E-017   1.1265963926325196E-017   1.4867055897988911E-017   1.3348027982845912E-034   7.0118241106304932E-033  -5.5007241155421561E-033   2.2811813262265147E-034  -2.8348179410502439E-033  -1.0060041634043734E-032  -8.5590329665476064E-033   4.4071985019607974E-033  -2.7474106820543416E-033  -5.5348778752868532E-033   3.4217532373775609E-033  -1.3881674201302053E-033   9.7351134346807718E-033  -3.8973013533761219E-033  -8.6313625381261786E-033   5.5337763434331831E-033  -9.9709602996354291E-033   1.5420925466424644E-017   2.4083629518321871E-017   7.9584547808505348E-018   1.4992473221144182E-017   2.7115807594848987E-017   3.9480366355867313E-017  -1.1062870566680914E-016   3.2502121994187908E-017   4.7322790559901652E-017  -1.3260411570130723E-016   2.2277323508824781E-017   3.2435578047236444E-017  -9.0888366753651062E-017   6.2784676206101714E-034  -5.5007241155421561E-033   9.0607188955224014E-032  -2.4848079716476943E-033  -7.6723843423032236E-033   2.1846404376419175E-032   1.9802327897992612E-032  -4.8427567757741102E-032   2.4605180347018704E-033   8.4091407900812832E-033  -2.5465870225712836E-034   1.2513131125942253E-032  -6.4053185198315870E-033   2.1170507032212602E-032   1.2592908706278786E-032  -1.1928330448857556E-032   1.4966541764842126E-032  -1.7731571652658332E-018  -7.2512468322422887E-018  -2.2670196312082454E-018  -4.5070386766190646E-018  -6.1338486902402457E-019   2.9223230858009746E-018   3.7825652770185775E-018  -7.3522832660145884E-019   3.5028166175356049E-018   4.5339382813732289E-018  -5.0393384430349885E-019   2.4008702876348331E-018   3.1076127854439433E-018   7.7676014930800383E-035   2.2811813262265147E-034  -2.4848079716476943E-033   2.9710673885878738E-034   1.0843962892361899E-035  -1.9320816685510921E-033  -2.2492301881650025E-033   1.8457456506858120E-033  -2.5493405461682666E-034  -3.3880944276754142E-034   1.7149471574224293E-034   7.4692142388128828E-035   1.6926357877932978E-033  -6.9353615282889655E-034  -9.0108421593018774E-034   5.8697750552340704E-034  -1.4736784902883501E-033   4.2325034926993633E-019  -2.5274395897222214E-018  -7.4331115929926760E-019  -1.5684040562103936E-018  -2.2592467786792641E-017  -9.7689164721227057E-018   2.0909066508787717E-018  -2.7080260899018333E-017  -1.1709424984571732E-017   2.5062466905183405E-018  -1.8561118343555986E-017  -8.0257728566235415E-018   1.7178099426117203E-018  -2.7082805016452987E-034  -2.8348179410502439E-033  -7.6723843423032236E-033   1.0843962892361899E-035   3.7423011181829512E-033   3.5372521444515994E-033   7.0092186939770298E-033   4.1720768439515211E-033  -8.5696999443536879E-034   3.5055463996168931E-033  -3.4395327506570583E-033   7.3713706104753867E-034  -5.0448671664582260E-033   2.2145621252824912E-034   5.9202742706088867E-033  -3.4022299192980139E-033   5.2880186930815037E-033   1.0636616622016586E-018   2.9393424419621515E-018   9.3447440262123516E-019   1.8277986240955873E-018  -1.2108078356274369E-017  -4.2421198828175291E-017  -5.0139767902164209E-017  -1.4513240606028292E-017  -5.0847793289216866E-017  -6.0099587571420058E-017  -9.9475399236926181E-018  -3.4851654947830767E-017  -4.1192939812203604E-017  -6.2986268442988732E-034  -1.0060041634043734E-032   2.1846404376419175E-032  -1.9320816685510921E-033   3.5372521444515994E-033   2.7242468227403640E-032   2.4580049835960701E-032  -1.7977243864667470E-032   7.5274042462935277E-033   9.6992805451698292E-033  -5.3043931518843895E-033   4.7381209167151891E-034  -2.5622317875153365E-032   9.8062390798510497E-033   1.7165223142130749E-032  -1.0964664970421834E-032   2.3663742931688030E-032  -8.2858609467902154E-018   4.3425028357884416E-017   1.2725521721611286E-017   2.6944957458561671E-017  -4.6001020623204525E-017  -2.6374197092293764E-017  -4.5738975916571198E-017  -5.5138714896198149E-017  -3.1613197150555513E-017  -5.4824617335462187E-017  -3.7792701344950116E-017  -2.1668044326371169E-017  -3.7577415309930590E-017  -9.1655614058660367E-034  -8.5590329665476064E-033   1.9802327897992612E-032  -2.2492301881650025E-033   7.0092186939770298E-033   2.4580049835960701E-032   3.5449669242591892E-032  -1.2831614373308218E-032  -7.4578393190931535E-034   1.2778448152758320E-032  -9.5607259493878021E-033   5.2891474173166949E-033  -2.2561250539714000E-032   1.0180958403080589E-032   2.2948826553629538E-032  -1.4926230695725144E-032   2.4738030558875304E-032  -7.3588927308634781E-018  -1.2633451936065113E-017  -4.1418621647257984E-018  -7.8627626645140946E-018  -2.3500595093753324E-017  -3.6793530738835619E-019   6.4365801007432806E-017  -2.8168779631637531E-017  -4.4102238905747577E-019   7.7151495830594860E-017  -1.9307201444108795E-017  -3.0228175370890617E-019   5.2880511374465318E-017  -1.2971444038851613E-034   4.4071985019607974E-033  -4.8427567757741102E-032   1.8457456506858120E-033   4.1720768439515211E-033  -1.7977243864667470E-032  -1.2831614373308218E-032   2.9170099821767740E-032  -5.4041375758522015E-033  -4.5336756307053753E-033  -3.4910105900812750E-034  -3.7300478276141741E-033   1.0623236792556676E-032  -1.1856598838346257E-032  -7.5532056505089376E-033   6.4641081248766427E-033  -1.2246324206337668E-032  -6.1226519266360496E-019  -2.0869734485335265E-017  -6.3225617657879505E-018  -1.2960724865667356E-017   1.6198550831312563E-017  -2.2656247521039394E-017  -9.9281760800055953E-018   1.9416249116194058E-017  -2.7156709911130417E-017  -1.1900320099388007E-017   1.3308117635111313E-017  -1.8613517364612225E-017  -8.1566145361230518E-018  -4.6797801551666125E-035  -2.7474106820543416E-033   2.4605180347018704E-033  -2.5493405461682666E-034  -8.5696999443536879E-034   7.5274042462935277E-033  -7.4578393190931535E-034  -5.4041375758522015E-033   6.5950622667542552E-033   8.7268464305084746E-035   1.2501364417615912E-033  -3.4495286390521182E-033  -8.1074285792372248E-033   1.2117584153599503E-033   2.3226982758366767E-034   2.1130213610561197E-034   4.6496065472750542E-033  -8.3977306157168439E-020  -7.5876048121848035E-018  -2.2924535280319750E-018  -4.7117904126988165E-018  -2.4581555126111514E-017  -5.5777037808736000E-018  -2.1257393516178337E-017  -2.9464462775857041E-017  -6.6856651087845990E-018  -2.5479985979563200E-017  -2.0195277384931285E-017  -4.5824307879556900E-018  -1.7464271741043837E-017  -1.8261927188940868E-034  -5.5348778752868532E-033   8.4091407900812832E-033  -3.3880944276754142E-034   3.5055463996168931E-033   9.6992805451698292E-033   1.2778448152758320E-032  -4.5336756307053753E-033   8.7268464305084746E-035   6.8009699725824195E-033  -4.7234819838483445E-033   3.5947775425200476E-033  -8.5354643997961515E-033   4.8972641074203778E-033   1.0820412637732312E-032  -7.2172330693471338E-033   1.0603325586880293E-032  -2.1240678879236348E-028  -8.2322885998261840E-027  -2.4926916196810044E-027  -5.1124251155964176E-027   2.3724324504644317E-017   4.5020960935772503E-018   7.7988950406028621E-018   2.8436950903358994E-017   5.3963975054463208E-018   9.3480762888172921E-018   1.9491009079099076E-017   3.6987521317082316E-018   6.4072776450842516E-018   2.1927624841777126E-034   3.4217532373775609E-033  -2.5465870225712836E-034   1.7149471574224293E-034  -3.4395327506570583E-033  -5.3043931518843895E-033  -9.5607259493878021E-033  -3.4910105900812750E-034   1.2501364417615912E-033  -4.7234819838483445E-033   3.9293493784297553E-033  -2.4101237848824455E-033   5.3713943755433152E-033  -2.2442668178055014E-033  -7.7429266501434805E-033   4.9545789805641931E-033  -6.8434809768297319E-033   1.8081881419620740E-028   7.0080793296062077E-027   2.1220093326252437E-027   4.3521674932734577E-027  -1.5570896751928594E-017   2.0420298637689456E-017  -1.5065236152010307E-017  -1.8663917127300491E-017   2.4476609636587447E-017  -1.8057811539306883E-017  -1.2792460746443705E-017   1.6776546201229042E-017  -1.2377029093499402E-017   1.7024216426108036E-034  -1.3881674201302053E-033   1.2513131125942253E-032   7.4692142388128828E-035   7.3713706104753867E-034   4.7381209167151891E-034   5.2891474173166949E-033  -3.7300478276141741E-033  -3.4495286390521182E-033   3.5947775425200476E-033  -2.4101237848824455E-033   5.4089077744950392E-033   2.3637792996265091E-033   3.6417447226960896E-033   4.9696532533260941E-033  -4.0838085157946449E-033   2.0167030046129614E-033   2.7018190993904343E-028   1.0471562353976142E-026   3.1707334643096459E-027   6.5030655891817067E-027   1.5714165094910881E-017   5.5372989819126118E-017   3.3101183539439251E-017   1.8835644454440749E-017   6.6372342552911863E-017   3.9676439722017661E-017   1.2910164606600784E-017   4.5492357309906235E-017   2.7194682351012117E-017   8.1774559821684797E-034   9.7351134346807718E-033  -6.4053185198315870E-033   1.6926357877932978E-033  -5.0448671664582260E-033  -2.5622317875153365E-032  -2.2561250539714000E-032   1.0623236792556676E-032  -8.1074285792372248E-033  -8.5354643997961515E-033   5.3713943755433152E-033   2.3637792996265091E-033   2.6902833287795154E-032  -6.4624789708214749E-033  -1.5723285561164409E-032   9.2525500244508999E-033  -2.2728187115033186E-032   5.5845933855145185E-029   2.1644592350084573E-027   6.5538733290326527E-028   1.3441753170441944E-027  -5.2460501292995793E-018   1.5481564331712644E-018  -3.2093988416948335E-017  -6.2881314042997327E-018   1.8556839615050455E-018  -3.8469174232002697E-017  -4.3099566725101610E-018   1.2719068603574786E-018  -2.6367208874452053E-017   4.1377859270463442E-036  -3.8973013533761219E-033   2.1170507032212602E-032  -6.9353615282889655E-034   2.2145621252824912E-034   9.8062390798510497E-033   1.0180958403080589E-032  -1.1856598838346257E-032   1.2117584153599503E-033   4.8972641074203778E-033  -2.2442668178055014E-033   3.6417447226960896E-033  -6.4624789708214749E-033   6.4678590250421913E-033   7.7307085801587343E-033  -5.7548096543933455E-033   8.6188708181631004E-033   5.9134678232554252E-028   2.2918952336909973E-026   6.9397326951205399E-027   1.4233152609804825E-026  -3.9517613492175411E-017  -1.5146335139291263E-017  -3.3745669038357593E-017  -4.7367436509095083E-017  -1.8155020120279177E-017  -4.0448946542478699E-017  -3.2466178887813499E-017  -1.2443656958798224E-017  -2.7724167298341437E-017  -4.5291015728914410E-034  -8.6313625381261786E-033   1.2592908706278786E-032  -9.0108421593018774E-034   5.9202742706088867E-033   1.7165223142130749E-032   2.2948826553629538E-032  -7.5532056505089376E-033   2.3226982758366767E-034   1.0820412637732312E-032  -7.7429266501434805E-033   4.9696532533260941E-033  -1.5723285561164409E-032   7.7307085801587343E-033   1.7878040731491081E-032  -1.1726000204048174E-032   1.8254682769376369E-032  -5.0014815431127537E-029  -1.9384467939544049E-027  -5.8695143829349850E-028  -1.2038167205278470E-027   2.4863032962968427E-017   5.0453361046699320E-018   2.5564502166522891E-017   2.9801853685575737E-017   6.0475473209514718E-018   3.0642663517602432E-017   2.0426528945862739E-017   4.1450576097110218E-018   2.1002829552967934E-017   2.2316098481523203E-034   5.5337763434331831E-033  -1.1928330448857556E-032   5.8697750552340704E-034  -3.4022299192980139E-033  -1.0964664970421834E-032  -1.4926230695725144E-032   6.4641081248766427E-033   2.1130213610561197E-034  -7.2172330693471338E-033   4.9545789805641931E-033  -4.0838085157946449E-033   9.2525500244508999E-033  -5.7548096543933455E-033  -1.1726000204048174E-032   7.9154431908452216E-033  -1.1621025496130486E-032   5.3766155276707827E-029   2.0838044440865658E-027   6.3096378622217564E-028   1.2940842447596120E-027  -2.7081491424688758E-017  -3.4910665253203767E-017  -4.1266994652995072E-017  -3.2460989221541436E-017  -4.1845358910624340E-017  -4.9464316703587058E-017  -2.2249130639349562E-017  -2.8681284193123269E-017  -3.3903404385284007E-017  -6.2207866302373049E-034  -9.9709602996354291E-033   1.4966541764842126E-032  -1.4736784902883501E-033   5.2880186930815037E-033   2.3663742931688030E-032   2.4738030558875304E-032  -1.2246324206337668E-032   4.6496065472750542E-033   1.0603325586880293E-032  -6.8434809768297319E-033   2.0167030046129614E-033  -2.2728187115033186E-032   8.6188708181631004E-033   1.8254682769376369E-032  -1.1621025496130486E-032   2.2303904478109864E-032
