  0.95022194639453872        4.8685305259168338E-003   4.6029815570296173E-002   5.2906024671022910E-003   4.7193558344105483E-019  -2.0927635635526287E-016   1.3053701887335689E-018   8.1526650556979632E-020   2.4436001490315119E-016   1.8207599355959557E-018   2.8212121023828734E-019  -3.5149003287600548E-016  -4.4300826681298996E-019   2.4077141545110151E-019   2.9292456845999513E-019   3.2518176727053995E-019   2.3838983916950215E-018  -3.3187661825403358E-018   2.3199183047414705E-019   7.6558521800964262E-019   1.1241888993196931E-018   2.5785361212361406E-019   1.4498088833740945E-018   4.1845103984729148E-017   1.5561701407650807E-018  -7.1747559458279008E-019  -1.3304698291418755E-030   1.4715717357239934E-017  -1.2394356534227847E-019   3.6625940327661298E-020   4.8685305259168338E-003  0.38829967249744485       0.11034257944375619       0.20184705608572617        1.1171786026078276E-018   3.3289436735094855E-016   3.2010231036294189E-018   3.5447875139064997E-018  -7.1129006024564128E-017   1.8809789825466155E-018  -2.0353111254207522E-018  -2.0777609034740432E-016  -4.7682021547187843E-019  -1.3221972861073758E-018   4.1138721513012781E-017  -2.2934675404293414E-017   5.0915959229573121E-018  -5.6403917333872867E-018  -2.1423523222321552E-018   5.9096219758814447E-017   4.4401397702508359E-017   1.6589883216845049E-017   3.0831158397216702E-017  -1.1434988816475267E-020   1.1413648033142562E-019  -4.0701128960717459E-020  -9.9822800576100785E-029   7.8234581495059485E-018   8.7662385343999283E-022   1.3041497069481373E-017   4.6029815570296173E-002  0.11034257944375619        3.3453747681780679E-002   5.7488277345986258E-002   6.1507945517612401E-019   8.6218951864438807E-017  -9.2886738326686695E-019   1.3575959581804708E-018  -6.6051928180763736E-018  -1.7769659583782891E-018  -3.6624575061276815E-019  -7.4255265376914536E-017  -1.5148691792061879E-018  -3.6363459738968890E-019   1.1679860912423679E-017  -6.4885234390457146E-018   1.5558871305221974E-018  -1.7554420930307235E-018  -5.9662626610607301E-019   1.6794448244902064E-017   1.2644148501468567E-017   4.7166663930194502E-018   8.8112074967211766E-018   1.9629825675840021E-018   1.0548836614961741E-019  -4.5254877339343892E-020  -2.8370096833805003E-029   2.9100369123844740E-018  -5.5752900806538861E-021   3.7000218376132296E-018   5.2906024671022910E-003  0.20184705608572617        5.7488277345986258E-002  0.10493273524100899       -1.6582150463418755E-018   1.6776922453410484E-016  -2.9711714279639008E-020  -9.8530907429699149E-019  -4.2140893469999453E-017  -1.1597021006812749E-018  -2.6610364948765590E-018  -1.1235424302744874E-016  -1.4643505993725677E-018  -6.8656091382727163E-019   2.1384201547843248E-017  -1.1920189385488357E-017   2.6534669073663724E-018  -2.9414389515436236E-018  -1.1128919037425858E-018   3.0719639007286226E-017   2.3082510961064441E-017   8.6239457484023575E-018   1.6029830005951643E-017   1.1559916311131835E-019   6.3846635795424891E-020  -2.3239869243201025E-020  -5.1890569326673781E-029   4.1092708143743257E-018   9.5651842221127084E-023   6.7789000725625555E-018   4.7193558344105483E-019   1.1171786026078276E-018   6.1507945517612401E-019  -1.6582150463418755E-018  0.16421599855158112        2.7755575615628914E-017   9.0205620750793969E-017  0.20730252348424638       -3.2959746043559335E-017  -1.5265566588595902E-016  0.11757045823419998        1.5178830414797062E-017  -4.8572257327350599E-017  -3.2880117525168856E-018  -2.3050778080115139E-019   7.7563972376038320E-018   2.5548048010065040E-018   3.4535961193122698E-018   2.5628857226499101E-017  -9.2814785564283811E-019  -7.4809049463495597E-018  -3.3825438641470176E-017  -4.0278464841586343E-017  -1.0273123650345735E-021  -1.0443484969908313E-017   1.1754723285009254E-018   1.7746305454884178E-017  -2.2791116779677927E-017   1.4291238756832983E-017  -1.4474696177158020E-017  -2.0927635635526287E-016   3.3289436735094855E-016   8.6218951864438807E-017   1.6776922453410484E-016   2.7755575615628914E-017  0.16421599855158101       -4.4994390158148434E-017   3.3827107781547738E-017  0.20730252348424669       -5.3993268189778121E-017   2.1250362580715887E-017  0.11757045823419955       -2.4719809532669501E-017   1.6205073019136640E-018   3.3201336954524795E-019  -4.8894780607962385E-019  -2.6301743275434444E-017   2.9143869990956159E-019  -2.6824345769599256E-017   1.0816325901553016E-018  -1.3042582848313483E-018  -1.6564640846455213E-017   1.6771663760306025E-018   4.4304077950742375E-017   7.8957934105380813E-018  -4.5445453199219531E-017  -1.3938184043844730E-020   5.5074342065144731E-020   1.9319322772031538E-019   5.7529611834313591E-020   1.3053701887335689E-018   3.2010231036294189E-018  -9.2886738326686695E-019  -2.9711714279639008E-020   9.0205620750793969E-017  -4.4994390158148434E-017  0.16421599855158139        2.3592239273284576E-016   3.2092384305570931E-017  0.20730252348424663        2.0816681711721685E-017  -6.6136332521615770E-018  0.11757045823419973       -2.7074446904733261E-018  -2.3599148766547397E-018  -4.0090091603263611E-018  -1.0853269023224361E-017   2.1319745995940517E-017  -4.0119271150457298E-017  -3.8833882502453608E-018   1.4841893154917836E-018   9.9569076913218772E-017   1.0823745878488884E-016   1.5037679962069319E-019  -1.1493927301049075E-019   1.6229614762860948E-018  -7.5182844442498672E-018   7.1403716395366846E-017  -2.7861536579646168E-017   8.9795449642867171E-018   8.1526650556979632E-020   3.5447875139064997E-018   1.3575959581804708E-018  -9.8530907429699149E-019  0.20730252348424638        3.3827107781547738E-017   2.3592239273284576E-016  0.26169396783491872       -4.2500725161431774E-017  -2.7755575615628914E-017  0.14841825945170178        1.9081958235744878E-017   2.7755575615628914E-017  -4.1507108902578199E-018  -2.9098775432542896E-019   9.7914986035690989E-018   3.2251271918062187E-018   4.3597408105395807E-018   3.2353283626028098E-017  -1.1716726405364006E-018  -9.4437234313496356E-018  -4.2700460674882140E-017  -5.0846613468721231E-017  -1.2968556508295670E-021  -1.3183616744575388E-017   1.4838894025761102E-018   2.2402530421931994E-017  -2.8770984941320056E-017   1.8040933186401855E-017  -1.8272525640978356E-017   2.4436001490315119E-016  -7.1129006024564128E-017  -6.6051928180763736E-018  -4.2140893469999453E-017  -3.2959746043559335E-017  0.20730252348424669        3.2092384305570931E-017  -4.2500725161431774E-017  0.26169396783491966        4.4452289071905682E-017  -2.1250362580715887E-017  0.14841825945170159        3.2742905609062234E-017   2.0456913819260551E-018   4.1912608968857522E-019  -6.1723653569935520E-019  -3.3202719595677816E-017   3.6790555405748633E-019  -3.3862441040452278E-017   1.3654282615560946E-018  -1.6464658504990670E-018  -2.0910824026696673E-017   2.1172165021721118E-018   5.5928455454033145E-017   9.9674691464406826E-018  -5.7369301482061602E-017  -1.7595244985653241E-020   6.9524590722264772E-020   2.4388271532450549E-019   7.2624067164658229E-020   1.8207599355959557E-018   1.8809789825466155E-018  -1.7769659583782891E-018  -1.1597021006812749E-018  -1.5265566588595902E-016  -5.3993268189778121E-017  0.20730252348424663       -2.7755575615628914E-017   4.4452289071905682E-017  0.26169396783491883       -1.5265566588595902E-016  -6.1799523831673753E-018  0.14841825945170140       -3.4178162997489489E-018  -2.9791026054314427E-018  -5.0608815397853565E-018  -1.3700918768040148E-017   2.6913560091487628E-017  -5.0645650991344590E-017  -4.9023005739119183E-018   1.8736066713570662E-018   1.2569372708606003E-016   1.3663649424865084E-016   1.8983223504293896E-019  -1.4509671135990165E-019   2.0487894755646837E-018  -9.4909104552063743E-018   9.0138419675739228E-017  -3.5171767014497629E-017   1.1335572339209050E-017   2.8212121023828734E-019  -2.0353111254207522E-018  -3.6624575061276815E-019  -2.6610364948765590E-018  0.11757045823419998        2.1250362580715887E-017   2.0816681711721685E-017  0.14841825945170178       -2.1250362580715887E-017  -1.5265566588595902E-016   8.4174579647049080E-002   1.2359904766334751E-017  -6.5919492087118670E-017  -2.3540522959547110E-018  -1.6503206541613131E-019   5.5531932668857823E-018   1.8291127161944669E-018   2.4726024375503092E-018   1.8348982527374928E-017  -6.6450753677780320E-019  -5.3559545373561450E-018  -2.4217325693764909E-017  -2.8837370354679298E-017  -7.3550437577352630E-022  -7.4770139590779766E-018   8.4157951431307137E-019   1.2705468911054081E-017  -1.6317302011315520E-017   1.0231813612529631E-017  -1.0363159968331270E-017  -3.5149003287600548E-016  -2.0777609034740432E-016  -7.4255265376914536E-017  -1.1235424302744874E-016   1.5178830414797062E-017  0.11757045823419955       -6.6136332521615770E-018   1.9081958235744878E-017  0.14841825945170159       -6.1799523831673753E-018   1.2359904766334751E-017   8.4174579647048539E-002   7.5894152073985310E-019   1.1602023416616841E-018   2.3770500037514040E-019  -3.5006222365920816E-019  -1.8830735351767797E-017   2.0865556217280236E-019  -1.9204892652245394E-017   7.7439494560359557E-019  -9.3378383078318374E-019  -1.1859456033395894E-017   1.2007674106306401E-018   3.1719508405122612E-017   5.6529939688424954E-018  -3.2536676112070988E-017  -9.9790440605150164E-021   3.9430479920701693E-020   1.3831670794052542E-019   4.1188330522310097E-020  -4.4300826681298996E-019  -4.7682021547187843E-019  -1.5148691792061879E-018  -1.4643505993725677E-018  -4.8572257327350599E-017  -2.4719809532669501E-017  0.11757045823419973        2.7755575615628914E-017   3.2742905609062234E-017  0.14841825945170140       -6.5919492087118670E-017   7.5894152073985310E-019   8.4174579647048609E-002  -1.9383952581374986E-018  -1.6895812581552569E-018  -2.8702504518560889E-018  -7.7703988871627863E-018   1.5263873972621126E-017  -2.8723395617874497E-017  -2.7803121505194987E-018   1.0626054676022465E-018   7.1286489147805877E-017   7.7492617891596692E-017   1.0766228257379128E-019  -8.2290782360668065E-020   1.1619594080139121E-018  -5.3827163920808032E-018   5.1121496871641327E-017  -1.9947469501572355E-017   6.4289059866123801E-018   2.4077141545110151E-019  -1.3221972861073758E-018  -3.6363459738968890E-019  -6.8656091382727163E-019  -3.2880117525168856E-018   1.6205073019136640E-018  -2.7074446904733261E-018  -4.1507108902578199E-018   2.0456913819260551E-018  -3.4178162997489489E-018  -2.3540522959547110E-018   1.1602023416616841E-018  -1.9383952581374986E-018   1.3103536134788812E-034  -9.3341788298310844E-035  -1.5769704894470088E-035  -1.4847306243641267E-034  -3.9944792882007957E-034  -1.0904461098868962E-034  -1.0793825319438362E-034  -3.8591578192163442E-035  -1.1842744786909182E-033  -1.0661909320070523E-033   4.4611300341274107E-034   2.8894878424898867E-034  -4.9881171579708321E-034  -2.3150794602014631E-034  -7.4304209448483461E-034   1.7507962804223732E-034   9.7898532184431426E-035   2.9292456845999513E-019   4.1138721513012781E-017   1.1679860912423679E-017   2.1384201547843248E-017  -2.3050778080115139E-019   3.3201336954524795E-019  -2.3599148766547397E-018  -2.9098775432542896E-019   4.1912608968857522E-019  -2.9791026054314427E-018  -1.6503206541613131E-019   2.3770500037514040E-019  -1.6895812581552569E-018  -9.3341788298310844E-035   4.3934359474940720E-033  -2.3842398335531471E-033   6.3809591081948884E-034  -9.0745424934924670E-034   2.5930338266245088E-034   6.3202878860647080E-033   4.6905436255774248E-033   3.4071956739771943E-034   1.7706531393209693E-033   7.6387809203609515E-035   4.4002525203307693E-035  -1.2099920578072408E-034   8.3105314185385700E-035  -1.6859165263650219E-034   3.8084463382980124E-034   1.2731127001287097E-033   3.2518176727053995E-019  -2.2934675404293414E-017  -6.4885234390457146E-018  -1.1920189385488357E-017   7.7563972376038320E-018  -4.8894780607962385E-019  -4.0090091603263611E-018   9.7914986035690989E-018  -6.1723653569935520E-019  -5.0608815397853565E-018   5.5531932668857823E-018  -3.5006222365920816E-019  -2.8702504518560889E-018  -1.5769704894470088E-035  -2.3842398335531471E-033   1.8207022595077598E-033   1.6470879049492713E-034  -2.7172291729706114E-035   2.3965301347533583E-033  -3.4427194715702074E-033  -3.0078695830756197E-033  -4.9589738983102303E-033  -6.3702032459198382E-033  -1.0797312378282143E-034  -5.1971827768150112E-034   1.5315355763640229E-034   1.0217949672403339E-033  -3.2724961304336633E-033   1.3544940284692823E-033  -1.6734405983157483E-033   2.3838983916950215E-018   5.0915959229573121E-018   1.5558871305221974E-018   2.6534669073663724E-018   2.5548048010065040E-018  -2.6301743275434444E-017  -1.0853269023224361E-017   3.2251271918062187E-018  -3.3202719595677816E-017  -1.3700918768040148E-017   1.8291127161944669E-018  -1.8830735351767797E-017  -7.7703988871627863E-018  -1.4847306243641267E-034   6.3809591081948884E-034   1.6470879049492713E-034   5.0421161619142710E-033  -1.4838919693204573E-033   7.3191389766366273E-033   8.4394048526040319E-034   5.7802106655421498E-034  -4.2361623790060411E-033  -7.6419566159989325E-033  -7.0039150745318954E-033  -1.4142199992683523E-033   7.1875346602517283E-033   7.7521623778378853E-034  -4.9442909535415886E-033   2.0325117313945896E-033  -6.5717917017396154E-034  -3.3187661825403358E-018  -5.6403917333872867E-018  -1.7554420930307235E-018  -2.9414389515436236E-018   3.4535961193122698E-018   2.9143869990956159E-019   2.1319745995940517E-017   4.3597408105395807E-018   3.6790555405748633E-019   2.6913560091487628E-017   2.4726024375503092E-018   2.0865556217280236E-019   1.5263873972621126E-017  -3.9944792882007957E-034  -9.0745424934924670E-034  -2.7172291729706114E-035  -1.4838919693204573E-033   2.9340724267533977E-033  -4.6869585861911913E-033  -1.3802789219117475E-033  -6.1386464565254206E-034   1.1944873181354694E-032   1.2756597862683243E-032  -4.4749304542115779E-035  -2.2751705859791076E-034   1.5781490239643689E-034  -6.0288526102662861E-034   8.6273334371963185E-033  -3.3158822839534444E-033   6.7247360230727663E-034   2.3199183047414705E-019  -2.1423523222321552E-018  -5.9662626610607301E-019  -1.1128919037425858E-018   2.5628857226499101E-017  -2.6824345769599256E-017  -4.0119271150457298E-017   3.2353283626028098E-017  -3.3862441040452278E-017  -5.0645650991344590E-017   1.8348982527374928E-017  -1.9204892652245394E-017  -2.8723395617874497E-017  -1.0904461098868962E-034   2.5930338266245088E-034   2.3965301347533583E-033   7.3191389766366273E-033  -4.6869585861911913E-033   1.8194892057401001E-032   3.0116313198564390E-034  -1.5619006420134243E-033  -2.6990300016531290E-032  -3.3173223682240758E-032  -7.2624156176382138E-033  -2.8917806875511836E-033   7.2104018039406514E-033   4.6086831389741620E-033  -2.1049635726648532E-032   9.0056026809034329E-033  -4.5341958018787798E-033   7.6558521800964262E-019   5.9096219758814447E-017   1.6794448244902064E-017   3.0719639007286226E-017  -9.2814785564283811E-019   1.0816325901553016E-018  -3.8833882502453608E-018  -1.1716726405364006E-018   1.3654282615560946E-018  -4.9023005739119183E-018  -6.6450753677780320E-019   7.7439494560359557E-019  -2.7803121505194987E-018  -1.0793825319438362E-034   6.3202878860647080E-033  -3.4427194715702074E-033   8.4394048526040319E-034  -1.3802789219117475E-033   3.0116313198564390E-034   9.0981949495349068E-033   6.7561586548014598E-033   2.5231494200669124E-034   2.3713880729415846E-033   2.8760944619526815E-034   1.3116239744810198E-034  -3.5056971911038609E-034   7.7398951592845557E-035  -3.6833165530861135E-034   5.7949972812902362E-034   1.8546532190808999E-033   1.1241888993196931E-018   4.4401397702508359E-017   1.2644148501468567E-017   2.3082510961064441E-017  -7.4809049463495597E-018  -1.3042582848313483E-018   1.4841893154917836E-018  -9.4437234313496356E-018  -1.6464658504990670E-018   1.8736066713570662E-018  -5.3559545373561450E-018  -9.3378383078318374E-019   1.0626054676022465E-018  -3.8591578192163442E-035   4.6905436255774248E-033  -3.0078695830756197E-033   5.7802106655421498E-034  -6.1386464565254206E-034  -1.5619006420134243E-033   6.7561586548014598E-033   5.4421298425326658E-033   4.4694517822323831E-033   6.3259542448835884E-033  -3.2678748768029369E-034   4.2598584901426006E-034   3.1698006363515375E-034  -8.7627760984881961E-034   2.5864964631882111E-033  -9.0436294187323816E-034   2.2312961585096261E-033   2.5785361212361406E-019   1.6589883216845049E-017   4.7166663930194502E-018   8.6239457484023575E-018  -3.3825438641470176E-017  -1.6564640846455213E-017   9.9569076913218772E-017  -4.2700460674882140E-017  -2.0910824026696673E-017   1.2569372708606003E-016  -2.4217325693764909E-017  -1.1859456033395894E-017   7.1286489147805877E-017  -1.1842744786909182E-033   3.4071956739771943E-034  -4.9589738983102303E-033  -4.2361623790060411E-033   1.1944873181354694E-032  -2.6990300016531290E-032   2.5231494200669124E-034   4.4694517822323831E-033   6.9718812058299012E-032   7.5072348053291814E-032  -4.3759026940393273E-033   1.2899733440431032E-033   5.3242789349286364E-033  -8.2125635702071518E-033   4.8318221301715049E-032  -1.9856469655639375E-032   8.9774657635544793E-033   1.4498088833740945E-018   3.0831158397216702E-017   8.8112074967211766E-018   1.6029830005951643E-017  -4.0278464841586343E-017   1.6771663760306025E-018   1.0823745878488884E-016  -5.0846613468721231E-017   2.1172165021721118E-018   1.3663649424865084E-016  -2.8837370354679298E-017   1.2007674106306401E-018   7.7492617891596692E-017  -1.0661909320070523E-033   1.7706531393209693E-033  -6.3702032459198382E-033  -7.6419566159989325E-033   1.2756597862683243E-032  -3.3173223682240758E-032   2.3713880729415846E-033   6.3259542448835884E-033   7.5072348053291814E-032   8.3686805937256556E-032   5.9777056682999458E-034   2.5772353165727110E-033   3.1322754758574372E-034  -9.3083337381099240E-033   5.3291611377207002E-032  -2.1867409005915613E-032   1.0504826473208951E-032   4.1845103984729148E-017  -1.1434988816475267E-020   1.9629825675840021E-018   1.1559916311131835E-019  -1.0273123650345735E-021   4.4304077950742375E-017   1.5037679962069319E-019  -1.2968556508295670E-021   5.5928455454033145E-017   1.8983223504293896E-019  -7.3550437577352630E-022   3.1719508405122612E-017   1.0766228257379128E-019   4.4611300341274107E-034   7.6387809203609515E-035  -1.0797312378282143E-034  -7.0039150745318954E-033  -4.4749304542115779E-035  -7.2624156176382138E-033   2.8760944619526815E-034  -3.2678748768029369E-034  -4.3759026940393273E-033   5.9777056682999458E-034   1.3795872775717630E-032   2.1986455139108529E-033  -1.2290891501152054E-032  -1.0756107567726477E-035   7.2391972694681190E-034   2.1059954823263394E-035   1.7862065435492874E-035   1.5561701407650807E-018   1.1413648033142562E-019   1.0548836614961741E-019   6.3846635795424891E-020  -1.0443484969908313E-017   7.8957934105380813E-018  -1.1493927301049075E-019  -1.3183616744575388E-017   9.9674691464406826E-018  -1.4509671135990165E-019  -7.4770139590779766E-018   5.6529939688424954E-018  -8.2290782360668065E-020   2.8894878424898867E-034   4.4002525203307693E-035  -5.1971827768150112E-034  -1.4142199992683523E-033  -2.2751705859791076E-034  -2.8917806875511836E-033   1.3116239744810198E-034   4.2598584901426006E-034   1.2899733440431032E-033   2.5772353165727110E-033   2.1986455139108529E-033   1.0464657524575637E-033  -2.2621735982341542E-033  -1.1240024284535988E-033   1.4283134193127258E-033  -8.8027844278560004E-034   9.2064003368579893E-034  -7.1747559458279008E-019  -4.0701128960717459E-020  -4.5254877339343892E-020  -2.3239869243201025E-020   1.1754723285009254E-018  -4.5445453199219531E-017   1.6229614762860948E-018   1.4838894025761102E-018  -5.7369301482061602E-017   2.0487894755646837E-018   8.4157951431307137E-019  -3.2536676112070988E-017   1.1619594080139121E-018  -4.9881171579708321E-034  -1.2099920578072408E-034   1.5315355763640229E-034   7.1875346602517283E-033   1.5781490239643689E-034   7.2104018039406514E-033  -3.5056971911038609E-034   3.1698006363515375E-034   5.3242789349286364E-033   3.1322754758574372E-034  -1.2290891501152054E-032  -2.2621735982341542E-033   1.2601661931228800E-032   5.6582989155547101E-035   5.1545707733655262E-034  -2.2643137380501755E-034  -3.2057581476439673E-035  -1.3304698291418755E-030  -9.9822800576100785E-029  -2.8370096833805003E-029  -5.1890569326673781E-029   1.7746305454884178E-017  -1.3938184043844730E-020  -7.5182844442498672E-018   2.2402530421931994E-017  -1.7595244985653241E-020  -9.4909104552063743E-018   1.2705468911054081E-017  -9.9790440605150164E-021  -5.3827163920808032E-018  -2.3150794602014631E-034   8.3105314185385700E-035   1.0217949672403339E-033   7.7521623778378853E-034  -6.0288526102662861E-034   4.6086831389741620E-033   7.7398951592845557E-035  -8.7627760984881961E-034  -8.2125635702071518E-033  -9.3083337381099240E-033  -1.0756107567726477E-035  -1.1240024284535988E-033   5.6582989155547101E-035   2.2619973439372268E-033  -5.7320379634509105E-033   2.8199746473475809E-033  -1.9753492818478777E-033   1.4715717357239934E-017   7.8234581495059485E-018   2.9100369123844740E-018   4.1092708143743257E-018  -2.2791116779677927E-017   5.5074342065144731E-020   7.1403716395366846E-017  -2.8770984941320056E-017   6.9524590722264772E-020   9.0138419675739228E-017  -1.6317302011315520E-017   3.9430479920701693E-020   5.1121496871641327E-017  -7.4304209448483461E-034  -1.6859165263650219E-034  -3.2724961304336633E-033  -4.9442909535415886E-033   8.6273334371963185E-033  -2.1049635726648532E-032  -3.6833165530861135E-034   2.5864964631882111E-033   4.8318221301715049E-032   5.3291611377207002E-032   7.2391972694681190E-034   1.4283134193127258E-033   5.1545707733655262E-034  -5.7320379634509105E-033   3.4593115477073654E-032  -1.4099906108421387E-032   6.1741813918531583E-033  -1.2394356534227847E-019   8.7662385343999283E-022  -5.5752900806538861E-021   9.5651842221127084E-023   1.4291238756832983E-017   1.9319322772031538E-019  -2.7861536579646168E-017   1.8040933186401855E-017   2.4388271532450549E-019  -3.5171767014497629E-017   1.0231813612529631E-017   1.3831670794052542E-019  -1.9947469501572355E-017   1.7507962804223732E-034   3.8084463382980124E-034   1.3544940284692823E-033   2.0325117313945896E-033  -3.3158822839534444E-033   9.0056026809034329E-033   5.7949972812902362E-034  -9.0436294187323816E-034  -1.9856469655639375E-032  -2.1867409005915613E-032   2.1059954823263394E-035  -8.8027844278560004E-034  -2.2643137380501755E-034   2.8199746473475809E-033  -1.4099906108421387E-032   5.9710668501377851E-033  -2.7830820134398820E-033   3.6625940327661298E-020   1.3041497069481373E-017   3.7000218376132296E-018   6.7789000725625555E-018  -1.4474696177158020E-017   5.7529611834313591E-020   8.9795449642867171E-018  -1.8272525640978356E-017   7.2624067164658229E-020   1.1335572339209050E-017  -1.0363159968331270E-017   4.1188330522310097E-020   6.4289059866123801E-018   9.7898532184431426E-035   1.2731127001287097E-033  -1.6734405983157483E-033  -6.5717917017396154E-034   6.7247360230727663E-034  -4.5341958018787798E-033   1.8546532190808999E-033   2.2312961585096261E-033   8.9774657635544793E-033   1.0504826473208951E-032   1.7862065435492874E-035   9.2064003368579893E-034  -3.2057581476439673E-035  -1.9753492818478777E-033   6.1741813918531583E-033  -2.7830820134398820E-033   2.2049254597002437E-033
