  0.95022194700336604        4.8685312021948994E-003   4.6029815320580869E-002   5.2906025452651396E-003  -2.0884578212798353E-017   7.6000009461347470E-017   4.9131305638296647E-017  -2.4476080379301548E-017  -1.1949001726936189E-016   5.5695289764747264E-017  -1.4776033159542600E-017  -1.9496137379545681E-017   3.1243556337611044E-017  -1.3911253644975278E-017  -3.1958930935348343E-018  -1.0709625659624978E-017   2.4684506570010282E-018  -2.7751633686650649E-018   4.6704105774387539E-018   2.0912225654361283E-018  -1.4706349857078476E-018   7.3716281107710290E-019  -2.2249152736451052E-018   1.0927035420327048E-018   1.7411180345285271E-019   3.7562338293907021E-018   1.7355860880355202E-019   2.7076710268214632E-017  -2.6600905210091524E-019   1.5973425816560290E-020   4.8685312021948994E-003  0.38829968007550231       0.11034258359525680       0.20184705160700089       -1.6439047177569388E-017   1.4348945174287242E-016   7.3531106127731423E-017  -3.4476976683808759E-017   1.6887914179258405E-016   1.0165083165066994E-016  -2.0319724079011484E-017   1.0184723586306030E-016   4.0730907976632934E-017  -5.7046754447014568E-019   1.6234855918310701E-017  -2.5034869266650382E-017   5.5864178934187205E-018   6.9672965788951463E-019   1.3578351947684916E-018   6.2469063080259843E-017   3.8961831846272316E-017   7.7103907478379739E-018   3.8423329865057702E-017  -1.9674002224287259E-021   1.6795857948458520E-021   2.4553398098662729E-020   3.6569219897617193E-020  -5.3235917641685979E-018  -3.0208419000644696E-019   1.8778853024707443E-018   4.6029815320580869E-002  0.11034258359525680        3.3453749384100125E-002   5.7488277102583960E-002   2.4341397410356706E-017  -1.7049452412641011E-017  -3.2998731072906964E-017   2.6924700385445123E-017  -3.5121839660368528E-017  -3.9451023310166984E-017   1.5010849936745334E-017  -1.5930071400684808E-017  -2.7188678758095366E-017  -8.1543737675300153E-019   4.4537027500439723E-018  -7.6026009492581241E-018   1.7001814677747736E-018   6.7178356346241788E-020   6.0450828672534805E-019   1.7813206975907810E-017   1.0979673434669649E-017   2.2211465141255307E-018   1.0791523066637659E-017   5.0786236282091333E-020   8.6574928041860136E-021   1.8346143070425619E-019   1.8525483384291862E-020  -2.3737603484622248E-019  -9.8164157791179295E-020   5.3328029405078855E-019   5.2906025452651396E-003  0.20184705160700089        5.7488277102583960E-002  0.10493272853603028        1.2895023224858047E-017  -1.5448651917750658E-016  -5.2662155455813540E-017   9.1499539930541097E-018  -2.0201787325546602E-016  -6.1909803888145669E-017   4.7884328497462480E-018  -1.1127881711401267E-016  -4.3907468161102257E-017  -3.3692779793466639E-019   8.4293752898499982E-018  -1.3043892792174492E-017   2.9109141394966857E-018   3.5408991812936145E-019   7.1934996157945382E-019   3.2476646401504594E-017   2.0247560494594536E-017   4.0098977570291255E-018   1.9965463588198408E-017   2.1512287917502481E-021   1.3787494895153895E-021   2.3672846108804899E-020   1.9512301582288228E-020  -2.6884840745258892E-018  -1.5779191485204180E-019   9.7614572279363256E-019  -2.0884578212798353E-017  -1.6439047177569388E-017   2.4341397410356706E-017   1.2895023224858047E-017  0.16421600403320907       -2.8189256484623115E-017   2.7755575615628914E-017  0.20730252856494918       -2.3852447794681098E-017  -1.5265566588595902E-016  0.11757045503245864        1.2576745200831851E-017   2.0816681711721685E-017   7.1167890097779399E-018   3.0420512993909269E-018  -1.8834542679710388E-017  -1.2850481320167675E-017  -2.2878254242582118E-017   3.9698185104847124E-017  -5.3544440014563457E-018  -2.0312359374644782E-017   1.4217650967618805E-017   2.8881111682128973E-017  -2.4648440970266185E-020   1.5052584435785671E-018   3.1789396596916103E-018  -1.3423797738767992E-017  -1.0830322536578353E-017  -1.0592408467137302E-017  -1.8436420464054448E-017   7.6000009461347470E-017   1.4348945174287242E-016  -1.7049452412641011E-017  -1.5448651917750658E-016  -2.8189256484623115E-017  0.16421600403320952        5.4969050145015075E-017  -2.7321894746634712E-017  0.20730252856494857        6.8304736866586779E-017  -1.0842021724855044E-018  0.11757045503245914        4.8680677544599149E-017  -9.3798671742844963E-017   1.9996165541625116E-018  -8.9118957373107291E-019  -3.3732182369802853E-020   4.9320367333492858E-019  -6.1041527060643991E-017  -7.7235008471113052E-019   7.7458386920138639E-018  -3.6484062064253961E-018   1.2721477508241455E-017   4.6306962681025076E-017   1.2615631232736556E-017  -7.1823088370762306E-017  -4.1115737739404550E-019   3.4015490289471283E-019   5.4991536588010759E-019  -1.6285817585247948E-019   4.9131305638296647E-017   7.3531106127731423E-017  -3.2998731072906964E-017  -5.2662155455813540E-017   2.7755575615628914E-017   5.4969050145015075E-017  0.16421600403320930        1.5265566588595902E-016  -9.8879238130678004E-017  0.20730252856494924        3.4694469519536142E-017   4.2175464509686122E-017  0.11757045503245875        1.4497919048921100E-017  -2.3803886705814998E-018  -9.0923079394120725E-017  -9.8337058420996622E-017  -7.7427388646245917E-017  -9.0167701106550342E-018   1.9841073958640515E-018  -1.1446656348180804E-016   3.9817986199962243E-017   1.2572759484699595E-016   2.6993918359871424E-019  -5.6241797131746086E-018   2.3634010489542137E-019   4.7995772725855678E-018  -9.0975355474505057E-018  -5.6693003970417861E-017   2.7162289828077256E-018  -2.4476080379301548E-017  -3.4476976683808759E-017   2.6924700385445123E-017   9.1499539930541097E-018  0.20730252856494918       -2.7321894746634712E-017   1.5265566588595902E-016  0.26169397192694416       -1.9515639104739080E-017  -4.1633363423443370E-017  0.14841825409313633        2.1900883884207190E-017   1.1796119636642288E-016   8.9840717150312330E-018   3.8402160014836190E-018  -2.3776296012408385E-017  -1.6222153782335947E-017  -2.8880985026769670E-017   5.0114081146499989E-017  -6.7593276739144973E-018  -2.5641858016666182E-017   1.7948037483881544E-017   3.6458854998452398E-017  -3.1115628275100060E-020   1.9002038402692596E-018   4.0130207374684411E-018  -1.6945895319851366E-017  -1.3671951526433531E-017  -1.3371614245261308E-017  -2.3273715630738168E-017  -1.1949001726936189E-016   1.6887914179258405E-016  -3.5121839660368528E-017  -2.0201787325546602E-016  -2.3852447794681098E-017  0.20730252856494857       -9.8879238130678004E-017  -1.9515639104739080E-017  0.26169397192694194       -1.2598429244281562E-016   6.9388939039072284E-018  0.14841825409313616       -5.9089018400459992E-017  -1.1840929842862967E-016   2.5242702151879712E-018  -1.1250173401356983E-018  -4.2582735710970366E-020   6.2260903973274085E-019  -7.7057427999393951E-017  -9.7499708655431130E-019   9.7781696501759847E-018  -4.6056645713476930E-018   1.6059302319932427E-017   5.8456850843830575E-017   1.5925684401992538E-017  -9.0667824468507602E-017  -5.1903567178922763E-019   4.2940377150803552E-019   6.9420058364482256E-019  -2.0558843731739587E-019   5.5695289764747264E-017   1.0165083165066994E-016  -3.9451023310166984E-017  -6.1909803888145669E-017  -1.5265566588595902E-016   6.8304736866586779E-017  0.20730252856494924       -4.1633363423443370E-017  -1.2598429244281562E-016  0.26169397192694394       -8.3266726846886741E-017   5.2583805365546965E-017  0.14841825409313630        1.8301841501169976E-017  -3.0049482283049046E-018  -1.1477921640025484E-016  -1.2413845399738980E-016  -9.7742564989596594E-017  -1.1382564412233814E-017   2.5046918083809706E-018  -1.4449997237248772E-016   5.0265315309628091E-017   1.5871564087566579E-016   3.4076505300576488E-019  -7.0998358686709164E-018   2.9835034431977560E-019   6.0588766028470781E-018  -1.1484520852879871E-017  -7.1567951882653303E-017   3.4289053592095290E-018  -1.4776033159542600E-017  -2.0319724079011484E-017   1.5010849936745334E-017   4.7884328497462480E-018  0.11757045503245864       -1.0842021724855044E-018   3.4694469519536142E-017  0.14841825409313633        6.9388939039072284E-018  -8.3266726846886741E-017   8.4174572252677729E-002   2.2659825404947043E-017   2.0816681711721685E-017   5.0952653925276503E-018   2.1779567564507616E-018  -1.3484591628073004E-017  -9.2003026446356053E-018  -1.6379687092524205E-017   2.8421917304696931E-017  -3.8335144092882315E-018  -1.4542634553309850E-017   1.0179127811547404E-017   2.0677433130235483E-017  -1.7647052355067406E-020   1.0776898463391763E-018   2.2759619837971931E-018  -9.6107685587786983E-018  -7.7539698780899963E-018  -7.5836352900120223E-018  -1.3199556010937084E-017  -1.9496137379545681E-017   1.0184723586306030E-016  -1.5930071400684808E-017  -1.1127881711401267E-016   1.2576745200831851E-017  0.11757045503245914        4.2175464509686122E-017   2.1900883884207190E-017  0.14841825409313616        5.2583805365546965E-017   2.2659825404947043E-017   8.4174572252678243E-002   3.6862873864507151E-017  -6.7155163001143056E-017   1.4316255565187240E-018  -6.3804721300219344E-019  -2.4150557394237322E-020   3.5310919078228432E-019  -4.3702683880584106E-017  -5.5296407581250433E-019   5.5456335391277041E-018  -2.6120765777855337E-018   9.1079423600313241E-018   3.3153471889854359E-017   9.0321617146072241E-018  -5.1421743156527892E-017  -2.9436814173358562E-019   2.4353391711300544E-019   3.9371192945841021E-019  -1.1659831788904499E-019   3.1243556337611044E-017   4.0730907976632934E-017  -2.7188678758095366E-017  -4.3907468161102257E-017   2.0816681711721685E-017   4.8680677544599149E-017  0.11757045503245875        1.1796119636642288E-016  -5.9089018400459992E-017  0.14841825409313630        2.0816681711721685E-017   3.6862873864507151E-017   8.4174572252677771E-002   1.0379785756208626E-017  -1.7042393693721831E-018  -6.5096382537461708E-017  -7.0404421135299156E-017  -5.5434142175772549E-017  -6.4555569420529888E-018   1.4205217739790354E-018  -8.1952340965722291E-017   2.8507688903811116E-017   9.0014676847870460E-017   1.9326296991353870E-019  -4.0266317035003491E-018   1.6920770809496618E-019   3.4362575512872470E-018  -6.5133809599423685E-018  -4.0589358590232613E-017   1.9446842551136195E-018  -1.3911253644975278E-017  -5.7046754447014568E-019  -8.1543737675300153E-019  -3.3692779793466639E-019   7.1167890097779399E-018  -9.3798671742844963E-017   1.4497919048921100E-017   8.9840717150312330E-018  -1.1840929842862967E-016   1.8301841501169976E-017   5.0952653925276503E-018  -6.7155163001143056E-017   1.0379785756208626E-017   5.5369627189463570E-032  -1.1945862354141297E-033  -8.1455111889895629E-033  -9.2627030197588965E-033  -8.0692247061739678E-033   3.5720656660429549E-032   2.7336057013858377E-034  -1.5438976536966639E-032   6.1947574421734204E-033   5.0683606409544512E-033  -2.6443335259599685E-032  -7.6397821767082576E-033   4.1128323898435229E-032   7.4236206350865597E-035  -1.8562200007254141E-033  -5.7740586608007954E-033  -4.6881802992045331E-034  -3.1958930935348343E-018   1.6234855918310701E-017   4.4537027500439723E-018   8.4293752898499982E-018   3.0420512993909269E-018   1.9996165541625116E-018  -2.3803886705814998E-018   3.8402160014836190E-018   2.5242702151879712E-018  -3.0049482283049046E-018   2.1779567564507616E-018   1.4316255565187240E-018  -1.7042393693721831E-018  -1.1945862354141297E-033   8.0615041780841449E-034  -5.1300311187330081E-035   1.4119680704721755E-033   7.4363004685663664E-034   1.6293449049992417E-034   2.4698046100271449E-033   3.0132940223316440E-033  -3.8147783736833752E-035   4.8360681435074213E-034   5.5550684135460408E-034   2.6247430336366811E-034  -8.3151969113053666E-034  -3.2234080078549229E-034  -3.8430611786979736E-034   6.2057495320437447E-034  -3.0434346484682216E-034  -1.0709625659624978E-017  -2.5034869266650382E-017  -7.6026009492581241E-018  -1.3043892792174492E-017  -1.8834542679710388E-017  -8.9118957373107291E-019  -9.0923079394120725E-017  -2.3776296012408385E-017  -1.1250173401356983E-018  -1.1477921640025484E-016  -1.3484591628073004E-017  -6.3804721300219344E-019  -6.5096382537461708E-017  -8.1455111889895629E-033  -5.1300311187330081E-035   5.4235124423370021E-032   5.5534877843856769E-032   4.5476832446759726E-032   6.3208287108027162E-034  -4.5221300043336756E-033   6.3174930689434491E-032  -2.4161409032114100E-032  -7.5442002274395672E-032  -4.0976644385632030E-034   2.8708736270815905E-033  -1.4835860975402607E-034  -1.1198239803518990E-033   6.3236962047488411E-033   3.2624012947563309E-032   4.9051406277935901E-034   2.4684506570010282E-018   5.5864178934187205E-018   1.7001814677747736E-018   2.9109141394966857E-018  -1.2850481320167675E-017  -3.3732182369802853E-020  -9.8337058420996622E-017  -1.6222153782335947E-017  -4.2582735710970366E-020  -1.2413845399738980E-016  -9.2003026446356053E-018  -2.4150557394237322E-020  -7.0404421135299156E-017  -9.2627030197588965E-033   1.4119680704721755E-033   5.5534877843856769E-032   5.9978961983984872E-032   4.8158848586769998E-032   2.3367867959228447E-033   1.3306076163532399E-034   7.0689241780632321E-032  -2.4843391701412594E-032  -7.7005843395280076E-032  -1.6650027951471188E-034   3.2479938566203634E-033  -3.6570275815974549E-034  -1.8226118187442457E-033   6.2872214918470434E-033   3.4773101982271013E-032  -1.5680645650857816E-034  -2.7751633686650649E-018   6.9672965788951463E-019   6.7178356346241788E-020   3.5408991812936145E-019  -2.2878254242582118E-017   4.9320367333492858E-019  -7.7427388646245917E-017  -2.8880985026769670E-017   6.2260903973274085E-019  -9.7742564989596594E-017  -1.6379687092524205E-017   3.5310919078228432E-019  -5.5434142175772549E-017  -8.0692247061739678E-033   7.4363004685663664E-034   4.5476832446759726E-032   4.8158848586769998E-032   3.9705040069628264E-032  -1.4738207448524982E-033  -8.3593527419300905E-035   5.6899457779178364E-032  -2.0753844421465430E-032  -6.3188790037577662E-032   1.2030836856105700E-035   2.4794579186670649E-033  -7.8099020581597050E-034  -3.9448634823503233E-034   5.7102633310780836E-033   2.8208185118097713E-032   1.2907343991663252E-033   4.6704105774387539E-018   1.3578351947684916E-018   6.0450828672534805E-019   7.1934996157945382E-019   3.9698185104847124E-017  -6.1041527060643991E-017  -9.0167701106550342E-018   5.0114081146499989E-017  -7.7057427999393951E-017  -1.1382564412233814E-017   2.8421917304696931E-017  -4.3702683880584106E-017  -6.4555569420529888E-018   3.5720656660429549E-032   1.6293449049992417E-034   6.3208287108027162E-034   2.3367867959228447E-033  -1.4738207448524982E-033   3.2809458995404370E-032  -8.9140021112462022E-034  -1.3778499536974213E-033   2.6369679728679076E-033  -4.5292785106775057E-033  -1.7228421314462602E-032  -4.0158598397106498E-033   2.7471700502643796E-032  -3.3548447803029372E-033  -2.1307571788130250E-033   3.4549835011137561E-034  -4.5389647900162689E-033   2.0912225654361283E-018   6.2469063080259843E-017   1.7813206975907810E-017   3.2476646401504594E-017  -5.3544440014563457E-018  -7.7235008471113052E-019   1.9841073958640515E-018  -6.7593276739144973E-018  -9.7499708655431130E-019   2.5046918083809706E-018  -3.8335144092882315E-018  -5.5296407581250433E-019   1.4205217739790354E-018   2.7336057013858377E-034   2.4698046100271449E-033  -4.5221300043336756E-033   1.3306076163532399E-034  -8.3593527419300905E-035  -8.9140021112462022E-034   1.0253921290564894E-032   5.5082800310137354E-033   1.2759877889956786E-033   6.6953069207657859E-033  -2.1254064915118779E-034  -1.7585834808510423E-034   2.4612562505840111E-034   5.0374294696235943E-034  -5.7747038150613947E-034  -3.9115105475253693E-034   9.3682500847658416E-034  -1.4706349857078476E-018   3.8961831846272316E-017   1.0979673434669649E-017   2.0247560494594536E-017  -2.0312359374644782E-017   7.7458386920138639E-018  -1.1446656348180804E-016  -2.5641858016666182E-017   9.7781696501759847E-018  -1.4449997237248772E-016  -1.4542634553309850E-017   5.5456335391277041E-018  -8.1952340965722291E-017  -1.5438976536966639E-032   3.0132940223316440E-033   6.3174930689434491E-032   7.0689241780632321E-032   5.6899457779178364E-032  -1.3778499536974213E-033   5.5082800310137354E-033   8.6580086775441687E-032  -2.8913454599564016E-032  -8.6749638244286909E-032   1.9966720633910856E-033   4.3290089223446578E-033  -3.9510280254252820E-033  -1.7011917927009682E-033   7.1069706982668885E-033   4.0824163126619861E-032   5.6787094050336999E-034   7.3716281107710290E-019   7.7103907478379739E-018   2.2211465141255307E-018   4.0098977570291255E-018   1.4217650967618805E-017  -3.6484062064253961E-018   3.9817986199962243E-017   1.7948037483881544E-017  -4.6056645713476930E-018   5.0265315309628091E-017   1.0179127811547404E-017  -2.6120765777855337E-018   2.8507688903811116E-017   6.1947574421734204E-033  -3.8147783736833752E-035  -2.4161409032114100E-032  -2.4843391701412594E-032  -2.0753844421465430E-032   2.6369679728679076E-033   1.2759877889956786E-033  -2.8913454599564016E-032   1.1120338015060640E-032   3.3464579098885386E-032  -9.6479069967713467E-034  -1.5135216077973913E-033   1.9312567797961129E-033   1.1528147607653810E-035  -3.2385567498246108E-033  -1.4682008671803745E-032  -8.9669135144219323E-034  -2.2249152736451052E-018   3.8423329865057702E-017   1.0791523066637659E-017   1.9965463588198408E-017   2.8881111682128973E-017   1.2721477508241455E-017   1.2572759484699595E-016   3.6458854998452398E-017   1.6059302319932427E-017   1.5871564087566579E-016   2.0677433130235483E-017   9.1079423600313241E-018   9.0014676847870460E-017   5.0683606409544512E-033   4.8360681435074213E-034  -7.5442002274395672E-032  -7.7005843395280076E-032  -6.3188790037577662E-032  -4.5292785106775057E-033   6.6953069207657859E-033  -8.6749638244286909E-032   3.3464579098885386E-032   1.0613468414288881E-031   3.7863348203988018E-033  -3.0642916374437779E-033  -4.8322210465221408E-033   1.2850625506345389E-033  -9.4477981090313045E-033  -4.5254943110993285E-032  -9.8962764175952362E-034   1.0927035420327048E-018  -1.9674002224287259E-021   5.0786236282091333E-020   2.1512287917502481E-021  -2.4648440970266185E-020   4.6306962681025076E-017   2.6993918359871424E-019  -3.1115628275100060E-020   5.8456850843830575E-017   3.4076505300576488E-019  -1.7647052355067406E-020   3.3153471889854359E-017   1.9326296991353870E-019  -2.6443335259599685E-032   5.5550684135460408E-034  -4.0976644385632030E-034  -1.6650027951471188E-034   1.2030836856105700E-035  -1.7228421314462602E-032  -2.1254064915118779E-034   1.9966720633910856E-033  -9.6479069967713467E-034   3.7863348203988018E-033   1.3059717594792363E-032   3.5481873769183807E-033  -2.0249027143409267E-032  -1.0583815648192696E-034   1.1383385188182827E-034   6.3167185259737679E-035  -3.8710077422149246E-035   1.7411180345285271E-019   1.6795857948458520E-021   8.6574928041860136E-021   1.3787494895153895E-021   1.5052584435785671E-018   1.2615631232736556E-017  -5.6241797131746086E-018   1.9002038402692596E-018   1.5925684401992538E-017  -7.0998358686709164E-018   1.0776898463391763E-018   9.0321617146072241E-018  -4.0266317035003491E-018  -7.6397821767082576E-033   2.6247430336366811E-034   2.8708736270815905E-033   3.2479938566203634E-033   2.4794579186670649E-033  -4.0158598397106498E-033  -1.7585834808510423E-034   4.3290089223446578E-033  -1.5135216077973913E-033  -3.0642916374437779E-033   3.5481873769183807E-033   1.1756259215334009E-033  -5.4959604560738468E-033  -3.1898075927473625E-034   2.4338627467240118E-034   1.8867634583364750E-033  -2.7452616690123180E-034   3.7562338293907021E-018   2.4553398098662729E-020   1.8346143070425619E-019   2.3672846108804899E-020   3.1789396596916103E-018  -7.1823088370762306E-017   2.3634010489542137E-019   4.0130207374684411E-018  -9.0667824468507602E-017   2.9835034431977560E-019   2.2759619837971931E-018  -5.1421743156527892E-017   1.6920770809496618E-019   4.1128323898435229E-032  -8.3151969113053666E-034  -1.4835860975402607E-034  -3.6570275815974549E-034  -7.8099020581597050E-034   2.7471700502643796E-032   2.4612562505840111E-034  -3.9510280254252820E-033   1.9312567797961129E-033  -4.8322210465221408E-033  -2.0249027143409267E-032  -5.4959604560738468E-033   3.1489963035797653E-032  -7.2439788622039613E-035  -2.6456330049918025E-034  -5.2821545859784142E-034  -2.8167018640536922E-034   1.7355860880355202E-019   3.6569219897617193E-020   1.8525483384291862E-020   1.9512301582288228E-020  -1.3423797738767992E-017  -4.1115737739404550E-019   4.7995772725855678E-018  -1.6945895319851366E-017  -5.1903567178922763E-019   6.0588766028470781E-018  -9.6107685587786983E-018  -2.9436814173358562E-019   3.4362575512872470E-018   7.4236206350865597E-035  -3.2234080078549229E-034  -1.1198239803518990E-033  -1.8226118187442457E-033  -3.9448634823503233E-034  -3.3548447803029372E-033   5.0374294696235943E-034  -1.7011917927009682E-033   1.1528147607653810E-035   1.2850625506345389E-033  -1.0583815648192696E-034  -3.1898075927473625E-034  -7.2439788622039613E-035   1.2386678355866446E-033   6.2301839602126307E-034  -7.9255809316399911E-034   1.5870518103981432E-033   2.7076710268214632E-017  -5.3235917641685979E-018  -2.3737603484622248E-019  -2.6884840745258892E-018  -1.0830322536578353E-017   3.4015490289471283E-019  -9.0975355474505057E-018  -1.3671951526433531E-017   4.2940377150803552E-019  -1.1484520852879871E-017  -7.7539698780899963E-018   2.4353391711300544E-019  -6.5133809599423685E-018  -1.8562200007254141E-033  -3.8430611786979736E-034   6.3236962047488411E-033   6.2872214918470434E-033   5.7102633310780836E-033  -2.1307571788130250E-033  -5.7747038150613947E-034   7.1069706982668885E-033  -3.2385567498246108E-033  -9.4477981090313045E-033   1.1383385188182827E-034   2.4338627467240118E-034  -2.6456330049918025E-034   6.2301839602126307E-034   2.0673840681981399E-033   3.8371586261582737E-033   1.0391349986069278E-033  -2.6600905210091524E-019  -3.0208419000644696E-019  -9.8164157791179295E-020  -1.5779191485204180E-019  -1.0592408467137302E-017   5.4991536588010759E-019  -5.6693003970417861E-017  -1.3371614245261308E-017   6.9420058364482256E-019  -7.1567951882653303E-017  -7.5836352900120223E-018   3.9371192945841021E-019  -4.0589358590232613E-017  -5.7740586608007954E-033   6.2057495320437447E-034   3.2624012947563309E-032   3.4773101982271013E-032   2.8208185118097713E-032   3.4549835011137561E-034  -3.9115105475253693E-034   4.0824163126619861E-032  -1.4682008671803745E-032  -4.5254943110993285E-032   6.3167185259737679E-035   1.8867634583364750E-033  -5.2821545859784142E-034  -7.9255809316399911E-034   3.8371586261582737E-033   2.0257761837789366E-032   2.4946284902950951E-034   1.5973425816560290E-020   1.8778853024707443E-018   5.3328029405078855E-019   9.7614572279363256E-019  -1.8436420464054448E-017  -1.6285817585247948E-019   2.7162289828077256E-018  -2.3273715630738168E-017  -2.0558843731739587E-019   3.4289053592095290E-018  -1.3199556010937084E-017  -1.1659831788904499E-019   1.9446842551136195E-018  -4.6881802992045331E-034  -3.0434346484682216E-034   4.9051406277935901E-034  -1.5680645650857816E-034   1.2907343991663252E-033  -4.5389647900162689E-033   9.3682500847658416E-034   5.6787094050336999E-034  -8.9669135144219323E-034  -9.8962764175952362E-034  -3.8710077422149246E-035  -2.7452616690123180E-034  -2.8167018640536922E-034   1.5870518103981432E-033   1.0391349986069278E-033   2.4946284902950951E-034   2.1240159153829794E-033
