  0.95022194700336526        4.8685312021947546E-003   4.6029815320581507E-002   5.2906025452658378E-003   4.4720525822600543E-018   1.0757234841203806E-016  -6.3420092161536358E-018   7.4290805819186670E-018   2.2991691890512734E-016  -5.4978827750000908E-018  -6.3807951694108462E-019  -3.9502909035473250E-016  -3.7460460972870822E-018  -1.4201609538146119E-016  -5.4807514289544998E-017   1.2027981080481826E-017   1.9447152579081468E-017  -1.9679270829610143E-017   1.3517627687285038E-018   8.7562243092379340E-018  -3.4898004148566997E-018  -8.4805037527882440E-018   4.2289305324615173E-018  -1.8264967767945831E-018   4.2672193612904558E-017   2.1712202323069771E-017  -3.9457166054747485E-020  -4.2421109620619594E-017  -1.6078703867003072E-019  -5.7997696024239150E-019   4.8685312021947546E-003  0.38829968007550508       0.11034258359525720       0.20184705160699973       -6.3854674657524667E-019  -6.4101905125905305E-017  -1.5561095814895084E-017  -2.5395555348591657E-018  -2.6523664921756285E-016   1.1055308816083545E-017   7.9982544374780046E-018   1.8905198709383685E-017  -1.0365994540949615E-017  -3.7109720380185722E-017   1.6846036729677629E-017  -9.7943048940596854E-018   5.5142681209296323E-017  -5.5905393949736558E-017   2.1546343939115715E-016   1.1541404876771392E-016  -4.9523406828338697E-017  -1.2353500687435402E-016   1.4930096914684597E-016   1.7761670912389596E-019  -3.1426902912970633E-018  -3.7932428675083625E-018  -1.5447196840756217E-018   2.3090682917507512E-017  -1.1642205377670496E-017   5.4882880958677134E-017   4.6029815320581507E-002  0.11034258359525720        3.3453749384100194E-002   5.7488277102583467E-002  -6.5622363659495685E-018   7.4073603422663726E-017  -8.0172823379709882E-018  -8.6917821825848761E-018   4.5663154876307384E-017  -1.2972958239210495E-018  -2.4808766163921721E-018   4.9228095090798049E-017  -5.4828744405095690E-018  -1.7196632933323342E-017   2.2018849432708616E-018  -2.2122909201182799E-018   1.6551118998788035E-017  -1.6778315492897855E-017   6.1164526316341073E-017   3.3140494625187943E-017  -1.4207801174815765E-017  -3.5430476070285953E-017   4.2537400487281911E-017  -3.5455305660227272E-020   1.1138862411035299E-018  -5.5468959572097557E-020  -4.3990482045988774E-019   4.5547530538194433E-018  -3.3090456018313372E-018   1.5536406613973355E-017   5.2906025452658378E-003  0.20184705160699973        5.7488277102583467E-002  0.10493272853602834       -2.8261780545019304E-018  -9.6778358318787013E-017   4.0458579429994762E-019  -4.4635552859460401E-018  -2.1770229728850644E-016   1.6475094748960212E-017   2.3604582723668158E-018  -3.6977947545317808E-017   6.9479124688655474E-019  -1.9701628309617251E-017   8.5971481463171549E-018  -5.0560105631942568E-018   2.8718904286348651E-017  -2.9116026239236948E-017   1.1199890162546258E-016   6.0016091425198205E-017  -2.5751732049463534E-017  -6.4236454518510692E-017   7.7616903383497092E-017   8.7017531996437675E-020  -1.5095825508973858E-018  -1.9086111620156673E-018  -8.0303896088585072E-019   1.1879008030259535E-017  -6.0519275722194630E-018   2.8525693019389154E-017   4.4720525822600543E-018  -6.3854674657524667E-019  -6.5622363659495685E-018  -2.8261780545019304E-018  0.16421600403321013        1.1167282376600696E-017   6.9388939039072284E-018  0.20730252856494891       -2.9951085014912060E-018   7.6327832942979512E-017  0.11757045503245932       -7.3590222457453613E-018  -8.5001450322863548E-017   6.2211997024230225E-017  -2.5328782857559085E-017  -4.4703203445847739E-017   6.7368493128250808E-017  -7.7134862245498688E-017   1.7485600113072788E-017  -4.3393312555691111E-017   1.2183319241328293E-016   1.3052364451952468E-016  -6.9421249877753121E-017   3.2116778149767999E-020  -3.1272712245079579E-017  -4.1397945392044924E-019  -3.4148521102105712E-018   2.1528151287161443E-017  -1.7480893277694973E-017  -2.8041383578306352E-017   1.0757234841203806E-016  -6.4101905125905305E-017   7.4073603422663726E-017  -9.6778358318787013E-017   1.1167282376600696E-017  0.16421600403320943        2.1033522146218786E-017   1.7896112109588858E-017  0.20730252856494877        2.9598719308854271E-017   1.1248597539537109E-018  0.11757045503245873        1.0896231833479320E-017   7.7264369530250722E-017   1.3217928194367976E-018  -1.1707518361152572E-019   3.0139858688507876E-017  -3.9472272935004491E-018   8.9363674064077121E-017   1.2806009235113361E-017  -1.6657224954259789E-018   1.0795169107202241E-017   1.3035784956032495E-018   3.3561547118985799E-017   1.9658303659557737E-017  -2.9605045011060773E-017  -3.3093472935774418E-019  -3.4990369614486650E-018  -8.5028850482500113E-019   3.0938342145139142E-019  -6.3420092161536358E-018  -1.5561095814895084E-017  -8.0172823379709882E-018   4.0458579429994762E-019   6.9388939039072284E-018   2.1033522146218786E-017  0.16421600403320988        8.3266726846886741E-017  -1.8973538018496328E-017  0.20730252856494882       -2.2551405187698492E-017  -7.3725747729014302E-018  0.11757045503245879       -4.6220553404683264E-017  -5.0651460123182059E-019  -1.4546286681449674E-017   1.8526309870448743E-017  -2.9539665803489875E-017   4.7388748155854826E-018  -1.5353972814576399E-018  -4.4793833886451424E-018   9.7001599363150157E-017  -5.5052558584581862E-017  -1.4982784602005772E-018  -4.3385326682299195E-017   4.2939875318117200E-018  -1.7179610493591937E-017   1.0063446904091324E-017   1.4787457178158027E-017  -1.4426648857966071E-017   7.4290805819186670E-018  -2.5395555348591657E-018  -8.6917821825848761E-018  -4.4635552859460401E-018  0.20730252856494891        1.7896112109588858E-017   8.3266726846886741E-017  0.26169397192694188        9.3512437376874757E-019   1.9081958235744878E-016  0.14841825409313608       -6.6610670972078179E-018  -5.3776427755281020E-017   7.8535002517719532E-017  -3.1974476317074766E-017  -5.6432301856544098E-017   8.5044445292143652E-017  -9.7373286350136221E-017   2.2073421760905137E-017  -5.4778725548483723E-017   1.5379943629188426E-016   1.6477006431686147E-016  -8.7635798474836735E-017   4.0543486361170795E-020  -3.9477956863315066E-017  -5.2259819666717803E-019  -4.3108312206820060E-018   2.7176645926999829E-017  -2.2067479959549621E-017  -3.5398801441222163E-017   2.2991691890512734E-016  -2.6523664921756285E-016   4.5663154876307384E-017  -2.1770229728850644E-016  -2.9951085014912060E-018  0.20730252856494877       -1.8973538018496328E-017   9.3512437376874757E-019  0.26169397192694260       -1.9949319973733282E-017  -1.0753930298340597E-017  0.14841825409313589       -1.8865117801247777E-017   9.7536773385122796E-017   1.6686010314367769E-018  -1.4779303477610146E-019   3.8047868437076134E-017  -4.9828894788947410E-018   1.1281065876862235E-016   1.6166013239051981E-017  -2.1027699901861456E-018   1.3627574640999574E-017   1.6456076855139403E-018   4.2367329672145912E-017   2.4816193037432431E-017  -3.7372731879597394E-017  -4.1776443526139305E-019  -4.4171042519329427E-018  -1.0733847659834990E-018   3.9055855694780679E-019  -5.4978827750000908E-018   1.1055308816083545E-017  -1.2972958239210495E-018   1.6475094748960212E-017   7.6327832942979512E-017   2.9598719308854271E-017  0.20730252856494882        1.9081958235744878E-016  -1.9949319973733282E-017  0.26169397192694205        1.9081958235744878E-017  -6.9931040125315036E-018  0.14841825409313558       -5.8347769749191853E-017  -6.3941245074499486E-019  -1.8362899694510465E-017   2.3387189961979065E-017  -3.7290198662906236E-017   5.9822472091390112E-018  -1.9382504200598486E-018  -5.6546711652426291E-018   1.2245260101907320E-016  -6.9497091137632435E-017  -1.8913924688556220E-018  -5.4768644364517047E-017   5.4206316747965354E-018  -2.1687147461963025E-017   1.2703865263189242E-017   1.8667347815004196E-017  -1.8211871641756581E-017  -6.3807951694108462E-019   7.9982544374780046E-018  -2.4808766163921721E-018   2.3604582723668158E-018  0.11757045503245932        1.1248597539537109E-018  -2.2551405187698492E-017  0.14841825409313608       -1.0753930298340597E-017   1.9081958235744878E-017   8.4174572252678159E-002  -1.0150842839895535E-017  -8.1532003370909933E-017   4.4540681900514091E-017  -1.8134143158052607E-017  -3.2005260397604254E-017   4.8232475504261739E-017  -5.5224707886786264E-017   1.2518816140440477E-017  -3.1067443959399833E-017   8.7226479260754878E-017   9.3448408813747811E-017  -4.9702146785881349E-017   2.2994008674580566E-020  -2.2389699654423466E-017  -2.9638860754200958E-019  -2.4448635127232541E-018   1.5413080824493358E-017  -1.2515446281452673E-017  -2.0076229758790588E-017  -3.9502909035473250E-016   1.8905198709383685E-017   4.9228095090798049E-017  -3.6977947545317808E-017  -7.3590222457453613E-018  0.11757045503245873       -7.3725747729014302E-018  -6.6610670972078179E-018  0.14841825409313589       -6.9931040125315036E-018  -1.0150842839895535E-017   8.4174572252677701E-002  -8.1857264022655585E-018   5.5317428632781536E-017   9.4633762497593651E-019  -8.3819982657916630E-020   2.1578633102686262E-017  -2.8260175477143872E-018   6.3979926225467924E-017   9.1684628534601934E-018  -1.1925740910455549E-018   7.7288017788414391E-018   9.3329707905700813E-019   2.4028391079194055E-017   1.4074363336432469E-017  -2.1195733227700155E-017  -2.3693273347928238E-019  -2.5051356605274205E-018  -6.0876409098913430E-019   2.2150307367231646E-019  -3.7460460972870822E-018  -1.0365994540949615E-017  -5.4828744405095690E-018   6.9479124688655474E-019  -8.5001450322863548E-017   1.0896231833479320E-017  0.11757045503245879       -5.3776427755281020E-017  -1.8865117801247777E-017  0.14841825409313558       -8.1532003370909933E-017  -8.1857264022655585E-018   8.4174572252677549E-002  -3.3091607164802961E-017  -3.6263915017298854E-019  -1.0414414564762928E-017   1.3263912335246522E-017  -2.1148924981274702E-017   3.3927976246308373E-018  -1.0992677485932772E-018  -3.2070147265387899E-018   6.9448299166355582E-017  -3.9414881646866854E-017  -1.0726925269445096E-018  -3.1061726473007055E-017   3.0742805549982335E-018  -1.2299742859432473E-017   7.2049252365788225E-018   1.0587080592080684E-017  -1.0328759859980232E-017  -1.4201609538146119E-016  -3.7109720380185722E-017  -1.7196632933323342E-017  -1.9701628309617251E-017   6.2211997024230225E-017   7.7264369530250722E-017  -4.6220553404683264E-017   7.8535002517719532E-017   9.7536773385122796E-017  -5.8347769749191853E-017   4.4540681900514091E-017   5.5317428632781536E-017  -3.3091607164802961E-017   9.7565295083459752E-032  -2.2446672884644207E-033  -1.3770461328253999E-032   2.6424407782577945E-032  -1.4594684136462999E-032   2.6945767306128218E-032  -2.2100771542209048E-032   5.1792967616803864E-032   4.0063674963901100E-032  -2.4810974953865689E-032   1.6480195091745622E-032   3.5505661438781757E-033  -1.8173888698144017E-032   3.5366303907584598E-033   7.8330579144307960E-033  -1.0069825223498596E-032  -1.1473377597856322E-032  -5.4807514289544998E-017   1.6846036729677629E-017   2.2018849432708616E-018   8.5971481463171549E-018  -2.5328782857559085E-017   1.3217928194367976E-018  -5.0651460123182059E-019  -3.1974476317074766E-017   1.6686010314367769E-018  -6.3941245074499486E-019  -1.8134143158052607E-017   9.4633762497593651E-019  -3.6263915017298854E-019  -2.2446672884644207E-033   7.8356199636192843E-033   5.8104718757320693E-033  -8.8992342259182125E-033   1.0630200139105217E-032   7.4335368811558854E-033   1.1384727484134267E-032  -2.0773629715658308E-032  -2.5302439696030100E-032   1.7228687223574695E-032   3.8340559718882496E-034   2.5060320093229438E-033  -1.6122441947937015E-033   5.1118174464513179E-034   9.5192004941946205E-035   2.1395803827587691E-033   6.8265836655478830E-033   1.2027981080481826E-017  -9.7943048940596854E-018  -2.2122909201182799E-018  -5.0560105631942568E-018  -4.4703203445847739E-017  -1.1707518361152572E-019  -1.4546286681449674E-017  -5.6432301856544098E-017  -1.4779303477610146E-019  -1.8362899694510465E-017  -3.2005260397604254E-017  -8.3819982657916630E-020  -1.0414414564762928E-017  -1.3770461328253999E-032   5.8104718757320693E-033   1.3860223556190129E-032  -2.1152779759057077E-032   2.4784683898224393E-032  -1.0695463463112471E-032   9.1218046793284243E-033  -3.1555229217798435E-032  -4.1104168784028335E-032   2.0037864154601540E-032   7.2181656682411798E-035   1.2967656501398229E-032   1.2738430729251997E-034   2.4903134864387956E-033  -7.8779818002705903E-033   3.7428819335775677E-033   7.5106164942842586E-033   1.9447152579081468E-017   5.5142681209296323E-017   1.6551118998788035E-017   2.8718904286348651E-017   6.7368493128250808E-017   3.0139858688507876E-017   1.8526309870448743E-017   8.5044445292143652E-017   3.8047868437076134E-017   2.3387189961979065E-017   4.8232475504261739E-017   2.1578633102686262E-017   1.3263912335246522E-017   2.6424407782577945E-032  -8.8992342259182125E-033  -2.1152779759057077E-032   4.3460424836804117E-032  -4.4014867820498968E-032   5.4681047320007572E-032   9.0966062554561555E-034   4.2080681488645648E-032   4.8791046235125855E-032  -1.3202335748964401E-032   5.9930855768529505E-033  -1.3719149631793644E-032  -5.2281985490875108E-033  -3.6195691579504362E-033   1.1760929027549162E-032  -7.3128141671374566E-033  -5.3056489049221785E-033  -1.9679270829610143E-017  -5.5905393949736558E-017  -1.6778315492897855E-017  -2.9116026239236948E-017  -7.7134862245498688E-017  -3.9472272935004491E-018  -2.9539665803489875E-017  -9.7373286350136221E-017  -4.9828894788947410E-018  -3.7290198662906236E-017  -5.5224707886786264E-017  -2.8260175477143872E-018  -2.1148924981274702E-017  -1.4594684136462999E-032   1.0630200139105217E-032   2.4784683898224393E-032  -4.4014867820498968E-032   5.0068071413890475E-032  -4.2208083760252487E-032   3.5881900150628593E-033  -4.9193751658826451E-032  -6.1093058967560511E-032   2.0937282594731818E-032  -5.4132893423915272E-034   2.1620404100346491E-032   2.4515442556689499E-034   4.9250865921921807E-033  -1.4309635937051732E-032   7.2479599772298120E-033   7.8827283285271108E-033   1.3517627687285038E-018   2.1546343939115715E-016   6.1164526316341073E-017   1.1199890162546258E-016   1.7485600113072788E-017   8.9363674064077121E-017   4.7388748155854826E-018   2.2073421760905137E-017   1.1281065876862235E-016   5.9822472091390112E-018   1.2518816140440477E-017   6.3979926225467924E-017   3.3927976246308373E-018   2.6945767306128218E-032   7.4335368811558854E-033  -1.0695463463112471E-032   5.4681047320007572E-032  -4.2208083760252487E-032   1.7018919273470165E-031   6.6335693625136551E-032  -1.5538960058682319E-032  -4.5966591388231380E-032   7.4570980363468457E-032   1.8324985688010273E-032   4.3113186942998970E-033  -1.8166490688950151E-032  -1.8965823476832499E-033   1.3552040284562403E-032  -8.3574530106891494E-033   2.7221956512805931E-032   8.7562243092379340E-018   1.1541404876771392E-016   3.3140494625187943E-017   6.0016091425198205E-017  -4.3393312555691111E-017   1.2806009235113361E-017  -1.5353972814576399E-018  -5.4778725548483723E-017   1.6166013239051981E-017  -1.9382504200598486E-018  -3.1067443959399833E-017   9.1684628534601934E-018  -1.0992677485932772E-018  -2.2100771542209048E-032   1.1384727484134267E-032   9.1218046793284243E-033   9.0966062554561555E-034   3.5881900150628593E-033   6.6335693625136551E-032   4.6840148266396608E-032  -4.7023745666212227E-032  -7.1326926482072942E-032   6.3355388067672459E-032   2.6614677871970413E-033   9.5967840847369904E-033  -3.1995128080562361E-033   5.7788804733273310E-034   4.7900485706967584E-034   9.5415720983760595E-034   2.3871864779209871E-032  -3.4898004148566997E-018  -4.9523406828338697E-017  -1.4207801174815765E-017  -2.5751732049463534E-017   1.2183319241328293E-016  -1.6657224954259789E-018  -4.4793833886451424E-018   1.5379943629188426E-016  -2.1027699901861456E-018  -5.6546711652426291E-018   8.7226479260754878E-017  -1.1925740910455549E-018  -3.2070147265387899E-018   5.1792967616803864E-032  -2.0773629715658308E-032  -3.1555229217798435E-032   4.2080681488645648E-032  -4.9193751658826451E-032  -1.5538960058682319E-032  -4.7023745666212227E-032   9.6852955786156067E-032   1.0985758281874326E-031  -6.9064557872552667E-032  -2.9286573151389635E-034  -2.1945591011453823E-032   2.9412132990220123E-034  -1.8644620458794013E-033   1.2916891552125304E-032  -1.1879073972848538E-032  -2.7409634604212062E-032  -8.4805037527882440E-018  -1.2353500687435402E-016  -3.5430476070285953E-017  -6.4236454518510692E-017   1.3052364451952468E-016   1.0795169107202241E-017   9.7001599363150157E-017   1.6477006431686147E-016   1.3627574640999574E-017   1.2245260101907320E-016   9.3448408813747811E-017   7.7288017788414391E-018   6.9448299166355582E-017   4.0063674963901100E-032  -2.5302439696030100E-032  -4.1104168784028335E-032   4.8791046235125855E-032  -6.1093058967560511E-032  -4.5966591388231380E-032  -7.1326926482072942E-032   1.0985758281874326E-031   2.0110442695834692E-031  -1.3512793229660735E-031   1.3035910114205838E-033  -4.8503434781136328E-032   1.3092832741492505E-033  -1.2392302193103199E-032   1.5791042832770313E-032  -1.5113379857491216E-033  -4.8240897855197978E-032   4.2289305324615173E-018   1.4930096914684597E-016   4.2537400487281911E-017   7.7616903383497092E-017  -6.9421249877753121E-017   1.3035784956032495E-018  -5.5052558584581862E-017  -8.7635798474836735E-017   1.6456076855139403E-018  -6.9497091137632435E-017  -4.9702146785881349E-017   9.3329707905700813E-019  -3.9414881646866854E-017  -2.4810974953865689E-032   1.7228687223574695E-032   2.0037864154601540E-032  -1.3202335748964401E-032   2.0937282594731818E-032   7.4570980363468457E-032   6.3355388067672459E-032  -6.9064557872552667E-032  -1.3512793229660735E-031   1.0522578417764793E-031   8.1888809568150729E-034   2.6818680675606220E-032  -2.9040621480716483E-033   6.6063608014630790E-033  -3.7299767021302364E-033  -2.0506904381616608E-033   3.7792513224735594E-032  -1.8264967767945831E-018   1.7761670912389596E-019  -3.5455305660227272E-020   8.7017531996437675E-020   3.2116778149767999E-020   3.3561547118985799E-017  -1.4982784602005772E-018   4.0543486361170795E-020   4.2367329672145912E-017  -1.8913924688556220E-018   2.2994008674580566E-020   2.4028391079194055E-017  -1.0726925269445096E-018   1.6480195091745622E-032   3.8340559718882496E-034   7.2181656682411798E-035   5.9930855768529505E-033  -5.4132893423915272E-034   1.8324985688010273E-032   2.6614677871970413E-033  -2.9286573151389635E-034   1.3035910114205838E-033   8.1888809568150729E-034   6.8763982270934424E-033   4.3237357618874677E-033  -6.1333868041864830E-033   8.7773424783113384E-035  -7.0995530379313832E-034  -3.1741113982963074E-034   2.1691734141878756E-034   4.2672193612904558E-017  -3.1426902912970633E-018   1.1138862411035299E-018  -1.5095825508973858E-018  -3.1272712245079579E-017   1.9658303659557737E-017  -4.3385326682299195E-017  -3.9477956863315066E-017   2.4816193037432431E-017  -5.4768644364517047E-017  -2.2389699654423466E-017   1.4074363336432469E-017  -3.1061726473007055E-017   3.5505661438781757E-033   2.5060320093229438E-033   1.2967656501398229E-032  -1.3719149631793644E-032   2.1620404100346491E-032   4.3113186942998970E-033   9.5967840847369904E-033  -2.1945591011453823E-032  -4.8503434781136328E-032   2.6818680675606220E-032   4.3237357618874677E-033   2.1716425979429396E-032  -3.5907970647359164E-033   5.1610916073223254E-033  -9.2841538830688059E-033  -5.8602651110557676E-034   8.6874143479087374E-033   2.1712202323069771E-017  -3.7932428675083625E-018  -5.5468959572097557E-020  -1.9086111620156673E-018  -4.1397945392044924E-019  -2.9605045011060773E-017   4.2939875318117200E-018  -5.2259819666717803E-019  -3.7372731879597394E-017   5.4206316747965354E-018  -2.9638860754200958E-019  -2.1195733227700155E-017   3.0742805549982335E-018  -1.8173888698144017E-032  -1.6122441947937015E-033   1.2738430729251997E-034  -5.2281985490875108E-033   2.4515442556689499E-034  -1.8166490688950151E-032  -3.1995128080562361E-033   2.9412132990220123E-034   1.3092832741492505E-033  -2.9040621480716483E-033  -6.1333868041864830E-033  -3.5907970647359164E-033   5.9859340898539055E-033  -3.6631950383115825E-034  -3.6400903341995866E-034   6.9741952920808777E-034  -9.2750299455379574E-034  -3.9457166054747485E-020  -1.5447196840756217E-018  -4.3990482045988774E-019  -8.0303896088585072E-019  -3.4148521102105712E-018  -3.3093472935774418E-019  -1.7179610493591937E-017  -4.3108312206820060E-018  -4.1776443526139305E-019  -2.1687147461963025E-017  -2.4448635127232541E-018  -2.3693273347928238E-019  -1.2299742859432473E-017   3.5366303907584598E-033   5.1118174464513179E-034   2.4903134864387956E-033  -3.6195691579504362E-033   4.9250865921921807E-033  -1.8965823476832499E-033   5.7788804733273310E-034  -1.8644620458794013E-033  -1.2392302193103199E-032   6.6063608014630790E-033   8.7773424783113384E-035   5.1610916073223254E-033  -3.6631950383115825E-034   1.8750849079019639E-033  -1.5843762926329998E-033  -1.1354621041056234E-033   1.8734447865615368E-033  -4.2421109620619594E-017   2.3090682917507512E-017   4.5547530538194433E-018   1.1879008030259535E-017   2.1528151287161443E-017  -3.4990369614486650E-018   1.0063446904091324E-017   2.7176645926999829E-017  -4.4171042519329427E-018   1.2703865263189242E-017   1.5413080824493358E-017  -2.5051356605274205E-018   7.2049252365788225E-018   7.8330579144307960E-033   9.5192004941946205E-035  -7.8779818002705903E-033   1.1760929027549162E-032  -1.4309635937051732E-032   1.3552040284562403E-032   4.7900485706967584E-034   1.2916891552125304E-032   1.5791042832770313E-032  -3.7299767021302364E-033  -7.0995530379313832E-034  -9.2841538830688059E-033  -3.6400903341995866E-034  -1.5843762926329998E-033   6.8065241951010523E-033  -2.0590167241424926E-033  -1.2461358669292616E-033  -1.6078703867003072E-019  -1.1642205377670496E-017  -3.3090456018313372E-018  -6.0519275722194630E-018  -1.7480893277694973E-017  -8.5028850482500113E-019   1.4787457178158027E-017  -2.2067479959549621E-017  -1.0733847659834990E-018   1.8667347815004196E-017  -1.2515446281452673E-017  -6.0876409098913430E-019   1.0587080592080684E-017  -1.0069825223498596E-032   2.1395803827587691E-033   3.7428819335775677E-033  -7.3128141671374566E-033   7.2479599772298120E-033  -8.3574530106891494E-033   9.5415720983760595E-034  -1.1879073972848538E-032  -1.5113379857491216E-033  -2.0506904381616608E-033  -3.1741113982963074E-034  -5.8602651110557676E-034   6.9741952920808777E-034  -1.1354621041056234E-033  -2.0590167241424926E-033   3.5459103881452539E-033   3.8810015169753726E-035  -5.7997696024239150E-019   5.4882880958677134E-017   1.5536406613973355E-017   2.8525693019389154E-017  -2.8041383578306352E-017   3.0938342145139142E-019  -1.4426648857966071E-017  -3.5398801441222163E-017   3.9055855694780679E-019  -1.8211871641756581E-017  -2.0076229758790588E-017   2.2150307367231646E-019  -1.0328759859980232E-017  -1.1473377597856322E-032   6.8265836655478830E-033   7.5106164942842586E-033  -5.3056489049221785E-033   7.8827283285271108E-033   2.7221956512805931E-032   2.3871864779209871E-032  -2.7409634604212062E-032  -4.8240897855197978E-032   3.7792513224735594E-032   2.1691734141878756E-034   8.6874143479087374E-033  -9.2750299455379574E-034   1.8734447865615368E-033  -1.2461358669292616E-033   3.8810015169753726E-035   1.3815234716993647E-032
