   1.0002993500616113        6.2278814588542894E-004   2.8821373909936865E-003  -7.6164782527600775E-004   1.4771657095387989E-003   1.0840185335807681E-015   5.9578940285253619E-016   1.7412075771362846E-016   6.7945713843600991E-017  -3.0520736226358866E-016   2.2044832052896212E-016   2.9244552065690481E-016  -8.8906206886155422E-017  -2.8364089926071027E-016   3.3333387311856751E-016  -2.5188736786416104E-016  -1.6261825387149211E-016   1.6361015237582746E-019  -2.4802907397163205E-019  -3.1968243227424706E-018   5.2325999918386053E-019   3.6940450427305993E-018  -1.8304325772484639E-019   6.5068827492602551E-019   1.8211100008279623E-018   1.4440945262811349E-017   1.3445596802462039E-016  -4.9426062017375004E-018   7.5653986242079967E-018  -2.5045233833512640E-018   1.3684583573460144E-019   1.5654285418145760E-018  -9.8500321810236183E-019   3.2493544900467350E-017   6.2278814588542894E-004  0.91994283755082140        1.8581033121715513E-002   5.7763823929124838E-002   1.0830046372164113E-002   8.7251628722531881E-015   3.5435167073723763E-015  -8.9715201431968081E-017   1.2568422637648688E-015  -1.8329877701831808E-015   3.3326056238828188E-017   1.2996479568740950E-015  -1.3566188720136241E-016  -7.8192955559843077E-017   8.4545854426157581E-016  -1.0155903937003798E-015  -8.7792043868029906E-017  -8.2677952172040189E-019   1.1249217440805078E-017   3.6834713784452682E-019   3.4709973434210796E-018   4.7919789348414160E-017  -1.5501799769736682E-018  -9.6141916075018977E-018  -2.6195979773672240E-017   4.2773179979297124E-018   1.5999713493155987E-016  -7.8960002480385648E-019  -6.5059279427087657E-017   2.8432830532292389E-018   5.7631524881841698E-018  -1.6890435997926592E-017   3.4746202586377170E-018  -1.0665393581129486E-016   2.8821373909936865E-003   1.8581033121715513E-002  0.43023414089898199        3.7002880430182315E-002  0.25359685239972074        8.6489995876680467E-015   2.6165603476596161E-015  -9.0464861121830837E-016  -7.6882415046431237E-016  -5.8265010839919471E-015  -2.5792189796943352E-015   5.9103341645634870E-016  -2.7797907926731151E-016  -8.0575097273068300E-017   2.8253324265188898E-015   3.7006268958167465E-015   2.4769670464547075E-015  -3.6621399423608985E-017   2.2510852248236334E-018   6.3842431757843554E-018   1.3710505296486398E-017   8.1550291106035065E-017   1.4700009768014138E-017  -6.6553548329833880E-018  -7.1490544413792437E-017  -7.9179750679219027E-018  -2.1104040054280678E-017  -1.2883977464500328E-016   1.3764701668763513E-016  -1.0361592568732986E-018   3.2020162014206706E-017  -1.1667022447387076E-016  -7.3996869436638267E-017  -1.8704394324282602E-016  -7.6164782527600775E-004   5.7763823929124838E-002   3.7002880430182315E-002   6.6156740823640706E-003   2.1803701374740084E-002  -6.2487588069504921E-015  -2.5300958522894773E-015   4.4485468081874946E-017  -1.7374958114379772E-015   1.1232806388112234E-015  -2.4441434368929998E-016  -9.1085377613203326E-016   1.9285643902276857E-016  -9.7215242382626321E-018  -9.7404065028003303E-016   1.4904976764525153E-015   1.7875393570916350E-016  -3.1039732876412914E-018   8.7535051430668188E-019   5.5811376932024682E-019   1.3546622858473856E-018   9.7236043465984609E-018   1.1310648254345507E-018  -1.1430595904862830E-018  -7.5631298110934267E-018  -4.1379347181985416E-019   7.8776794801650348E-018  -1.0785028187648286E-017   7.4927461070860892E-018   8.9960514369542189E-020   3.0216850910099199E-018  -1.0761047513817519E-017  -5.9560827456323343E-018  -2.2145769399593337E-017   1.4771657095387989E-003   1.0830046372164113E-002  0.25359685239972074        2.1803701374740084E-002  0.14947998209202046       -4.9888722135748570E-015  -2.7646481937563821E-015  -2.2450153045226586E-016  -1.0951831733250394E-015  -1.8486874436392080E-015  -1.2145288317695574E-015  -5.9870491276107721E-016  -7.8733366796656187E-017   5.6884410416229817E-017   1.2056229776458771E-015   3.3280566153088080E-015   1.6808212685283959E-015  -2.1586278047780460E-017   1.3254530372540645E-018   3.7638283774929266E-018   8.0810303562591385E-018   4.8062333804151601E-017   8.6651144196491520E-018  -3.9218405091174907E-018  -4.2136763241421488E-017  -4.6709900529265196E-018  -1.2490766280233340E-017  -7.5942940228942320E-017   8.1142513102106026E-017  -6.1058357037138342E-019   1.8873372229816726E-017  -6.8768943481942105E-017  -4.3617431530431837E-017  -1.1024539302741244E-016   1.0840185335807681E-015   8.7251628722531881E-015   8.6489995876680467E-015  -6.2487588069504921E-015  -4.9888722135748570E-015  0.92584095459167615        5.5849260737952206E-017  -1.9418943014620611E-016   2.1964142321561422E-003  -6.4585732832548367E-018   7.2485691494234006E-017   7.1991301581142975E-002   1.8786903572991703E-016  -1.0287723364171830E-016   1.2274961332096005E-003  -4.0058766232189068E-016  -1.5346204125174512E-016  -4.8641292531731854E-018  -2.6361415428167204E-017  -2.0451380685302330E-017   1.4117904063745214E-017  -4.4147715574353834E-017   1.0145139793335829E-017  -4.0434703587078288E-018  -1.5991040907814683E-017   6.0195217789022595E-017  -4.9847679054961542E-016  -7.7462184142528525E-018  -3.5243999564123167E-017   1.0036210765207578E-017  -6.0798693755459299E-018   3.5152841724011981E-017   8.2035210167358293E-017   3.9481090613375946E-016   5.9578940285253619E-016   3.5435167073723763E-015   2.6165603476596161E-015  -2.5300958522894773E-015  -2.7646481937563821E-015   5.5849260737952206E-017  0.92584095459167748        9.7070386347119375E-017   1.3328907811015710E-016   2.1964142321589390E-003  -3.0163616169290005E-016   3.8618707651460801E-016   7.1991301581142100E-002   9.1432203867757001E-017   3.3679575817959721E-016   1.2274961332097974E-003   1.1855475470421133E-016  -4.2542844077502988E-018  -5.9581825302821704E-018  -9.1800292065507851E-018  -1.0706425889163920E-017  -1.2649497694759821E-017   6.1657502513665051E-018   1.6902997950607407E-018   9.6885684926750896E-017  -5.9646919688727932E-018  -1.0734072169091488E-017  -6.1651006851639294E-017  -5.3960984607016738E-017  -2.8064259442021854E-017  -1.0428563486929789E-017   3.1561739602124311E-017  -1.5857019645633672E-016  -1.2472502721376327E-016   1.7412075771362846E-016  -8.9715201431968081E-017  -9.0464861121830837E-016   4.4485468081874946E-017  -2.2450153045226586E-016  -1.9418943014620611E-016   9.7070386347119375E-017  0.92584095459167726       -1.9237812298039669E-017   2.3908351969199881E-017   2.1964142321579511E-003   1.8178174081024540E-016  -2.0103662611612816E-016   7.1991301581141517E-002   1.4124443802054909E-016   5.9495064819550022E-017   1.2274961332077688E-003  -1.7945316046086809E-021   3.5198843279165239E-018   5.3641780220701268E-017   7.1510705064186985E-017   6.2466189954302474E-017   7.0707753909497506E-021  -8.5892019570696606E-018  -8.1892093364334559E-017   3.1291895522358149E-017  -2.4502534305151934E-016  -2.7048529089298023E-016  -8.5924966226018288E-017   2.6866652308956250E-017   8.5909986096986218E-017   7.1438995625968306E-017  -2.1792077009173931E-016  -1.1765936495790368E-016   6.7945713843600991E-017   1.2568422637648688E-015  -7.6882415046431237E-016  -1.7374958114379772E-015  -1.0951831733250394E-015   2.1964142321561422E-003   1.3328907811015710E-016  -1.9237812298039669E-017  0.33999944879876548        7.3111818248844385E-016   2.0816681711721685E-016   8.9650218790426728E-002  -2.8096421673604044E-016   6.9388939039072284E-018  0.24552372220164465       -1.1201434745033989E-015  -2.9837243786801082E-016  -2.1492760425131971E-016   3.9879912661780058E-016   3.7666319399702440E-016  -1.7784300628130840E-018  -7.4050757051157158E-016  -1.1473823710873129E-016   3.3232771488805052E-017   1.3021374564985042E-016  -6.9809296095278194E-017  -4.7034931606475511E-016  -9.4191856432101595E-017   1.1188508056310624E-015   1.3648601855829581E-016   3.6092539660532220E-017   4.7813329923814224E-016   5.3038665886352466E-017  -1.7838419956109904E-015  -3.0520736226358866E-016  -1.8329877701831808E-015  -5.8265010839919471E-015   1.1232806388112234E-015  -1.8486874436392080E-015  -6.4585732832548367E-018   2.1964142321589390E-003   2.3908351969199881E-017   7.3111818248844385E-016  0.33999944879877103       -4.1633363423443370E-016   7.1059965637415567E-016   8.9650218790426631E-002  -6.2233204700667955E-017   5.3100156650193187E-016  0.24552372220164442       -5.9414279052205643E-017   2.2652313644372181E-016  -6.8304512476495654E-016  -9.7956893070303255E-017  -6.3983458613894118E-017   2.6621943076300699E-016   6.7760496712417456E-017  -2.1962142697697097E-016   5.0509531176128094E-018  -7.5903527977570862E-017   3.8781922189357698E-016   1.0964271894080296E-015  -7.9608544065447225E-016   5.4509364354116671E-016  -1.2597923348149631E-017   1.5997967764271593E-016   1.3539348787837603E-017   6.9870228726573639E-016   2.2044832052896212E-016   3.3326056238828188E-017  -2.5792189796943352E-015  -2.4441434368929998E-016  -1.2145288317695574E-015   7.2485691494234006E-017  -3.0163616169290005E-016   2.1964142321579511E-003   2.0816681711721685E-016  -4.1633363423443370E-016  0.33999944879876270        2.4286128663675299E-016  -4.8409627001477773E-017   8.9650218790427297E-002   1.4571677198205180E-016   2.4405390902648705E-016  0.24552372220164451        3.5664769581754164E-017  -1.9425039840952909E-016   3.1728932616332505E-017  -1.2629876071074075E-016   6.7677938510298930E-017   1.7110116494537556E-017  -7.3465778202996795E-017  -4.5009884117455557E-017  -2.2491661767051620E-017   4.5406796657970232E-017  -1.0544084066584760E-016  -1.7344924271126400E-016  -2.4803467647264747E-017  -9.8163433253984531E-016  -1.0661895691952044E-017  -3.5557971923963660E-017   8.9100720053001791E-017   2.9244552065690481E-016   1.2996479568740950E-015   5.9103341645634870E-016  -9.1085377613203326E-016  -5.9870491276107721E-016   7.1991301581142975E-002   3.8618707651460801E-016   1.8178174081024540E-016   8.9650218790426728E-002   7.1059965637415567E-016   2.4286128663675299E-016   2.9147010967665723E-002   1.0502361513006070E-016   5.8113236445223038E-017   6.4711431433917596E-002   4.8219891621292810E-017   4.3368086899420177E-017  -5.6939673719314054E-017   1.0292231204464229E-016   9.7552454781972224E-017   6.2091589187801500E-019  -1.9829149427932783E-016  -2.9414194838358256E-017   8.4342894955524095E-018   3.3036113492395629E-017  -1.3729297419416110E-017  -1.6223538739671303E-016  -2.5386834762357724E-017   2.9173983326205592E-016   3.6694415748351442E-017   9.0298467963833166E-018   1.2854622370999085E-016   2.0286330432308922E-017  -4.3901710553445204E-016  -8.8906206886155422E-017  -1.3566188720136241E-016  -2.7797907926731151E-016   1.9285643902276857E-016  -7.8733366796656187E-017   1.8786903572991703E-016   7.1991301581142100E-002  -2.0103662611612816E-016  -2.8096421673604044E-016   8.9650218790426631E-002  -4.8409627001477773E-017   1.0502361513006070E-016   2.9147010967665032E-002  -3.8963515573697816E-018  -1.8436519129937101E-016   6.4711431433916292E-002   5.4887734982078662E-017   5.9288043100552836E-017  -1.8022288244464565E-016  -2.6488308989196308E-017  -1.7664941940882157E-017   6.9087733042576651E-017   1.8308742314547433E-017  -5.7669425162837791E-017   8.8024273501593977E-018  -2.0436310916271560E-017   1.0123801884393203E-016   2.8380154065426715E-016  -2.1367536748598209E-016   1.4129264800944708E-016  -4.1199025405450380E-018   4.4537796461679547E-017  -8.6677809798670181E-018   1.7426348390835905E-016  -2.8364089926071027E-016  -7.8192955559843077E-017  -8.0575097273068300E-017  -9.7215242382626321E-018   5.6884410416229817E-017  -1.0287723364171830E-016   9.1432203867757001E-017   7.1991301581141517E-002   6.9388939039072284E-018  -6.2233204700667955E-017   8.9650218790427297E-002   5.8113236445223038E-017  -3.8963515573697816E-018   2.9147010967665907E-002   1.5612511283791264E-017   1.0134579807308253E-016   6.4711431433918262E-002   9.3860890994223991E-018  -5.0851174688621250E-017   1.2487969198598474E-017  -2.7723350792119571E-017   2.2629658450089422E-017   4.5035731189984871E-018  -1.9997183095741704E-017  -1.8162282537078195E-017  -3.5056888422273056E-018  -6.9495082565020682E-018  -4.8613289262674689E-017  -5.2275926503587130E-017  -4.4554422015799757E-018  -2.5171926471582307E-016   2.7043420975374508E-018  -2.6167088218063960E-017   1.4373995577519302E-017   3.3333387311856751E-016   8.4545854426157581E-016   2.8253324265188898E-015  -9.7404065028003303E-016   1.2056229776458771E-015   1.2274961332096005E-003   3.3679575817959721E-016   1.4124443802054909E-016  0.24552372220164465        5.3100156650193187E-016   1.4571677198205180E-016   6.4711431433917596E-002  -1.8436519129937101E-016   1.5612511283791264E-017  0.17730012681315252       -8.0102211755944674E-016  -2.1510571102112408E-016  -1.5520427420342833E-016   2.8799592816628848E-016   2.7200856781737804E-016  -1.2897300138439105E-018  -5.3472731134496584E-016  -8.2860112852936045E-017   2.4000022788333182E-017   9.4037741217306333E-017  -5.0434860667444908E-017  -3.3946134343004068E-016  -6.8015978534605342E-017   8.0797192039437370E-016   9.8557070754804563E-017   2.6065942420227613E-017   3.4526186785465833E-016   3.8269157414145268E-017  -1.2883227871842609E-015  -2.5188736786416104E-016  -1.0155903937003798E-015   3.7006268958167465E-015   1.4904976764525153E-015   3.3280566153088080E-015  -4.0058766232189068E-016   1.2274961332097974E-003   5.9495064819550022E-017  -1.1201434745033989E-015  0.24552372220164442        2.4405390902648705E-016   4.8219891621292810E-017   6.4711431433916292E-002   1.0134579807308253E-016  -8.0102211755944674E-016  0.17730012681314936        3.5041414214731503E-016   1.6358131398938060E-016  -4.9324661702755366E-016  -7.0734277622548283E-017  -4.6200373142636993E-017   1.9225054073400164E-016   4.8929652966810341E-017  -1.5859637377524716E-016   3.6099295503552332E-018  -5.4810076475093702E-017   2.8006093173986757E-016   7.9178933177513693E-016  -5.7485808377062525E-016   3.9364057896851656E-016  -9.0933276645823853E-018   1.1551426259222721E-016   9.8386195468462243E-018   5.0460377674235034E-016  -1.6261825387149211E-016  -8.7792043868029906E-017   2.4769670464547075E-015   1.7875393570916350E-016   1.6808212685283959E-015  -1.5346204125174512E-016   1.1855475470421133E-016   1.2274961332077688E-003  -2.9837243786801082E-016  -5.9414279052205643E-017  0.24552372220164451        4.3368086899420177E-017   5.4887734982078662E-017   6.4711431433918262E-002  -2.1510571102112408E-016   3.5041414214731503E-016  0.17730012681315382        2.5754681625921398E-017  -1.4027584403691728E-016   2.2891709017577405E-017  -9.1232108666007621E-017   4.8848228207428550E-017   1.2355764484066154E-017  -5.3048682152606510E-017  -3.2471370462806593E-017  -1.6254074985831835E-017   3.2884618562706134E-017  -7.6037466449971962E-017  -1.2522001368049607E-016  -1.7921790581350537E-017  -7.0890310195957227E-016  -7.7269693387909223E-018  -2.5593151766601865E-017   6.4388077950754528E-017   1.6361015237582746E-019  -8.2677952172040189E-019  -3.6621399423608985E-017  -3.1039732876412914E-018  -2.1586278047780460E-017  -4.8641292531731854E-018  -4.2542844077502988E-018  -1.7945316046086809E-021  -2.1492760425131971E-016   2.2652313644372181E-016   3.5664769581754164E-017  -5.6939673719314054E-017   5.9288043100552836E-017   9.3860890994223991E-018  -1.5520427420342833E-016   1.6358131398938060E-016   2.5754681625921398E-017   2.9369211881010299E-031  -7.2761487761586048E-031  -3.0045873156715192E-031  -5.5924893405597488E-032   6.4588909324570856E-031   1.1814128633774749E-031  -1.7447796613467701E-031  -7.8116918738290926E-032  -8.3184313690471130E-033   5.6445965301607263E-031   7.9045994549292551E-031  -1.2671440111934129E-030   2.7452949608779355E-031  -1.3683645919444797E-031  -1.8718499786715770E-031  -2.1205693437876957E-032   1.6176497402978849E-030  -2.4802907397163205E-019   1.1249217440805078E-017   2.2510852248236334E-018   8.7535051430668188E-019   1.3254530372540645E-018  -2.6361415428167204E-017  -5.9581825302821704E-018   3.5198843279165239E-018   3.9879912661780058E-016  -6.8304512476495654E-016  -1.9425039840952909E-016   1.0292231204464229E-016  -1.8022288244464565E-016  -5.0851174688621250E-017   2.8799592816628848E-016  -4.9324661702755366E-016  -1.4027584403691728E-016  -7.2761487761586048E-031   1.9520367191120533E-030   6.2150793901556618E-031   1.9866701823169435E-031  -1.4395227391107151E-030  -2.8078455123612147E-031   5.2210137930099671E-031   1.6758963398222757E-031   8.1741453842817219E-032  -1.3406988802228490E-030  -2.2545869109006488E-030   3.0115733944102118E-030  -9.2087394418051295E-031   6.2938703683735665E-031   2.4408138266019729E-031   5.1609072299874264E-032  -3.5621888633777917E-030  -3.1968243227424706E-018   3.6834713784452682E-019   6.3842431757843554E-018   5.5811376932024682E-019   3.7638283774929266E-018  -2.0451380685302330E-017  -9.1800292065507851E-018   5.3641780220701268E-017   3.7666319399702440E-016  -9.7956893070303255E-017   3.1728932616332505E-017   9.7552454781972224E-017  -2.6488308989196308E-017   1.2487969198598474E-017   2.7200856781737804E-016  -7.0734277622548283E-017   2.2891709017577405E-017  -3.0045873156715192E-031   6.2150793901556618E-031   4.5229785695631185E-031   8.8003981373895557E-033  -8.8485413662369981E-031  -1.4514580573236752E-031   9.2741681516069464E-032   1.3234112389715195E-031  -5.7365599025793061E-032  -6.3108949113806827E-031  -4.4673902663610669E-031   1.4512942719692121E-030  -6.5388327236075872E-033  -4.1940525260395059E-032   4.8391891720525990E-031   3.7323972398788174E-032  -2.1877594700754342E-030   5.2325999918386053E-019   3.4709973434210796E-018   1.3710505296486398E-017   1.3546622858473856E-018   8.0810303562591385E-018   1.4117904063745214E-017  -1.0706425889163920E-017   7.1510705064186985E-017  -1.7784300628130840E-018  -6.3983458613894118E-017  -1.2629876071074075E-016   6.2091589187801500E-019  -1.7664941940882157E-017  -2.7723350792119571E-017  -1.2897300138439105E-018  -4.6200373142636993E-017  -9.1232108666007621E-017  -5.5924893405597488E-032   1.9866701823169435E-031   8.8003981373895557E-033   6.5392469841988503E-032  -6.4221831197350592E-032  -1.7951469809688241E-032   6.7471733517507858E-032   5.0300137987720911E-033   2.6214810102261770E-032  -1.1407860534046459E-031  -1.9118751546576796E-031   2.0582779820527594E-031  -9.1502549299867205E-032   3.7508683287009337E-031  -2.6664396420249577E-032  -5.9497529893509776E-033  -1.6310739712447082E-031   3.6940450427305993E-018   4.7919789348414160E-017   8.1550291106035065E-017   9.7236043465984609E-018   4.8062333804151601E-017  -4.4147715574353834E-017  -1.2649497694759821E-017   6.2466189954302474E-017  -7.4050757051157158E-016   2.6621943076300699E-016   6.7677938510298930E-017  -1.9829149427932783E-016   6.9087733042576651E-017   2.2629658450089422E-017  -5.3472731134496584E-016   1.9225054073400164E-016   4.8848228207428550E-017   6.4588909324570856E-031  -1.4395227391107151E-030  -8.8485413662369981E-031  -6.4221831197350592E-032   1.8583868455413915E-030   3.0847960378811793E-031  -2.6108767300048878E-031  -3.0952033785620530E-031   8.6513089607354580E-032   1.3461325877951717E-030   1.0017507591887417E-030  -3.0751166510721953E-030   1.2645590620846988E-031  -2.7097944642687308E-031  -9.3794278928063281E-031  -1.4129432486803283E-031   4.3866662776574745E-030  -1.8304325772484639E-019  -1.5501799769736682E-018   1.4700009768014138E-017   1.1310648254345507E-018   8.6651144196491520E-018   1.0145139793335829E-017   6.1657502513665051E-018   7.0707753909497506E-021  -1.1473823710873129E-016   6.7760496712417456E-017   1.7110116494537556E-017  -2.9414194838358256E-017   1.8308742314547433E-017   4.5035731189984871E-018  -8.2860112852936045E-017   4.8929652966810341E-017   1.2355764484066154E-017   1.1814128633774749E-031  -2.8078455123612147E-031  -1.4514580573236752E-031  -1.7951469809688241E-032   3.0847960378811793E-031   5.3756679064293574E-032  -5.8917015446435141E-032  -4.7179091493571562E-032   7.6892764232015431E-033   2.3128129861197171E-031   2.4010242439649340E-031  -5.4088125842768251E-031   6.1194974201668579E-032  -6.3155339379908848E-032  -1.3340786259866719E-031  -1.9530520262476582E-032   7.4354390731263963E-031   6.5068827492602551E-019  -9.6141916075018977E-018  -6.6553548329833880E-018  -1.1430595904862830E-018  -3.9218405091174907E-018  -4.0434703587078288E-018   1.6902997950607407E-018  -8.5892019570696606E-018   3.3232771488805052E-017  -2.1962142697697097E-016  -7.3465778202996795E-017   8.4342894955524095E-018  -5.7669425162837791E-017  -1.9997183095741704E-017   2.4000022788333182E-017  -1.5859637377524716E-016  -5.3048682152606510E-017  -1.7447796613467701E-031   5.2210137930099671E-031   9.2741681516069464E-032   6.7471733517507858E-032  -2.6108767300048878E-031  -5.8917015446435141E-032   1.6128540094059713E-031   2.1650359266375208E-032   4.6579017490218479E-032  -3.0312318885606407E-031  -6.9054811826541378E-031   6.6043788041145128E-031  -3.3380129770042903E-031   2.2241908643435552E-031  -5.3045048381504568E-032   6.1978390873470660E-033  -6.4228514195452905E-031   1.8211100008279623E-018  -2.6195979773672240E-017  -7.1490544413792437E-017  -7.5631298110934267E-018  -4.2136763241421488E-017  -1.5991040907814683E-017   9.6885684926750896E-017  -8.1892093364334559E-017   1.3021374564985042E-016   5.0509531176128094E-018  -4.5009884117455557E-017   3.3036113492395629E-017   8.8024273501593977E-018  -1.8162282537078195E-017   9.4037741217306333E-017   3.6099295503552332E-018  -3.2471370462806593E-017  -7.8116918738290926E-032   1.6758963398222757E-031   1.3234112389715195E-031   5.0300137987720911E-033  -3.0952033785620530E-031  -4.7179091493571562E-032   2.1650359266375208E-032   8.5999071134198942E-032  -2.8098875351356887E-032  -1.5136828040302357E-031   3.2171908770644978E-032   4.2170309885852072E-031   5.7894027857473121E-032   1.2905699321757283E-031   2.0290278959818447E-031   3.8452449852090332E-032  -6.6144479683951768E-031   1.4440945262811349E-017   4.2773179979297124E-018  -7.9179750679219027E-018  -4.1379347181985416E-019  -4.6709900529265196E-018   6.0195217789022595E-017  -5.9646919688727932E-018   3.1291895522358149E-017  -6.9809296095278194E-017  -7.5903527977570862E-017  -2.2491661767051620E-017  -1.3729297419416110E-017  -2.0436310916271560E-017  -3.5056888422273056E-018  -5.0434860667444908E-017  -5.4810076475093702E-017  -1.6254074985831835E-017  -8.3184313690471130E-033   8.1741453842817219E-032  -5.7365599025793061E-032   2.6214810102261770E-032   8.6513089607354580E-032   7.6892764232015431E-033   4.6579017490218479E-032  -2.8098875351356887E-032   3.8217748747887145E-032  -3.0569464400734885E-032  -2.2534479655786360E-031  -4.8693849041151950E-032  -1.4637122151360014E-031   6.2550655859240958E-032  -1.2671104104255124E-031  -1.1274634849982733E-032   2.3118785112435855E-031   1.3445596802462039E-016   1.5999713493155987E-016  -2.1104040054280678E-017   7.8776794801650348E-018  -1.2490766280233340E-017  -4.9847679054961542E-016  -1.0734072169091488E-017  -2.4502534305151934E-016  -4.7034931606475511E-016   3.8781922189357698E-016   4.5406796657970232E-017  -1.6223538739671303E-016   1.0123801884393203E-016  -6.9495082565020682E-018  -3.3946134343004068E-016   2.8006093173986757E-016   3.2884618562706134E-017   5.6445965301607263E-031  -1.3406988802228490E-030  -6.3108949113806827E-031  -1.1407860534046459E-031   1.3461325877951717E-030   2.3128129861197171E-031  -3.0312318885606407E-031  -1.5136828040302357E-031  -3.0569464400734885E-032   1.4767105222608164E-030   1.4497578342358072E-030  -2.4514016873794586E-030   4.1824613645005951E-031  -2.1712888863989250E-031  -5.1296291252465668E-031  -4.1711944403096862E-032   3.0888057702278604E-030  -4.9426062017375004E-018  -7.8960002480385648E-019  -1.2883977464500328E-016  -1.0785028187648286E-017  -7.5942940228942320E-017  -7.7462184142528525E-018  -6.1651006851639294E-017  -2.7048529089298023E-016  -9.4191856432101595E-017   1.0964271894080296E-015  -1.0544084066584760E-016  -2.5386834762357724E-017   2.8380154065426715E-016  -4.8613289262674689E-017  -6.8015978534605342E-017   7.9178933177513693E-016  -7.6037466449971962E-017   7.9045994549292551E-031  -2.2545869109006488E-030  -4.4673902663610669E-031  -1.9118751546576796E-031   1.0017507591887417E-030   2.4010242439649340E-031  -6.9054811826541378E-031   3.2171908770644978E-032  -2.2534479655786360E-031   1.4497578342358072E-030   3.7169509675878451E-030  -2.8363312926843068E-030   1.7224274241374614E-030   2.1816763650585257E-031   3.9826265751372672E-031   1.3677982571581697E-031   2.8160052301065212E-030   7.5653986242079967E-018  -6.5059279427087657E-017   1.3764701668763513E-016   7.4927461070860892E-018   8.1142513102106026E-017  -3.5243999564123167E-017  -5.3960984607016738E-017  -8.5924966226018288E-017   1.1188508056310624E-015  -7.9608544065447225E-016  -1.7344924271126400E-016   2.9173983326205592E-016  -2.1367536748598209E-016  -5.2275926503587130E-017   8.0797192039437370E-016  -5.7485808377062525E-016  -1.2522001368049607E-016  -1.2671440111934129E-030   3.0115733944102118E-030   1.4512942719692121E-030   2.0582779820527594E-031  -3.0751166510721953E-030  -5.4088125842768251E-031   6.6043788041145128E-031   4.2170309885852072E-031  -4.8693849041151950E-032  -2.4514016873794586E-030  -2.8363312926843068E-030   5.6961727535766991E-030  -8.1630706669321905E-031   6.5133550806149956E-031   1.1582451408754297E-030   1.6134063525905779E-031  -7.6045801732613371E-030  -2.5045233833512640E-018   2.8432830532292389E-018  -1.0361592568732986E-018   8.9960514369542189E-020  -6.1058357037138342E-019   1.0036210765207578E-017  -2.8064259442021854E-017   2.6866652308956250E-017   1.3648601855829581E-016   5.4509364354116671E-016  -2.4803467647264747E-017   3.6694415748351442E-017   1.4129264800944708E-016  -4.4554422015799757E-018   9.8557070754804563E-017   3.9364057896851656E-016  -1.7921790581350537E-017   2.7452949608779355E-031  -9.2087394418051295E-031  -6.5388327236075872E-033  -9.1502549299867205E-032   1.2645590620846988E-031   6.1194974201668579E-032  -3.3380129770042903E-031   5.7894027857473121E-032  -1.4637122151360014E-031   4.1824613645005951E-031   1.7224274241374614E-030  -8.1630706669321905E-031   9.3247852550172985E-031   6.8823537956793458E-032   4.5079827435188953E-031   4.5657947786820306E-032   4.0261666551095334E-031   1.3684583573460144E-019   5.7631524881841698E-018   3.2020162014206706E-017   3.0216850910099199E-018   1.8873372229816726E-017  -6.0798693755459299E-018  -1.0428563486929789E-017   8.5909986096986218E-017   3.6092539660532220E-017  -1.2597923348149631E-017  -9.8163433253984531E-016   9.0298467963833166E-018  -4.1199025405450380E-018  -2.5171926471582307E-016   2.6065942420227613E-017  -9.0933276645823853E-018  -7.0890310195957227E-016  -1.3683645919444797E-031   6.2938703683735665E-031  -4.1940525260395059E-032   3.7508683287009337E-031  -2.7097944642687308E-031  -6.3155339379908848E-032   2.2241908643435552E-031   1.2905699321757283E-031   6.2550655859240958E-032  -2.1712888863989250E-031   2.1816763650585257E-031   6.5133550806149956E-031   6.8823537956793458E-032   2.8501927595800493E-030   7.3436579347465545E-032   8.1839885095838808E-032  -5.0000123657718879E-031   1.5654285418145760E-018  -1.6890435997926592E-017  -1.1667022447387076E-016  -1.0761047513817519E-017  -6.8768943481942105E-017   3.5152841724011981E-017   3.1561739602124311E-017   7.1438995625968306E-017   4.7813329923814224E-016   1.5997967764271593E-016  -1.0661895691952044E-017   1.2854622370999085E-016   4.4537796461679547E-017   2.7043420975374508E-018   3.4526186785465833E-016   1.1551426259222721E-016  -7.7269693387909223E-018  -1.8718499786715770E-031   2.4408138266019729E-031   4.8391891720525990E-031  -2.6664396420249577E-032  -9.3794278928063281E-031  -1.3340786259866719E-031  -5.3045048381504568E-032   2.0290278959818447E-031  -1.2671104104255124E-031  -5.1296291252465668E-031   3.9826265751372672E-031   1.1582451408754297E-030   4.5079827435188953E-031   7.3436579347465545E-032   7.8743412465134913E-031   8.2835841748902363E-032  -2.1298578255045728E-030  -9.8500321810236183E-019   3.4746202586377170E-018  -7.3996869436638267E-017  -5.9560827456323343E-018  -4.3617431530431837E-017   8.2035210167358293E-017  -1.5857019645633672E-016  -2.1792077009173931E-016   5.3038665886352466E-017   1.3539348787837603E-017  -3.5557971923963660E-017   2.0286330432308922E-017  -8.6677809798670181E-018  -2.6167088218063960E-017   3.8269157414145268E-017   9.8386195468462243E-018  -2.5593151766601865E-017  -2.1205693437876957E-032   5.1609072299874264E-032   3.7323972398788174E-032  -5.9497529893509776E-033  -1.4129432486803283E-031  -1.9530520262476582E-032   6.1978390873470660E-033   3.8452449852090332E-032  -1.1274634849982733E-032  -4.1711944403096862E-032   1.3677982571581697E-031   1.6134063525905779E-031   4.5657947786820306E-032   8.1839885095838808E-032   8.2835841748902363E-032   1.1089058586676544E-031  -1.4252749384673534E-031   3.2493544900467350E-017  -1.0665393581129486E-016  -1.8704394324282602E-016  -2.2145769399593337E-017  -1.1024539302741244E-016   3.9481090613375946E-016  -1.2472502721376327E-016  -1.1765936495790368E-016  -1.7838419956109904E-015   6.9870228726573639E-016   8.9100720053001791E-017  -4.3901710553445204E-016   1.7426348390835905E-016   1.4373995577519302E-017  -1.2883227871842609E-015   5.0460377674235034E-016   6.4388077950754528E-017   1.6176497402978849E-030  -3.5621888633777917E-030  -2.1877594700754342E-030  -1.6310739712447082E-031   4.3866662776574745E-030   7.4354390731263963E-031  -6.4228514195452905E-031  -6.6144479683951768E-031   2.3118785112435855E-031   3.0888057702278604E-030   2.8160052301065212E-030  -7.6045801732613371E-030   4.0261666551095334E-031  -5.0000123657718879E-031  -2.1298578255045728E-030  -1.4252749384673534E-031   1.1122807337435774E-029
