   1.0001820616456432       -3.8882617005465579E-004  -2.9237496848094602E-003  -1.1146545089852535E-003  -2.0995887654349085E-003   1.6884038541799595E-016   1.6017441315829670E-016   1.5658594227425612E-016   9.1076209654680866E-018   1.1431370542487620E-016   2.1413318107779185E-016   5.2031793283461580E-017  -4.3200765183188314E-018  -4.2658098107287875E-017   7.2119566478380760E-017  -7.0961945353020931E-017  -1.8627054720953103E-016   1.4234237336614600E-018   7.8222574393970572E-020  -5.0134223071185071E-018   4.4969456518057407E-018  -2.6045229782072774E-018  -7.7120521322426460E-019   4.1968159199160521E-019   4.7186406345316716E-018   1.5684181858103471E-016   1.5839103017060989E-016  -4.8704387344837083E-018  -2.1686973566848595E-017  -1.4134811185800075E-017   7.7016589900646923E-019   9.0455043848500756E-018   5.6092278903254167E-019  -6.1258684364995705E-018  -3.8882617005465579E-004  0.91194883306351049       -1.9048381528727669E-002   5.6885025937335083E-002  -9.2329092521697201E-003   8.5258094172337726E-016   3.0781194150694014E-016   3.1632238394706312E-016   1.9580213400151233E-016   1.5967196176601081E-016   7.7968342967296140E-016  -2.6804977445078185E-016  -2.6644449954882284E-017  -3.4274191676368390E-017   5.1197037141641893E-016   3.4273749877516381E-017  -7.9563423380410146E-016  -3.8487537301424887E-018   5.5992536650586885E-018  -2.6541956539746778E-017   7.4186739348224131E-018  -1.1030002983292703E-017   4.6974635357009718E-018   5.0986042263212449E-017  -1.0944844214971513E-016  -2.1392772980755167E-017  -1.8942405956389887E-016   3.1753896771951851E-017   1.2418756971804109E-016  -1.0415532450659784E-017   9.0686827534482856E-018   3.0733696044288986E-018   6.5777360138077523E-018  -1.9458463428892805E-017  -2.9237496848094602E-003  -1.9048381528727669E-002  0.35213826065582676        5.5166799170497965E-002  0.25355894233230586        6.7208449995316399E-016  -3.4852794495264975E-016  -3.6572596480170952E-016   1.0591426496995038E-015   4.4387244263306097E-016  -8.7624991398958337E-016  -1.8243778244769065E-016   2.9790558323627494E-016   2.3138116145784691E-016  -7.3057137938975594E-016   9.7061403639426616E-016   1.5430181234429705E-015  -4.3819685202586123E-018  -6.3378786945223821E-017   1.6340678539852756E-016  -7.5986319959233296E-017   1.2205048278799065E-016   1.9542416932401128E-018   1.6389290073466735E-017  -2.8341356371715514E-016  -6.0217895889764231E-017  -3.3282290159348574E-017  -1.2438036230393604E-016   1.9745378535605991E-017   2.9698436350543742E-017   2.1534862260832693E-017   1.0571045858260130E-016  -4.4349360011069450E-017  -7.5121460716726364E-018  -1.1146545089852535E-003   5.6885025937335083E-002   5.5166799170497965E-002   1.2577785981122845E-002   4.0017767577668929E-002  -6.2173141092345131E-016  -4.2457163563604959E-016  -2.0491713336622283E-016   1.8419994453573189E-016   8.2353653925982658E-017  -8.8924679426790746E-017  -1.1224442700482665E-016   1.3613269661082741E-017   2.0942707042520050E-017  -8.5185714853485128E-017   1.5693801490650983E-016   1.9466360101884244E-016  -9.5588298572242330E-019  -9.7861124564777025E-018   2.4438469939516568E-017  -1.1689158719307370E-017   1.8830684492759645E-017   6.2230659218708778E-019   5.9764938019973399E-018  -5.2602640301762543E-017  -1.1150994113863211E-017  -1.7880160775377706E-017  -1.7837272202620179E-017   1.1338968192971630E-017   4.0822827027198441E-018   4.0457004548452263E-018   1.7132505106001581E-017  -6.6733525920675028E-018  -2.4786178959928902E-018  -2.0995887654349085E-003  -9.2329092521697201E-003  0.25355894233230586        4.0017767577668929E-002  0.18259846618808614        4.9313079527988237E-016   2.6160893861200497E-016  -1.7224487739906271E-016   7.6387665479484450E-016   3.1944429999758385E-016  -6.2753083249266942E-016  -1.3233166452064908E-016   2.5700080319455080E-016   1.7396055687398764E-016  -5.2371527481964689E-016   7.0045649728899409E-016   1.1077506692981603E-015  -3.1753548186289230E-018  -4.5625537341285276E-017   1.1757473297805626E-016  -5.4698021663456094E-017   8.7861265215468192E-017   1.4307936072983975E-018   1.2056481117695003E-017  -2.0468744226038377E-016  -4.3480207158269775E-017  -2.4904848455722392E-017  -8.9437599476934800E-017   1.4834011259489209E-017   2.1341041056053471E-017   1.5556658200662418E-017   7.6160702273598977E-017  -3.1913415109274071E-017  -5.5069730751703424E-018   1.6884038541799595E-016   8.5258094172337726E-016   6.7208449995316399E-016  -6.2173141092345131E-016   4.9313079527988237E-016  0.91889865115283498       -3.8857805861880499E-016   4.1633363423443321E-016  -1.9294367998978631E-003   5.3952610608309974E-016  -8.9988780316307730E-018   7.6482855756265247E-002   2.9056618222611558E-016  -1.3183898417423707E-016   2.0393278623988451E-003  -1.2820690689639882E-017   7.3617327511767662E-017  -6.5599962527208295E-018  -5.4786555630951194E-017  -3.4195050384218560E-018  -4.1037999068689632E-018  -9.9053401009977637E-017   1.6141329644844325E-017  -6.2651659091162499E-017  -2.0306996272563046E-018  -8.0538523999828568E-017  -6.5335849303707929E-016   7.0921696821689006E-017  -6.0487865268232318E-017   8.3161444660555793E-018   9.7558722349593599E-018  -4.4065666693288970E-017  -5.8080737037509983E-017   1.2123437285111110E-017   1.6017441315829670E-016   3.0781194150694014E-016  -3.4852794495264975E-016  -4.2457163563604959E-016   2.6160893861200497E-016  -3.8857805861880499E-016  0.91889865115283864        1.6653345369377365E-016  -4.2950669063013303E-016  -1.9294367998945359E-003  -1.5601669262066372E-016   2.9403562917806890E-016   7.6482855756263401E-002   1.4918621893400531E-016   9.8009165887258427E-016   2.0393278623966099E-003   8.6898804124712515E-017  -8.0293948100558533E-018  -4.2654355904463903E-018   2.9778717643200820E-017   2.4741393383912889E-017  -2.4368177351903177E-017   1.6011125847189448E-017  -8.5920243876090530E-018   1.0788081216164404E-016   4.7905873515238460E-017  -4.0673800275587526E-016   4.2556782159722736E-018  -6.1368632548563755E-017   2.6949180949481628E-017  -1.0481667815848596E-017   4.4475860315761302E-017   5.9005588515557098E-017   8.5496073852047750E-017   1.5658594227425612E-016   3.1632238394706312E-016  -3.6572596480170952E-016  -2.0491713336622283E-016  -1.7224487739906271E-016   4.1633363423443321E-016   1.6653345369377365E-016  0.91889865115283520       -4.2283884726946906E-018   3.6765295668983406E-016  -1.9294367998968823E-003   8.6736173798840589E-017  -3.9551695252271236E-016   7.6482855756264470E-002  -9.5409791178715978E-018  -8.3483567281395043E-018   2.0393278623973073E-003  -7.2712628973124569E-020  -6.1115097875917463E-018   1.1725405583501164E-018  -4.3815615759164116E-017  -2.0326894886288662E-017   5.4200633103943313E-019  -2.5080585674717458E-017  -2.0770822801243666E-017  -5.1462148419581755E-017  -2.9656252166112866E-017   1.3181932670549100E-017  -5.5304536496951701E-018   1.1172989837657098E-016   3.1218091367251185E-017  -2.3016764826854270E-018   2.4521213393674478E-016   1.0690248511827886E-016   9.1076209654680866E-018   1.9580213400151233E-016   1.0591426496995038E-015   1.8419994453573189E-016   7.6387665479484450E-016  -1.9294367998978631E-003  -4.2950669063013303E-016  -4.2283884726946906E-018   4.0512915762033569E-006  -2.2949298914537482E-019   2.6046263125438205E-020  -1.6059315820333495E-004  -3.6435969259090040E-017  -6.7762635773482217E-021  -4.2820328660107415E-006  -9.2797753327336451E-019  -1.6220680939455895E-019   1.3774204762736966E-020   1.1503683941772824E-019   7.1800288864551994E-021   8.6168616632277208E-021   2.0798515355775704E-019  -3.3892394310267925E-020   1.3155141372070782E-019   4.2639159221627225E-021   1.6910895648783569E-019   1.3718748181968101E-018  -1.4891623966106605E-019   1.2700803625022728E-019  -1.7461637522132070E-020  -2.0484673561714678E-020   9.2525893713821528E-020   1.2195372282310149E-019  -2.5455915089073095E-020   1.1431370542487620E-016   1.5967196176601081E-016   4.4387244263306097E-016   8.2353653925982658E-017   3.1944429999758385E-016   5.3952610608309974E-016  -1.9294367998945359E-003   3.6765295668983406E-016  -2.2949298914537482E-019   4.0512915761893665E-006  -4.4511581378323675E-019   4.4242224900986356E-017  -1.6059315820305341E-004   3.0310226984548173E-017  -8.6254423810181473E-019  -4.2820328659986450E-006   6.3432179837700695E-019   1.6859541373750403E-020   8.9562525588184736E-021  -6.2527193398524115E-020  -5.1950184947821713E-020   5.1166532968800321E-020  -3.3619001811070938E-020   1.8040910189857859E-020  -2.2652031181719987E-019  -1.0058928171844676E-019   8.5403898400307996E-019  -8.9357647311830401E-021   1.2885740756052023E-019  -5.6585937290946473E-020   2.2008646527927426E-020  -9.3387188557125556E-020  -1.2389565893747921E-019  -1.7951846041960477E-019   2.1413318107779185E-016   7.7968342967296140E-016  -8.7624991398958337E-016  -8.8924679426790746E-017  -6.2753083249266942E-016  -8.9988780316307730E-018  -1.5601669262066372E-016  -1.9294367998968823E-003   2.6046263125438205E-020  -4.4511581378323675E-019   4.0512915761992361E-006  -8.5380921083183092E-019  -1.2136288068260395E-017  -1.6059315820325158E-004   1.4823076595056734E-021  -3.2780175058982463E-019  -4.2820328660053332E-006   1.5267670922202278E-022   1.2832505382898768E-020  -2.4620156969502736E-021   9.2000854882074804E-020   4.2680940897844075E-020  -1.1380656175479871E-021   5.2662396340508475E-020   4.3613068565415902E-020   1.0805649005803577E-019   6.2270049264482295E-020  -2.7678466995365511E-020   1.1612445810549424E-020  -2.3460234412806953E-019  -6.5549486040696481E-020   4.8328934875885007E-021  -5.1487866959553407E-019  -2.2446609158569961E-019   5.2031793283461580E-017  -2.6804977445078185E-016  -1.8243778244769065E-016  -1.1224442700482665E-016  -1.3233166452064908E-016   7.6482855756265247E-002   2.9403562917806890E-016   8.6736173798840589E-017  -1.6059315820333495E-004   4.4242224900986356E-017  -8.5380921083183092E-019   6.3659112104417961E-003   5.1608023410309832E-017  -6.7220534694102592E-018   1.6973974066008453E-004  -3.5744790374187471E-019   6.2409387553687967E-018  -5.4600934121410188E-019  -4.5600591822042726E-018  -2.8461627436650500E-019  -3.4157231152293608E-019  -8.2445294397909076E-018   1.3434941768519652E-018  -5.2146967450092932E-018  -1.6902158522121750E-019  -6.7034773706255073E-018  -5.4381104289785803E-017   5.9030382743490365E-018  -5.0345973067983484E-018   6.9217913950316792E-019   8.1201225835603859E-019  -3.6677255160601819E-018  -4.8342443723084210E-018   1.0090722235624486E-018  -4.3200765183188314E-018  -2.6644449954882284E-017   2.9790558323627494E-016   1.3613269661082741E-017   2.5700080319455080E-016   2.9056618222611558E-016   7.6482855756263401E-002  -3.9551695252271236E-016  -3.6435969259090040E-017  -1.6059315820305341E-004  -1.2136288068260395E-017   5.1608023410309832E-017   6.3659112104414604E-003  -2.1033522146218583E-017   8.2328214341328322E-017   1.6973974065989360E-004   6.3290301818855065E-018  -6.6831205410644738E-019  -3.5502576327925354E-019   2.4785773308668621E-018   2.0593048199784426E-018  -2.0282408632446471E-018   1.3326569008776311E-018  -7.1514150234887814E-019   8.9792629307657559E-018   3.9873581372079960E-018  -3.3854096919546217E-017   3.5421362598458484E-019  -5.1079063673478514E-018   2.2430659972378182E-018  -8.7242253173279260E-019   3.7018672351934680E-018   4.9112227007698631E-018   7.1161100040240996E-018  -4.2658098107287875E-017  -3.4274191676368390E-017   2.3138116145784691E-016   2.0942707042520050E-017   1.7396055687398764E-016  -1.3183898417423707E-016   1.4918621893400531E-016   7.6482855756264470E-002  -6.7762635773482217E-021   3.0310226984548173E-017  -1.6059315820325158E-004  -6.7220534694102592E-018  -2.1033522146218583E-017   6.3659112104416634E-003  -1.1519648082663205E-018  -3.9302328752536683E-019   1.6973974065995467E-004  -6.0521032503814051E-021  -5.0868038706008365E-019   9.7594277976433006E-020  -3.6469129819440000E-018  -1.6918720770894799E-018   4.5112909877345050E-020  -2.0875368725761472E-018  -1.7288216086219890E-018  -4.2833582022830979E-018  -2.4683841399119977E-018   1.0971741592671170E-018  -4.6031723762534845E-019   9.2996346120178113E-018   2.5983809814410581E-018  -1.9157585028759765E-019   2.0409785394766575E-017   8.8978336610134337E-018   7.2119566478380760E-017   5.1197037141641893E-016  -7.3057137938975594E-016  -8.5185714853485128E-017  -5.2371527481964689E-016   2.0393278623988451E-003   9.8009165887258427E-016  -9.5409791178715978E-018  -4.2820328660107415E-006  -8.6254423810181473E-019   1.4823076595056734E-021   1.6973974066008453E-004   8.2328214341328322E-017  -1.1519648082663205E-018   4.5259160247309215E-006   2.1490284663005542E-018   1.4060746924102158E-019  -1.4558714520500355E-020  -1.2158876198454904E-019  -7.5889673926604074E-021  -9.1076349727104060E-021  -2.1983094685343549E-019   3.5822735444885022E-020  -1.3904392377749357E-019  -4.5067672307960952E-021  -1.7874055618985814E-019  -1.4500099410465259E-018   1.5739776328529112E-019  -1.3424177826772812E-019   1.8456164992785370E-020   2.1651378033636932E-020  -9.7795705489627379E-020  -1.2889959644680363E-019   2.6905756595291023E-020  -7.0961945353020931E-017   3.4273749877516381E-017   9.7061403639426616E-016   1.5693801490650983E-016   7.0045649728899409E-016  -1.2820690689639882E-017   2.0393278623966099E-003  -8.3483567281395043E-018  -9.2797753327336451E-019  -4.2820328659986450E-006  -3.2780175058982463E-019  -3.5744790374187471E-019   1.6973974065989360E-004  -3.9302328752536683E-019   2.1490284663005542E-018   4.5259160247209807E-006   1.7342999595456766E-019  -1.7819776461525734E-020  -9.4663558751577370E-021   6.6088429361001413E-020   5.4909007450207192E-020  -5.4080722576860261E-020   3.5533771877401792E-020  -1.9068430132107046E-020   2.3942177495034070E-019   1.0631834371434029E-019  -9.0268076971825161E-019   9.4447011626631563E-021  -1.3619648051108793E-019   5.9808789043459985E-020  -2.3262148871775270E-020   9.8706055376692787E-020   1.3095213552202386E-019   1.8974293336184001E-019  -1.8627054720953103E-016  -7.9563423380410146E-016   1.5430181234429705E-015   1.9466360101884244E-016   1.1077506692981603E-015   7.3617327511767662E-017   8.6898804124712515E-017   2.0393278623973073E-003  -1.6220680939455895E-019   6.3432179837700695E-019  -4.2820328660053332E-006   6.2409387553687967E-018   6.3290301818855065E-018   1.6973974065995467E-004   1.4060746924102158E-019   1.7342999595456766E-019   4.5259160247240919E-006  -1.6137241037749212E-022  -1.3563380657675934E-020   2.6022397879333881E-021  -9.7240763074320141E-020  -4.5111833655580495E-020   1.2028841386423041E-021  -5.5661782839164996E-020  -4.6097050650139042E-020  -1.1421084686484624E-019  -6.5816639583552872E-020   2.9254893933142082E-020  -1.2273832598826137E-020   2.4796411936880111E-019   6.9282856663580386E-020  -5.1081509098501542E-021   5.4420358143691481E-019   2.3725055661764449E-019   1.4234237336614600E-018  -3.8487537301424887E-018  -4.3819685202586123E-018  -9.5588298572242330E-019  -3.1753548186289230E-018  -6.5599962527208295E-018  -8.0293948100558533E-018  -7.2712628973124569E-020   1.3774204762736966E-020   1.6859541373750403E-020   1.5267670922202278E-022  -5.4600934121410188E-019  -6.6831205410644738E-019  -6.0521032503814051E-021  -1.4558714520500355E-020  -1.7819776461525734E-020  -1.6137241037749212E-022   1.9177048069704336E-034   1.2071981009410478E-033  -2.1949788263564012E-033   7.5265318665072653E-034  -5.7944913134195182E-034  -3.0208517388546603E-034   8.8530227744495396E-035   3.1630874245979474E-033   1.2367540255912597E-033   9.7113604214545334E-033   8.8283672615399729E-034   1.3128543571893824E-034  -6.5297971431655903E-034  -2.9308411172102222E-034  -1.4150047258818267E-033   4.1304435872095232E-034  -6.6808060033675893E-034   7.8222574393970572E-020   5.5992536650586885E-018  -6.3378786945223821E-017  -9.7861124564777025E-018  -4.5625537341285276E-017  -5.4786555630951194E-017  -4.2654355904463903E-018  -6.1115097875917463E-018   1.1503683941772824E-019   8.9562525588184736E-021   1.2832505382898768E-020  -4.5600591822042726E-018  -3.5502576327925354E-019  -5.0868038706008365E-019  -1.2158876198454904E-019  -9.4663558751577370E-021  -1.3563380657675934E-020   1.2071981009410478E-033   1.4739386489031315E-032  -2.9393092047955307E-032   1.4103621205999502E-032  -1.5822746508723186E-032  -1.3802518416800430E-033   1.1156787020261820E-033   5.0469585765214030E-032   1.5631374394235255E-032   4.6503752081746419E-032   1.8112662897359234E-032   6.8231463420357640E-034  -6.7240179002423757E-033  -4.5925785568042360E-033  -1.6573395789531399E-032   9.5500952227873581E-033  -5.2320200834392116E-034  -5.0134223071185071E-018  -2.6541956539746778E-017   1.6340678539852756E-016   2.4438469939516568E-017   1.1757473297805626E-016  -3.4195050384218560E-018   2.9778717643200820E-017   1.1725405583501164E-018   7.1800288864551994E-021  -6.2527193398524115E-020  -2.4620156969502736E-021  -2.8461627436650500E-019   2.4785773308668621E-018   9.7594277976433006E-020  -7.5889673926604074E-021   6.6088429361001413E-020   2.6022397879333881E-021  -2.1949788263564012E-033  -2.9393092047955307E-032   7.7164277835079841E-032  -3.4578131350490279E-032   5.6281362368851306E-032   1.2757593303522687E-033   6.5177728653389021E-033  -1.2562197640621098E-031  -2.6251240599509237E-032  -2.3095107781207187E-032  -5.8291601730195062E-032   5.0363767460180315E-033   1.4988411319422591E-032   9.4545417520497232E-033   5.0449157367022419E-032  -1.8220644649483646E-032  -2.1519829115741131E-034   4.4969456518057407E-018   7.4186739348224131E-018  -7.5986319959233296E-017  -1.1689158719307370E-017  -5.4698021663456094E-017  -4.1037999068689632E-018   2.4741393383912889E-017  -4.3815615759164116E-017   8.6168616632277208E-021  -5.1950184947821713E-020   9.2000854882074804E-020  -3.4157231152293608E-019   2.0593048199784426E-018  -3.6469129819440000E-018  -9.1076349727104060E-021   5.4909007450207192E-020  -9.7240763074320141E-020   7.5265318665072653E-034   1.4103621205999502E-032  -3.4578131350490279E-032   1.9197458245345175E-032  -2.5603465839226438E-032  -7.3992386043128764E-035  -2.1015350339835917E-033   6.4616384732534253E-032   1.7612613719604409E-032   4.7893814146622538E-034   2.6076889853660977E-032  -5.0073126110099586E-033  -1.1133336896503084E-032  -6.4204034683810537E-033  -2.1236391312813568E-032  -2.5839330899700587E-034  -1.3246742164671831E-033  -2.6045229782072774E-018  -1.1030002983292703E-017   1.2205048278799065E-016   1.8830684492759645E-017   8.7861265215468192E-017  -9.9053401009977637E-017  -2.4368177351903177E-017  -2.0326894886288662E-017   2.0798515355775704E-019   5.1166532968800321E-020   4.2680940897844075E-020  -8.2445294397909076E-018  -2.0282408632446471E-018  -1.6918720770894799E-018  -2.1983094685343549E-019  -5.4080722576860261E-020  -4.5111833655580495E-020  -5.7944913134195182E-034  -1.5822746508723186E-032   5.6281362368851306E-032  -2.5603465839226438E-032   5.4099945371590556E-032  -1.5213668869855482E-033   1.2963657985360642E-032  -9.9810249272064377E-032  -1.2451015950201407E-032   7.1013713092061186E-032  -5.1271784635900426E-032   1.4539141719682097E-032   6.2757067896652355E-033   5.9484250228710471E-033   4.0202054266340837E-032  -1.6120256599436742E-032  -8.4361547825805889E-033  -7.7120521322426460E-019   4.6974635357009718E-018   1.9542416932401128E-018   6.2230659218708778E-019   1.4307936072983975E-018   1.6141329644844325E-017   1.6011125847189448E-017   5.4200633103943313E-019  -3.3892394310267925E-020  -3.3619001811070938E-020  -1.1380656175479871E-021   1.3434941768519652E-018   1.3326569008776311E-018   4.5112909877345050E-020   3.5822735444885022E-020   3.5533771877401792E-020   1.2028841386423041E-021  -3.0208517388546603E-034  -1.3802518416800430E-033   1.2757593303522687E-033  -7.3992386043128764E-035  -1.5213668869855482E-033   5.9957701634563972E-034  -9.0100728864230691E-034  -4.0069405483220743E-034  -1.1920860729778421E-033  -1.9893286727161758E-032   7.7385353075338335E-034  -1.3489240778596818E-033   8.1036778563792480E-034   1.7990284101130513E-034   6.2509236571941793E-034  -7.1714107400005344E-035   1.6239485515387282E-033   4.1968159199160521E-019   5.0986042263212449E-017   1.6389290073466735E-017   5.9764938019973399E-018   1.2056481117695003E-017  -6.2651659091162499E-017  -8.5920243876090530E-018  -2.5080585674717458E-017   1.3155141372070782E-019   1.8040910189857859E-020   5.2662396340508475E-020  -5.2146967450092932E-018  -7.1514150234887814E-019  -2.0875368725761472E-018  -1.3904392377749357E-019  -1.9068430132107046E-020  -5.5661782839164996E-020   8.8530227744495396E-035   1.1156787020261820E-033   6.5177728653389021E-033  -2.1015350339835917E-033   1.2963657985360642E-032  -9.0100728864230691E-034   8.7536036261029826E-033  -2.0598294982330571E-032   2.3332461534453129E-033   3.6813723880502584E-032  -9.6024035600929324E-033   1.2888044580253213E-032  -2.9961219048324997E-033   1.6636285374260484E-034   8.0778753301247185E-033  -5.1106131411034452E-033  -6.0283050556274603E-033   4.7186406345316716E-018  -1.0944844214971513E-016  -2.8341356371715514E-016  -5.2602640301762543E-017  -2.0468744226038377E-016  -2.0306996272563046E-018   1.0788081216164404E-016  -2.0770822801243666E-017   4.2639159221627225E-021  -2.2652031181719987E-019   4.3613068565415902E-020  -1.6902158522121750E-019   8.9792629307657559E-018  -1.7288216086219890E-018  -4.5067672307960952E-021   2.3942177495034070E-019  -4.6097050650139042E-020   3.1630874245979474E-033   5.0469585765214030E-032  -1.2562197640621098E-031   6.4616384732534253E-032  -9.9810249272064377E-032  -4.0069405483220743E-034  -2.0598294982330571E-032   2.5833863497645590E-031   5.9165676679106428E-032   7.7051590714733687E-033   9.6709172793890740E-032  -4.0044795513350287E-032  -2.2107542171647392E-032  -2.0689446726618180E-032  -8.0890162872965010E-032   3.6634961754762192E-032   1.6347180959457239E-032   1.5684181858103471E-016  -2.1392772980755167E-017  -6.0217895889764231E-017  -1.1150994113863211E-017  -4.3480207158269775E-017  -8.0538523999828568E-017   4.7905873515238460E-017  -5.1462148419581755E-017   1.6910895648783569E-019  -1.0058928171844676E-019   1.0805649005803577E-019  -6.7034773706255073E-018   3.9873581372079960E-018  -4.2833582022830979E-018  -1.7874055618985814E-019   1.0631834371434029E-019  -1.1421084686484624E-019   1.2367540255912597E-033   1.5631374394235255E-032  -2.6251240599509237E-032   1.7612613719604409E-032  -1.2451015950201407E-032  -1.1920860729778421E-033   2.3332461534453129E-033   5.9165676679106428E-032   4.7837557099710610E-032   7.3282698975882694E-032   1.2939857006599570E-032  -7.7065456688973942E-033  -1.2593087623031346E-032  -6.9601070453303723E-033  -1.0453404108799510E-032   1.9353446883836695E-033  -1.7392298590395036E-033   1.5839103017060989E-016  -1.8942405956389887E-016  -3.3282290159348574E-017  -1.7880160775377706E-017  -2.4904848455722392E-017  -6.5335849303707929E-016  -4.0673800275587526E-016  -2.9656252166112866E-017   1.3718748181968101E-018   8.5403898400307996E-019   6.2270049264482295E-020  -5.4381104289785803E-017  -3.3854096919546217E-017  -2.4683841399119977E-018  -1.4500099410465259E-018  -9.0268076971825161E-019  -6.5816639583552872E-020   9.7113604214545334E-033   4.6503752081746419E-032  -2.3095107781207187E-032   4.7893814146622538E-034   7.1013713092061186E-032  -1.9893286727161758E-032   3.6813723880502584E-032   7.7051590714733687E-033   7.3282698975882694E-032   7.1379583391976289E-031  -4.7164046865360011E-032   3.8802043803281073E-032  -2.4600133793753729E-032  -7.3373718012326073E-033   1.4510373661840691E-033   1.0610135283380388E-032  -4.6013204360779526E-032  -4.8704387344837083E-018   3.1753896771951851E-017  -1.2438036230393604E-016  -1.7837272202620179E-017  -8.9437599476934800E-017   7.0921696821689006E-017   4.2556782159722736E-018   1.3181932670549100E-017  -1.4891623966106605E-019  -8.9357647311830401E-021  -2.7678466995365511E-020   5.9030382743490365E-018   3.5421362598458484E-019   1.0971741592671170E-018   1.5739776328529112E-019   9.4447011626631563E-021   2.9254893933142082E-020   8.8283672615399729E-034   1.8112662897359234E-032  -5.8291601730195062E-032   2.6076889853660977E-032  -5.1271784635900426E-032   7.7385353075338335E-034  -9.6024035600929324E-033   9.6709172793890740E-032   1.2939857006599570E-032  -4.7164046865360011E-032   5.0337783998659363E-032  -8.4390069649900159E-033  -8.2806729192379380E-033  -6.1786409349133419E-033  -4.0383470772768520E-032   1.5086680353914990E-032   5.0093657493731752E-033  -2.1686973566848595E-017   1.2418756971804109E-016   1.9745378535605991E-017   1.1338968192971630E-017   1.4834011259489209E-017  -6.0487865268232318E-017  -6.1368632548563755E-017  -5.5304536496951701E-018   1.2700803625022728E-019   1.2885740756052023E-019   1.1612445810549424E-020  -5.0345973067983484E-018  -5.1079063673478514E-018  -4.6031723762534845E-019  -1.3424177826772812E-019  -1.3619648051108793E-019  -1.2273832598826137E-020   1.3128543571893824E-034   6.8231463420357640E-034   5.0363767460180315E-033  -5.0073126110099586E-033   1.4539141719682097E-032  -1.3489240778596818E-033   1.2888044580253213E-032  -4.0044795513350287E-032  -7.7065456688973942E-033   3.8802043803281073E-032  -8.4390069649900159E-033   2.6903863488802254E-032  -2.2677493371227073E-033   2.4641395152109255E-033   6.8676810906576510E-033  -3.5096466863952624E-033  -1.0171073448703887E-032  -1.4134811185800075E-017  -1.0415532450659784E-017   2.9698436350543742E-017   4.0822827027198441E-018   2.1341041056053471E-017   8.3161444660555793E-018   2.6949180949481628E-017   1.1172989837657098E-016  -1.7461637522132070E-020  -5.6585937290946473E-020  -2.3460234412806953E-019   6.9217913950316792E-019   2.2430659972378182E-018   9.2996346120178113E-018   1.8456164992785370E-020   5.9808789043459985E-020   2.4796411936880111E-019  -6.5297971431655903E-034  -6.7240179002423757E-033   1.4988411319422591E-032  -1.1133336896503084E-032   6.2757067896652355E-033   8.1036778563792480E-034  -2.9961219048324997E-033  -2.2107542171647392E-032  -1.2593087623031346E-032  -2.4600133793753729E-032  -8.2806729192379380E-033  -2.2677493371227073E-033   1.7233858033640387E-032   5.2806940737147398E-033   9.3181208760863951E-033   2.7237040379012989E-032   1.5260188679683549E-032   7.7016589900646923E-019   9.0686827534482856E-018   2.1534862260832693E-017   4.0457004548452263E-018   1.5556658200662418E-017   9.7558722349593599E-018  -1.0481667815848596E-017   3.1218091367251185E-017  -2.0484673561714678E-020   2.2008646527927426E-020  -6.5549486040696481E-020   8.1201225835603859E-019  -8.7242253173279260E-019   2.5983809814410581E-018   2.1651378033636932E-020  -2.3262148871775270E-020   6.9282856663580386E-020  -2.9308411172102222E-034  -4.5925785568042360E-033   9.4545417520497232E-033  -6.4204034683810537E-033   5.9484250228710471E-033   1.7990284101130513E-034   1.6636285374260484E-034  -2.0689446726618180E-032  -6.9601070453303723E-033  -7.3373718012326073E-033  -6.1786409349133419E-033   2.4641395152109255E-033   5.2806940737147398E-033   2.7165581786900516E-033   5.5195632163235137E-033   4.3759486226301448E-033   2.0968264992878167E-033   9.0455043848500756E-018   3.0733696044288986E-018   1.0571045858260130E-016   1.7132505106001581E-017   7.6160702273598977E-017  -4.4065666693288970E-017   4.4475860315761302E-017  -2.3016764826854270E-018   9.2525893713821528E-020  -9.3387188557125556E-020   4.8328934875885007E-021  -3.6677255160601819E-018   3.7018672351934680E-018  -1.9157585028759765E-019  -9.7795705489627379E-020   9.8706055376692787E-020  -5.1081509098501542E-021  -1.4150047258818267E-033  -1.6573395789531399E-032   5.0449157367022419E-032  -2.1236391312813568E-032   4.0202054266340837E-032   6.2509236571941793E-034   8.0778753301247185E-033  -8.0890162872965010E-032  -1.0453404108799510E-032   1.4510373661840691E-033  -4.0383470772768520E-032   6.8676810906576510E-033   9.3181208760863951E-033   5.5195632163235137E-033   3.6188872324404303E-032  -8.2442402155807335E-033   7.8058218928357593E-034   5.6092278903254167E-019   6.5777360138077523E-018  -4.4349360011069450E-017  -6.6733525920675028E-018  -3.1913415109274071E-017  -5.8080737037509983E-017   5.9005588515557098E-017   2.4521213393674478E-016   1.2195372282310149E-019  -1.2389565893747921E-019  -5.1487866959553407E-019  -4.8342443723084210E-018   4.9112227007698631E-018   2.0409785394766575E-017  -1.2889959644680363E-019   1.3095213552202386E-019   5.4420358143691481E-019   4.1304435872095232E-034   9.5500952227873581E-033  -1.8220644649483646E-032  -2.5839330899700587E-034  -1.6120256599436742E-032  -7.1714107400005344E-035  -5.1106131411034452E-033   3.6634961754762192E-032   1.9353446883836695E-033   1.0610135283380388E-032   1.5086680353914990E-032  -3.5096466863952624E-033   2.7237040379012989E-032   4.3759486226301448E-033  -8.2442402155807335E-033   7.8500685135512615E-032   3.4104868781597813E-032  -6.1258684364995705E-018  -1.9458463428892805E-017  -7.5121460716726364E-018  -2.4786178959928902E-018  -5.5069730751703424E-018   1.2123437285111110E-017   8.5496073852047750E-017   1.0690248511827886E-016  -2.5455915089073095E-020  -1.7951846041960477E-019  -2.2446609158569961E-019   1.0090722235624486E-018   7.1161100040240996E-018   8.8978336610134337E-018   2.6905756595291023E-020   1.8974293336184001E-019   2.3725055661764449E-019  -6.6808060033675893E-034  -5.2320200834392116E-034  -2.1519829115741131E-034  -1.3246742164671831E-033  -8.4361547825805889E-033   1.6239485515387282E-033  -6.0283050556274603E-033   1.6347180959457239E-032  -1.7392298590395036E-033  -4.6013204360779526E-032   5.0093657493731752E-033  -1.0171073448703887E-032   1.5260188679683549E-032   2.0968264992878167E-033   7.8058218928357593E-034   3.4104868781597813E-032   2.1183341469517130E-032
