   1.0002434675434650        5.5290207720298877E-004   2.5997757159048600E-003  -4.6418865060640803E-004   1.2294381396674430E-003  -3.7565396854199289E-016   3.6136849731370632E-016  -3.2340359737133343E-017  -9.9650876791188846E-016  -7.9237011582507847E-016   1.7635319763874393E-016  -5.7340324289284072E-016  -8.5472746087059631E-017   7.5441156944516827E-017  -6.2116502900503489E-016  -4.1242787429152320E-016   1.7939746501396183E-016   2.4082622936782978E-018  -3.5984790724115693E-018   2.4919812866320629E-018   5.2687311530089709E-018  -1.6100608711731692E-017  -1.3464512532213890E-018  -1.3667198979590119E-017   6.6478196012299747E-018   5.4583249196266427E-017  -2.6002409083641372E-016   2.0970284871827262E-016  -1.5228059079197465E-018   2.8802795400643019E-017  -2.3888047924772350E-018   2.8275426955609473E-019  -3.2130462865550589E-018   6.8642269171145304E-017   5.5290207720298877E-004  0.90586167596323119        1.7295203450075639E-002   6.5769015572075137E-002   9.7413261525241025E-003  -1.4132981024348039E-015   1.4336773879951861E-015  -3.8425807093342314E-017  -5.6658355851606947E-015  -3.7182856013861437E-015   9.7018972748014096E-016  -2.5732291570063825E-015  -1.0554753474714604E-015   3.6775455676893240E-016  -3.2258099629524842E-015  -1.5574703167812968E-015   3.5865570108976537E-016   5.1896738099004475E-018   1.6111189812899628E-017  -2.5369443230498173E-017  -4.1833413963949851E-018   5.6998543932107584E-017  -8.8501637217997816E-018   5.9334920985170268E-018   2.3731049384029824E-017   4.8567992515858727E-017   6.9860998797959679E-016  -8.3837644826185090E-017   1.6565278893211557E-016   6.2197852838886667E-017  -3.4103397528429980E-017   2.4545684158691542E-019  -2.9967286203009890E-017  -3.0051663617938693E-017   2.5997757159048600E-003   1.7295203450075639E-002  0.45330868175975381        5.1972105802960890E-002  0.24264687908255159       -1.4191114175643190E-015   6.4198141196016934E-016  -8.3243030595893135E-017  -6.1462974484712414E-015  -3.7882104454684934E-015   9.5127260569974733E-016  -2.2609963729994280E-015  -1.2436185428572863E-015   3.8795796651082105E-016  -2.7735350689700315E-015  -1.1444386713535271E-015   6.0409119027585263E-016   4.0051744593665265E-017  -2.0842578852313276E-017   6.3520885173730586E-017   5.7664503735934728E-018   3.4193853660561394E-017  -4.1158784743685159E-018   1.2611042212200699E-018  -1.5279404222141910E-016   3.0968308009299525E-017   3.7547219543509432E-016   1.1132151275670103E-016   3.1084774989637013E-017   9.1857395589719000E-017   9.8533544632041841E-018   1.1494472642389669E-017  -4.0138830033253197E-017  -9.3842570663692521E-020  -4.6418865060640803E-004   6.5769015572075137E-002   5.1972105802960890E-002   1.0454026327177958E-002   2.7853810144041841E-002   1.8554914177570529E-015  -2.4836836855603846E-015   1.0941834996691040E-016   4.5324018339633789E-015   2.7138087978527356E-015  -7.0364693394806696E-016   1.8601472416354110E-015   9.3374726048891384E-016  -2.6171111616566630E-016   2.4934198059345042E-015   1.5926921410118487E-015  -3.8063477940568872E-016   4.8482443371212981E-018  -1.1955151883106398E-018   5.3225416733698260E-018   3.4668055493649963E-019   7.8578466225782298E-018  -1.0834125393515257E-018   5.7016679212113397E-019  -1.5440863846302879E-017   6.8464950010298570E-018   9.1475472373493013E-017   6.3900273634448435E-018   1.5154650652024360E-017   1.4644960121956968E-017  -1.2980060894733393E-018   1.3040691192997399E-018  -6.6033494345639385E-018  -2.1826500459165535E-018   1.2294381396674430E-003   9.7413261525241025E-003  0.24264687908255159        2.7853810144041841E-002  0.12988420330005468        1.6209535790461786E-016   4.1484574567255510E-016  -1.9836764482248018E-017   2.9801357268878731E-015   1.3402790780056185E-015  -6.4077249027037044E-016   1.2617398345067390E-015   6.3644186994964356E-016  -2.3389262436846740E-016   1.8960584754384337E-015   1.2032660501824531E-015  -2.9663167813471457E-016   2.1440483433367736E-017  -1.1147009144025064E-017   3.3986237807042578E-017   3.0834603582006209E-018   1.8335673781978103E-017  -2.2075754495752665E-018   6.8040814073955533E-019  -8.1772958253570750E-017   1.6593186329435675E-017   2.0139076756039131E-016   5.9507123594363665E-017   1.6727192615330016E-017   4.9196155064673306E-017   5.2562748598869335E-018   6.1526180707845279E-018  -2.1500204287560591E-017  -7.7431889667268815E-020  -3.7565396854199289E-016  -1.4132981024348039E-015  -1.4191114175643190E-015   1.8554914177570529E-015   1.6209535790461786E-016  0.94406037206881421       -4.4396046084207996E-016  -8.2553525105298620E-017   5.1318798444941445E-003   2.1076890233118206E-015  -1.8290490649830460E-016   5.9701739699585379E-002   8.8882894100361653E-016  -2.1922567927656900E-016   3.5524326226043291E-003   1.0080911799770220E-015  -2.0984733048456938E-016   1.4309620793695962E-017   5.0351661294011996E-017   4.4407914729339792E-017   7.3604011744264245E-019   7.5399145964829207E-017  -1.7548936735033528E-017   9.5184790447629554E-018  -3.6593064266441070E-017   2.8928175605383196E-016   5.2842378399587850E-016  -9.7559913168155846E-018  -9.1594653529631288E-017   7.0553066288055905E-017   1.9104002365713283E-017  -8.5240033156356130E-018   3.0721788853404437E-017  -2.9208712126518109E-016   3.6136849731370632E-016   1.4336773879951861E-015   6.4198141196016934E-016  -2.4836836855603846E-015   4.1484574567255510E-016  -4.4396046084207996E-016  0.94406037206881355        6.8000652038522486E-017  -2.1835831753858059E-015   5.1318798444897513E-003   2.4866176825955044E-016  -3.4531839193663316E-016   5.9701739699584089E-002   5.0090140368830305E-017  -8.9273206882456435E-016   3.5524326226028633E-003   6.2233204700667955E-017  -1.8861801914239592E-017  -4.1385383682136341E-017   4.3583667541869504E-017  -7.0949616216716464E-018  -1.3180877481341057E-016   4.1259188197212138E-017   4.6498308630916522E-018   4.9811146946226706E-017  -1.6650946506089261E-016  -1.1642988528919706E-015   6.9212902330240623E-017   7.6156487114834021E-017  -1.5639218240533836E-016  -4.9775828123902494E-018  -1.1025631281939060E-016  -1.7754439237237432E-018   2.2626075449822147E-016  -3.2340359737133343E-017  -3.8425807093342314E-017  -8.3243030595893135E-017   1.0941834996691040E-016  -1.9836764482248018E-017  -8.2553525105298620E-017   6.8000652038522486E-017  0.94406037206881288        1.1281123604711674E-016  -3.6125616387217008E-016   5.1318798444900844E-003   6.3263196764529184E-017  -2.4017788625985137E-016   5.9701739699584894E-002   3.6467140071549942E-016  -1.6805133673525319E-016   3.5524326226032098E-003  -1.0298122491115719E-018  -3.3492825818730001E-017   1.8626426673118411E-016   2.6752797154229704E-017   1.4930636325037479E-016  -4.1803354547438428E-019  -3.7012574231781743E-017  -4.7453596013077656E-017  -1.5292528999206427E-018   1.7520473286306330E-016   1.6703812952720173E-017   1.2518605773709921E-016   7.6520030227718151E-017   8.8073959481641579E-017  -9.8191429565167531E-017   4.5166060751395417E-018  -4.9549183556968040E-017  -9.9650876791188846E-016  -5.6658355851606947E-015  -6.1462974484712414E-015   4.5324018339633789E-015   2.9801357268878731E-015   5.1318798444941445E-003  -2.1835831753858059E-015   1.1281123604711674E-016  0.37244476627261242        4.1633363423443370E-016   2.2898349882893854E-016  0.14381125137041437        3.2196467714129540E-015  -3.9204750557075840E-016  0.20077571943400657        2.4980018054066022E-015  -7.2511441295830537E-016   2.1723055066372169E-016   3.0960583965452354E-017   2.2135612864608137E-016   4.3397826622958583E-016   2.4790468216375996E-015   7.6306869547989553E-017   1.4865659462827408E-016  -2.0752784508202998E-016   5.4680659558763149E-016   3.1949852649029925E-015   2.9380219579249500E-016  -5.7446193777035073E-017   6.0333673283356131E-016   5.9151231313469047E-017   2.4174287499991528E-016   4.8402719634850972E-017  -5.4803436233436471E-016  -7.9237011582507847E-016  -3.7182856013861437E-015  -3.7882104454684934E-015   2.7138087978527356E-015   1.3402790780056185E-015   2.1076890233118206E-015   5.1318798444897513E-003  -3.6125616387217008E-016   4.1633363423443370E-016  0.37244476627260270       -4.9960036108132044E-016  -3.2335245592207684E-015  0.14381125137041717        4.1459891075845690E-016  -2.7616797737550769E-015  0.20077571943400541        4.1980308118638732E-016   1.7896648095717512E-017  -1.6472386570622005E-016   2.1776715903696339E-016   2.3590457783144081E-016   2.2857474204588944E-015   1.5151705114306466E-016   5.4757576362565792E-017   5.1206117516446376E-017   1.7557167481954107E-016   2.2124809275888986E-015  -3.4318619761867614E-016  -1.0388607983645407E-016   2.3184861261335829E-016  -9.5853418968611779E-017   1.4382007811101303E-016  -4.3524424730245471E-017  -6.2422436048961630E-016   1.7635319763874393E-016   9.7018972748014096E-016   9.5127260569974733E-016  -7.0364693394806696E-016  -6.4077249027037044E-016  -1.8290490649830460E-016   2.4866176825955044E-016   5.1318798444900844E-003   2.2898349882893854E-016  -4.9960036108132044E-016  0.37244476627260276        5.2041704279304213E-016  -5.1694759584108851E-016  0.14381125137041600        5.9674487573602164E-016  -3.9898639947466563E-016  0.20077571943400604       -2.3713364228555919E-017  -5.5902626522975149E-017   1.0851738941672415E-016   1.6201252950557771E-016  -2.1115242012679938E-016  -1.3923779036932020E-017  -1.2280339474993171E-016   9.0522880376223347E-018   2.8322571592019229E-016  -3.2880098107374501E-016   1.5504204712023895E-017  -8.2716552563821246E-018  -3.3212430844948621E-017   1.8163593593031498E-016  -8.5997095253395149E-017   4.3949535751051401E-017   8.3879339647716699E-017  -5.7340324289284072E-016  -2.5732291570063825E-015  -2.2609963729994280E-015   1.8601472416354110E-015   1.2617398345067390E-015   5.9701739699585379E-002  -3.4531839193663316E-016   6.3263196764529184E-017  0.14381125137041437       -3.2335245592207684E-015   5.2041704279304213E-016   5.9058807828230572E-002  -3.4694469519536142E-017   6.9388939039072284E-018   7.7573130056650563E-002  -8.6736173798840355E-016  -5.5511151231257827E-017   8.4570680775849150E-017   1.5007403980762025E-017   8.8000562964651508E-017   1.6725041601559982E-016   9.5975037027500598E-016   2.8326880415650882E-017   5.7857195166901365E-017  -8.2194891258825670E-017   2.2836461013693845E-016   1.2632910277263272E-015   1.1260111367066615E-016  -2.7733717667301990E-017   2.3677068668337486E-016   2.3958207873961904E-017   9.2618756727988144E-017   2.0527333912322599E-017  -2.2900918436578802E-016  -8.5472746087059631E-017  -1.0554753474714604E-015  -1.2436185428572863E-015   9.3374726048891384E-016   6.3644186994964356E-016   8.8882894100361653E-016   5.9701739699584089E-002  -2.4017788625985137E-016   3.2196467714129540E-015  0.14381125137041717       -5.1694759584108851E-016  -3.4694469519536142E-017   5.9058807828234236E-002   2.9490299091605721E-017   6.0368376963992887E-016   7.7573130056653700E-002  -1.5612511283791264E-017   5.7420104668450461E-018  -6.5996176754645918E-017   8.6567387492673919E-017   9.0456725780529972E-017   8.7260525523069178E-016   6.0900070113374807E-017   2.1381598311431548E-017   2.2774659077604619E-017   5.7463961964611199E-017   7.8124522840808391E-016  -1.2799255111226259E-016  -3.5369188090637589E-017   7.9765254715362855E-017  -3.7235259356295392E-017   4.8670135976734402E-017  -1.6877876857602107E-017  -2.2666972154066787E-016   7.5441156944516827E-017   3.6775455676893240E-016   3.8795796651082105E-016  -2.6171111616566630E-016  -2.3389262436846740E-016  -2.1922567927656900E-016   5.0090140368830305E-017   5.9701739699584894E-002  -3.9204750557075840E-016   4.1459891075845690E-016  0.14381125137041600        6.9388939039072284E-018   2.9490299091605721E-017   5.9058807828233438E-002  -1.2143064331837650E-017   1.7780915628762273E-016   7.7573130056653339E-002  -9.1993764999875050E-018  -2.3586372024576793E-017   5.3199260971490757E-017   6.4056830564851578E-017  -7.2224579574989632E-017  -5.3901868716464984E-018  -4.9577463851697634E-017   5.8616611956004272E-019   1.0902917563527967E-016  -1.1596927711102370E-016   6.9948943105396709E-018   4.4675458264164427E-018  -8.1174470175331422E-018   7.5366916962400407E-017  -3.9137317352917570E-017   1.7209274008747451E-017   2.9287788462098872E-017  -6.2116502900503489E-016  -3.2258099629524842E-015  -2.7735350689700315E-015   2.4934198059345042E-015   1.8960584754384337E-015   3.5524326226043291E-003  -8.9273206882456435E-016   3.6467140071549942E-016  0.20077571943400657       -2.7616797737550769E-015   5.9674487573602164E-016   7.7573130056650563E-002   6.0368376963992887E-016  -1.2143064331837650E-017  0.10823385610279321       -2.6367796834847468E-016  -1.3704315460216776E-016   1.1711301440536406E-016   1.6731649037649034E-017   1.1936202343155893E-016   2.3394253445355644E-016   1.3364268819800723E-015   4.1119650771151457E-017   8.0143296156357420E-017  -1.1190119136561182E-016   2.9500443151480389E-016   1.7227404818253713E-015   1.5836997030616693E-016  -3.1043418178168901E-017   3.2529566235618836E-016   3.1902186432368604E-017   1.3030770696459038E-016   2.6117727106006344E-017  -2.9566861171747901E-016  -4.1242787429152320E-016  -1.5574703167812968E-015  -1.1444386713535271E-015   1.5926921410118487E-015   1.2032660501824531E-015   1.0080911799770220E-015   3.5524326226028633E-003  -1.6805133673525319E-016   2.4980018054066022E-015  0.20077571943400541       -3.9898639947466563E-016  -8.6736173798840355E-016   7.7573130056653700E-002   1.7780915628762273E-016  -2.6367796834847468E-016  0.10823385610279478        1.5785983631388945E-016   9.6317287037362958E-018  -8.8831110760316494E-017   1.1742665399701254E-016   1.2716168281968169E-016   1.2320536744054132E-015   8.1711691618738859E-017   2.9521692110577379E-017   2.7644830844556337E-017   9.4505677878194631E-017   1.1916987201097911E-015  -1.8494158841562138E-016  -5.5937804868627373E-017   1.2485095474283699E-016  -5.1675241181394316E-017   7.7436381532248126E-017  -2.3463914835223564E-017  -3.3630829727336701E-016   1.7939746501396183E-016   3.5865570108976537E-016   6.0409119027585263E-016  -3.8063477940568872E-016  -2.9663167813471457E-016  -2.0984733048456938E-016   6.2233204700667955E-017   3.5524326226032098E-003  -7.2511441295830537E-016   4.1980308118638732E-016  0.20077571943400604       -5.5511151231257827E-017  -1.5612511283791264E-017   7.7573130056653339E-002  -1.3704315460216776E-016   1.5785983631388945E-016  0.10823385610279547       -1.2783870827186706E-017  -3.0162961678859063E-017   5.8652866599276994E-017   8.7357344828545755E-017  -1.1370028867763170E-016  -7.5061516336186937E-018  -6.6229666589681489E-017   4.8402499508277530E-018   1.5267542369940600E-016  -1.7709879206990922E-016   8.3716612194515532E-018  -4.3547192941420808E-018  -1.7839904814809444E-017   9.7986666392345697E-017  -4.6439664682462964E-017   2.3695359032455822E-017   4.5175051041758173E-017   2.4082622936782978E-018   5.1896738099004475E-018   4.0051744593665265E-017   4.8482443371212981E-018   2.1440483433367736E-017   1.4309620793695962E-017  -1.8861801914239592E-017  -1.0298122491115719E-018   2.1723055066372169E-016   1.7896648095717512E-017  -2.3713364228555919E-017   8.4570680775849150E-017   5.7420104668450461E-018  -9.1993764999875050E-018   1.1711301440536406E-016   9.6317287037362958E-018  -1.2783870827186706E-017   1.3315201982603360E-031   1.3335867880790000E-032   1.3770336361636985E-031   2.5477207758001988E-031   1.5760941641586666E-030   5.1256195840157882E-032   9.7297315216822366E-032  -1.3388466325562226E-031   3.1917908026004878E-031   2.0559711372614802E-030   1.6214393946632759E-031  -3.7315626896370480E-032   3.7748903311362183E-031   1.9285066672431048E-032   1.5660147789696208E-031   2.0054752452702075E-032  -3.6308760958632927E-031  -3.5984790724115693E-018   1.6111189812899628E-017  -2.0842578852313276E-017  -1.1955151883106398E-018  -1.1147009144025064E-017   5.0351661294011996E-017  -4.1385383682136341E-017  -3.3492825818730001E-017   3.0960583965452354E-017  -1.6472386570622005E-016  -5.5902626522975149E-017   1.5007403980762025E-017  -6.5996176754645918E-017  -2.3586372024576793E-017   1.6731649037649034E-017  -8.8831110760316494E-017  -3.0162961678859063E-017   1.3335867880790000E-032   9.0499854362768004E-032  -1.0354698842317622E-031  -9.3641262451962657E-032  -7.6996645487980684E-031  -6.1146939357398560E-032   8.1294849345577967E-033  -3.5875770665660403E-032  -5.3347097562409341E-032  -5.9825764188098665E-031   1.6202128490342698E-031   3.1700611276533662E-032  -4.3391852913338079E-032   1.7111993306414087E-032  -2.3751345040135179E-032   1.9504272983265159E-032   1.9411445432395807E-031   2.4919812866320629E-018  -2.5369443230498173E-017   6.3520885173730586E-017   5.3225416733698260E-018   3.3986237807042578E-017   4.4407914729339792E-017   4.3583667541869504E-017   1.8626426673118411E-016   2.2135612864608137E-016   2.1776715903696339E-016   1.0851738941672415E-016   8.8000562964651508E-017   8.6567387492673919E-017   5.3199260971490757E-017   1.1936202343155893E-016   1.1742665399701254E-016   5.8652866599276994E-017   1.3770336361636985E-031  -1.0354698842317622E-031   3.3998589619270792E-031   4.4814426752251389E-031   2.7759511527669416E-030   1.3039843878479151E-031   7.8135555610946106E-032  -1.2174461501164368E-031   5.1718257049601668E-031   3.1327923890117979E-030   3.0270005208168294E-033  -7.4109210115862130E-032   5.0653006257182660E-031   5.1859972987419842E-032   1.7999545589587764E-031   1.3398011353142646E-032  -6.7749429559484923E-031   5.2687311530089709E-018  -4.1833413963949851E-018   5.7664503735934728E-018   3.4668055493649963E-019   3.0834603582006209E-018   7.3604011744264245E-019  -7.0949616216716464E-018   2.6752797154229704E-017   4.3397826622958583E-016   2.3590457783144081E-016   1.6201252950557771E-016   1.6725041601559982E-016   9.0456725780529972E-017   6.4056830564851578E-017   2.3394253445355644E-016   1.2716168281968169E-016   8.7357344828545755E-017   2.5477207758001988E-031  -9.3641262451962657E-032   4.4814426752251389E-031   7.2647543856026462E-031   4.2501455857703820E-030   1.7847840128618905E-031   1.5339504987736164E-031  -2.0907794642111540E-031   8.7214935619057480E-031   4.9963361972551448E-030   1.3434898274855608E-031  -1.3384139255753087E-031   8.3985510835304839E-031   8.9663599856878067E-032   3.3429324081841479E-031   4.7509080500463102E-032  -9.9927701608202935E-031  -1.6100608711731692E-017   5.6998543932107584E-017   3.4193853660561394E-017   7.8578466225782298E-018   1.8335673781978103E-017   7.5399145964829207E-017  -1.3180877481341057E-016   1.4930636325037479E-016   2.4790468216375996E-015   2.2857474204588944E-015  -2.1115242012679938E-016   9.5975037027500598E-016   8.7260525523069178E-016  -7.2224579574989632E-017   1.3364268819800723E-015   1.2320536744054132E-015  -1.1370028867763170E-016   1.5760941641586666E-030  -7.6996645487980684E-031   2.7759511527669416E-030   4.2501455857703820E-030   3.0709439674422213E-029   1.4372363619125021E-030   1.3897945039645738E-030  -1.0996782606817512E-030   4.6015829819002160E-030   3.5362556352645995E-029  -1.7055358207997860E-031  -9.9993656723114736E-031   5.5104334524649538E-030  -2.8363181837113132E-031   2.5445835129163349E-030   2.7561511988552551E-032  -7.5905189319935773E-030  -1.3464512532213890E-018  -8.8501637217997816E-018  -4.1158784743685159E-018  -1.0834125393515257E-018  -2.2075754495752665E-018  -1.7548936735033528E-017   4.1259188197212138E-017  -4.1803354547438428E-019   7.6306869547989553E-017   1.5151705114306466E-016  -1.3923779036932020E-017   2.8326880415650882E-017   6.0900070113374807E-017  -5.3901868716464984E-018   4.1119650771151457E-017   8.1711691618738859E-017  -7.5061516336186937E-018   5.1256195840157882E-032  -6.1146939357398560E-032   1.3039843878479151E-031   1.7847840128618905E-031   1.4372363619125021E-030   7.9908750398156387E-032   5.7297208892329304E-032  -1.8218110820813263E-032   1.5949960104012829E-031   1.4981593637329724E-030  -7.7103451385417605E-032  -5.0603704422637785E-032   2.0987207153705993E-031  -3.3954061174961915E-032   1.0674869036502525E-031  -9.4332252083297299E-033  -3.5379976186125455E-031  -1.3667198979590119E-017   5.9334920985170268E-018   1.2611042212200699E-018   5.7016679212113397E-019   6.8040814073955533E-019   9.5184790447629554E-018   4.6498308630916522E-018  -3.7012574231781743E-017   1.4865659462827408E-016   5.4757576362565792E-017  -1.2280339474993171E-016   5.7857195166901365E-017   2.1381598311431548E-017  -4.9577463851697634E-017   8.0143296156357420E-017   2.9521692110577379E-017  -6.6229666589681489E-017   9.7297315216822366E-032   8.1294849345577967E-033   7.8135555610946106E-032   1.5339504987736164E-031   1.3897945039645738E-030   5.7297208892329304E-032   1.0950153990826408E-031  -7.6908095482087120E-032   1.5206428141581806E-031   1.7101955875316833E-030   5.8155871474134564E-032  -3.9381567200638610E-032   2.8305661338643788E-031  -5.3608213601730280E-032   1.4908889280672837E-031  -1.7401725598086441E-033  -3.3869234782247408E-031   6.6478196012299747E-018   2.3731049384029824E-017  -1.5279404222141910E-016  -1.5440863846302879E-017  -8.1772958253570750E-017  -3.6593064266441070E-017   4.9811146946226706E-017  -4.7453596013077656E-017  -2.0752784508202998E-016   5.1206117516446376E-017   9.0522880376223347E-018  -8.2194891258825670E-017   2.2774659077604619E-017   5.8616611956004272E-019  -1.1190119136561182E-016   2.7644830844556337E-017   4.8402499508277530E-018  -1.3388466325562226E-031  -3.5875770665660403E-032  -1.2174461501164368E-031  -2.0907794642111540E-031  -1.0996782606817512E-030  -1.8218110820813263E-032  -7.6908095482087120E-032   1.8157659242666846E-031  -3.0072505590529074E-031  -1.6787685154965476E-030  -2.4583505190128729E-031   1.3370873466812706E-032  -3.4835158159062879E-031  -5.1345298451403581E-032  -1.2142171803205102E-031  -2.0639869419760878E-032   2.4609007686002289E-031   5.4583249196266427E-017   4.8567992515858727E-017   3.0968308009299525E-017   6.8464950010298570E-018   1.6593186329435675E-017   2.8928175605383196E-016  -1.6650946506089261E-016  -1.5292528999206427E-018   5.4680659558763149E-016   1.7557167481954107E-016   2.8322571592019229E-016   2.2836461013693845E-016   5.7463961964611199E-017   1.0902917563527967E-016   2.9500443151480389E-016   9.4505677878194631E-017   1.5267542369940600E-016   3.1917908026004878E-031  -5.3347097562409341E-032   5.1718257049601668E-031   8.7214935619057480E-031   4.6015829819002160E-030   1.5949960104012829E-031   1.5206428141581806E-031  -3.0072505590529074E-031   1.2228467899597218E-030   5.8882173527528561E-030   2.7827427283182701E-031  -1.7067300889884138E-031   1.0274049395327588E-030   1.8413943744333377E-031   3.7520875436780356E-031   8.8732645738770257E-032  -1.1595821745634587E-030  -2.6002409083641372E-016   6.9860998797959679E-016   3.7547219543509432E-016   9.1475472373493013E-017   2.0139076756039131E-016   5.2842378399587850E-016  -1.1642988528919706E-015   1.7520473286306330E-016   3.1949852649029925E-015   2.2124809275888986E-015  -3.2880098107374501E-016   1.2632910277263272E-015   7.8124522840808391E-016  -1.1596927711102370E-016   1.7227404818253713E-015   1.1916987201097911E-015  -1.7709879206990922E-016   2.0559711372614802E-030  -5.9825764188098665E-031   3.1327923890117979E-030   4.9963361972551448E-030   3.5362556352645995E-029   1.4981593637329724E-030   1.7101955875316833E-030  -1.6787685154965476E-030   5.8882173527528561E-030   4.3533439459068223E-029   3.4120343145067830E-031  -1.0730178533265342E-030   6.9438918653335730E-030  -2.0929790911724843E-031   3.1308643132893911E-030   8.1557025858999873E-032  -8.9772075865291584E-030   2.0970284871827262E-016  -8.3837644826185090E-017   1.1132151275670103E-016   6.3900273634448435E-018   5.9507123594363665E-017  -9.7559913168155846E-018   6.9212902330240623E-017   1.6703812952720173E-017   2.9380219579249500E-016  -3.4318619761867614E-016   1.5504204712023895E-017   1.1260111367066615E-016  -1.2799255111226259E-016   6.9948943105396709E-018   1.5836997030616693E-016  -1.8494158841562138E-016   8.3716612194515532E-018   1.6214393946632759E-031   1.6202128490342698E-031   3.0270005208168294E-033   1.3434898274855608E-031  -1.7055358207997860E-031  -7.7103451385417605E-032   5.8155871474134564E-032  -2.4583505190128729E-031   2.7827427283182701E-031   3.4120343145067830E-031   6.3454417639305229E-031   5.0914963468206339E-032   2.7160924990699526E-031   1.4875408114648401E-031   4.7170785113436865E-032   7.1943220823348052E-032   1.8528872797425651E-031  -1.5228059079197465E-018   1.6565278893211557E-016   3.1084774989637013E-017   1.5154650652024360E-017   1.6727192615330016E-017  -9.1594653529631288E-017   7.6156487114834021E-017   1.2518605773709921E-016  -5.7446193777035073E-017  -1.0388607983645407E-016  -8.2716552563821246E-018  -2.7733717667301990E-017  -3.5369188090637589E-017   4.4675458264164427E-018  -3.1043418178168901E-017  -5.5937804868627373E-017  -4.3547192941420808E-018  -3.7315626896370480E-032   3.1700611276533662E-032  -7.4109210115862130E-032  -1.3384139255753087E-031  -9.9993656723114736E-031  -5.0603704422637785E-032  -3.9381567200638610E-032   1.3370873466812706E-032  -1.7067300889884138E-031  -1.0730178533265342E-030   5.0914963468206339E-032   1.0178120575059830E-031  -1.4896450374458035E-031   1.7292801112913585E-032  -9.5700507175661203E-032  -6.6836686331152160E-033   2.9113615752876038E-031   2.8802795400643019E-017   6.2197852838886667E-017   9.1857395589719000E-017   1.4644960121956968E-017   4.9196155064673306E-017   7.0553066288055905E-017  -1.5639218240533836E-016   7.6520030227718151E-017   6.0333673283356131E-016   2.3184861261335829E-016  -3.3212430844948621E-017   2.3677068668337486E-016   7.9765254715362855E-017  -8.1174470175331422E-018   3.2529566235618836E-016   1.2485095474283699E-016  -1.7839904814809444E-017   3.7748903311362183E-031  -4.3391852913338079E-032   5.0653006257182660E-031   8.3985510835304839E-031   5.5104334524649538E-030   2.0987207153705993E-031   2.8305661338643788E-031  -3.4835158159062879E-031   1.0274049395327588E-030   6.9438918653335730E-030   2.7160924990699526E-031  -1.4896450374458035E-031   1.1852324506706352E-030   2.8449201320512795E-032   5.0141066706256491E-031   3.9834030574233596E-032  -1.3464712142914569E-030  -2.3888047924772350E-018  -3.4103397528429980E-017   9.8533544632041841E-018  -1.2980060894733393E-018   5.2562748598869335E-018   1.9104002365713283E-017  -4.9775828123902494E-018   8.8073959481641579E-017   5.9151231313469047E-017  -9.5853418968611779E-017   1.8163593593031498E-016   2.3958207873961904E-017  -3.7235259356295392E-017   7.5366916962400407E-017   3.1902186432368604E-017  -5.1675241181394316E-017   9.7986666392345697E-017   1.9285066672431048E-032   1.7111993306414087E-032   5.1859972987419842E-032   8.9663599856878067E-032  -2.8363181837113132E-031  -3.3954061174961915E-032  -5.3608213601730280E-032  -5.1345298451403581E-032   1.8413943744333377E-031  -2.0929790911724843E-031   1.4875408114648401E-031   1.7292801112913585E-032   2.8449201320512795E-032   1.3230344843908899E-031  -4.8891865229416664E-032   4.1481608038481204E-032   1.0447776636424932E-031   2.8275426955609473E-019   2.4545684158691542E-019   1.1494472642389669E-017   1.3040691192997399E-018   6.1526180707845279E-018  -8.5240033156356130E-018  -1.1025631281939060E-016  -9.8191429565167531E-017   2.4174287499991528E-016   1.4382007811101303E-016  -8.5997095253395149E-017   9.2618756727988144E-017   4.8670135976734402E-017  -3.9137317352917570E-017   1.3030770696459038E-016   7.7436381532248126E-017  -4.6439664682462964E-017   1.5660147789696208E-031  -2.3751345040135179E-032   1.7999545589587764E-031   3.3429324081841479E-031   2.5445835129163349E-030   1.0674869036502525E-031   1.4908889280672837E-031  -1.2142171803205102E-031   3.7520875436780356E-031   3.1308643132893911E-030   4.7170785113436865E-032  -9.5700507175661203E-032   5.0141066706256491E-031  -4.8891865229416664E-032   2.5605495909423835E-031   2.8099272072290241E-033  -6.3524737345449021E-031  -3.2130462865550589E-018  -2.9967286203009890E-017  -4.0138830033253197E-017  -6.6033494345639385E-018  -2.1500204287560591E-017   3.0721788853404437E-017  -1.7754439237237432E-018   4.5166060751395417E-018   4.8402719634850972E-017  -4.3524424730245471E-017   4.3949535751051401E-017   2.0527333912322599E-017  -1.6877876857602107E-017   1.7209274008747451E-017   2.6117727106006344E-017  -2.3463914835223564E-017   2.3695359032455822E-017   2.0054752452702075E-032   1.9504272983265159E-032   1.3398011353142646E-032   4.7509080500463102E-032   2.7561511988552551E-032  -9.4332252083297299E-033  -1.7401725598086441E-033  -2.0639869419760878E-032   8.8732645738770257E-032   8.1557025858999873E-032   7.1943220823348052E-032  -6.6836686331152160E-033   3.9834030574233596E-032   4.1481608038481204E-032   2.8099272072290241E-033   2.1993681627398839E-032   2.8102851145589955E-033   6.8642269171145304E-017  -3.0051663617938693E-017  -9.3842570663692521E-020  -2.1826500459165535E-018  -7.7431889667268815E-020  -2.9208712126518109E-016   2.2626075449822147E-016  -4.9549183556968040E-017  -5.4803436233436471E-016  -6.2422436048961630E-016   8.3879339647716699E-017  -2.2900918436578802E-016  -2.2666972154066787E-016   2.9287788462098872E-017  -2.9566861171747901E-016  -3.3630829727336701E-016   4.5175051041758173E-017  -3.6308760958632927E-031   1.9411445432395807E-031  -6.7749429559484923E-031  -9.9927701608202935E-031  -7.5905189319935773E-030  -3.5379976186125455E-031  -3.3869234782247408E-031   2.4609007686002289E-031  -1.1595821745634587E-030  -8.9772075865291584E-030   1.8528872797425651E-031   2.9113615752876038E-031  -1.3464712142914569E-030   1.0447776636424932E-031  -6.3524737345449021E-031   2.8102851145589955E-033   2.0241393598319203E-030
