   1.0002124612455694       -1.8789080013955075E-004  -1.5160442943371103E-003  -1.2129598077843724E-003  -1.0142546151284189E-003  -3.0413940404247115E-017   9.1397379402756386E-017   1.3609565546647989E-017  -1.8520965686324835E-018   8.1934271207979443E-018   3.4062215390409470E-019  -3.1726186428067653E-018   7.7719978348196934E-018   1.6945980672467849E-018   8.8269416949201054E-019  -8.8755035894158391E-018  -6.1742939210949359E-020  -2.7706753979584543E-020   3.6014273442899819E-020   2.3330432254662256E-019   4.7769887951980440E-020  -1.1534318308351218E-019   7.1745817570545671E-020  -8.5665457565457657E-020  -6.0294016656548568E-019  -9.2262758701908375E-020   2.5327055428777276E-019   1.0020708922285855E-023   3.5878459263440689E-023  -1.5537855919407416E-023  -2.1437676665417814E-024  -2.1023569116236849E-024   1.2549086104971804E-023   2.3275498202659142E-023  -1.8789080013955075E-004  0.93571009259365423       -8.8187759552313498E-003   4.4955189382621046E-002  -2.2332748837452358E-003  -2.0006023437336972E-016   6.1221719056583704E-016   8.8249863488657067E-017  -6.7563143428979130E-018   6.6750665176832358E-017   6.3577406211908589E-019  -1.9340626159961596E-017   8.0869060951065682E-018   1.2410685594016554E-017  -6.7612851357998788E-018  -2.1159950404159831E-016  -3.2667978988472824E-018  -7.4040982891591661E-019   2.0265843719457865E-018  -2.2713740077725961E-017   2.0280924237824805E-018  -9.6913933773905893E-019   1.5418516326528739E-018  -2.9107517851709147E-018   3.2756162146101210E-017  -4.7714243577416957E-018  -2.9769355469488375E-018   2.3148315142718245E-019   8.2880922320700012E-019  -3.5893158175135943E-019  -4.9521397728162176E-020  -4.8565496348972947E-020   2.8989046093279906E-019   5.3767493073531440E-019  -1.5160442943371103E-003  -8.8187759552313498E-003  0.37923732250131026        7.3443806311593904E-002  0.23386046368073535       -2.1598975068969547E-016   5.7078854794461031E-016   9.5491435777389315E-017   7.1300388906241001E-017  -1.4074996188432987E-017  -1.9007922734028765E-017  -5.9110440631768853E-017   2.1223831693051641E-016   2.3896329217520529E-017  -6.5779285546263877E-018   1.1505176338081288E-015  -2.1759149261246988E-017  -1.2722482872567113E-018  -2.4435807449998664E-019   7.6721966972652471E-017  -1.4095592749321864E-018   2.1862600868847422E-017  -1.2428710746906931E-018   2.2604971910826335E-018  -5.1441137089178376E-017  -1.0847987412723070E-018  -5.5327152853225670E-017  -8.2897849439915221E-021  -2.9680998057016903E-020   1.2853922116782080E-020   1.7734485891875935E-021   1.7392081746311049E-021  -1.0381438152562816E-020  -1.9255008259947587E-020  -1.2129598077843724E-003   4.4955189382621046E-002   7.3443806311593904E-002   1.6551644951113279E-002   4.5449785567033434E-002   1.5160261639458761E-016  -3.9363925262214590E-016  -7.1164112807345810E-017   1.3302604024868780E-017   1.2442410271656262E-018  -3.5548478506977863E-018   1.7151047701646352E-017  -3.6141288891841778E-017  -8.4269642941488725E-018  -1.5418085758835061E-018   2.1339084225231069E-016  -4.4379163431470265E-018  -2.8476341198389536E-019   5.3447631001228711E-020   1.3813660987509640E-017  -1.7349014998430237E-019   4.2109953987410647E-018  -1.6529165268383369E-019   2.9527578686389320E-019  -8.3872466714275890E-018  -4.4925260902847021E-019  -1.0927451947145561E-017   9.9313346187212614E-021   3.5558447923068290E-020  -1.5399261113359106E-020  -2.1246178452126392E-021  -2.0836083220354351E-021   1.2437188003510018E-020   2.3067897309994538E-020  -1.0142546151284189E-003  -2.2332748837452358E-003  0.23386046368073535        4.5449785567033434E-002  0.14422336473200567        1.1646539523674365E-016  -6.0687688667743026E-016  -4.9499528474148138E-017   4.3640087799929817E-017  -7.2600949263614397E-018  -1.1585905591864674E-017  -9.4560819119798150E-020  -8.9024266275332627E-018  -1.0348590585892932E-018  -3.9845157569039568E-018   7.0847832049179288E-016  -1.3472407061308866E-017  -7.8717985330864406E-019  -1.4376529519654298E-019   4.7239619242767732E-017  -8.6238641149971590E-019   1.3480213840067979E-017  -7.6125091848405492E-019   1.3841723818172625E-018  -3.1613505407424675E-017  -6.8537690357322449E-019  -3.4132647278559617E-017  -4.3196118974195311E-021  -1.5466070080387550E-020   6.6978767170428202E-021   9.2410305057190328E-022   9.0626040657084741E-022  -5.4095225291608750E-021  -1.0033331969178186E-020  -3.0413940404247115E-017  -2.0006023437336972E-016  -2.1598975068969547E-016   1.5160261639458761E-016   1.1646539523674365E-016  0.84699697505636162        3.3306690738754696E-016   1.2490009027033011E-016  -1.0510177364261679E-003  -2.3351004289906552E-016  -3.3474742075489965E-018  0.12323848940497407        1.0408340855860852E-017   3.4694469519536150E-018   3.2337364280788104E-004   1.5169343645787824E-016  -8.1315162936414638E-020   2.7387787376077545E-017   1.2894748843021133E-016   7.3192070919534749E-017  -1.1871298540928630E-016  -4.0924035082645124E-019  -7.0363247859409311E-017   7.3915298974102376E-017   7.0179420726587024E-017   4.9728576409773238E-017  -2.4745486122041409E-017  -6.2989493501170412E-017  -5.4445143083377555E-017  -2.8234871127407996E-016  -5.2081134353976802E-018  -1.5554770401565551E-017  -1.5258254512276706E-017  -5.8674951472522459E-017   9.1397379402756386E-017   6.1221719056583704E-016   5.7078854794461031E-016  -3.9363925262214590E-016  -6.0687688667743026E-016   3.3306690738754696E-016  0.84699697505635740        6.4566863242781408E-033   1.6794291651800461E-016  -1.0510177364293357E-003  -2.0166160408230376E-017  -1.3877787807814457E-016  0.12323848940497648        4.8572257327350599E-017  -9.8120296609938151E-017   3.2337364280954887E-004  -3.4992625116969649E-017  -3.9889720037911052E-018   1.9952642034587751E-016  -3.0067156677151042E-017   6.6768791908898851E-017  -3.3023753936151921E-017   2.2463470466187487E-017  -4.3433106461784556E-017   7.2833790399388693E-018  -5.4684433450951199E-017   6.0994276879448498E-017   1.5818855224807313E-017   1.7389613386325563E-017   8.1678193198283497E-017   8.2819348374840090E-018  -1.4693697960123634E-018   4.7797050827626485E-018   2.6353155106884223E-017   1.3609565546647989E-017   8.8249863488657067E-017   9.5491435777389315E-017  -7.1164112807345810E-017  -4.9499528474148138E-017   1.2490009027033011E-016   6.4566863242781408E-033  0.84699697505635807        7.2085891943129976E-017   1.1644331332494318E-016  -1.0510177364277025E-003   1.2316536679435330E-016  -1.3877787807814457E-016  0.12323848940497534       -5.4365962686570013E-017  -1.3254371558635361E-017   3.2337364280865945E-004  -2.4945671210154973E-018  -1.1386005796558029E-016  -1.3482516428829477E-017   3.9346359402169236E-017  -5.2483438993374820E-017   1.7000842294369460E-017  -1.0367830510278705E-016   9.8296884705063873E-017  -8.0614782261056393E-017   1.8254170176261958E-017   4.7386271340197898E-017  -5.2633349494470447E-018  -1.9141634681016380E-017   5.8189059610501480E-017  -1.1251962273797016E-018  -8.7422026367044695E-018  -2.0691921457972376E-017  -1.8520965686324835E-018  -6.7563143428979130E-018   7.1300388906241001E-017   1.3302604024868780E-017   4.3640087799929817E-017  -1.0510177364261679E-003   1.6794291651800461E-016   7.2085891943129976E-017   1.3041820866112062E-006   8.0865176683181530E-020  -8.5470918333882770E-020  -1.5292361364853410E-004   2.4479252175649301E-017   1.0506596677742343E-017  -4.0126640837319069E-007  -1.2397121276433212E-019   2.7680772018470438E-020  -3.3984832462727279E-020  -1.6000777027416961E-019  -9.0822242543508275E-020   1.4730802692769010E-019   5.0781629668201235E-022   8.7312025509741074E-020  -9.1719678467410678E-020  -8.7083918937076448E-020  -6.1706968682424012E-020   3.0706065755459508E-020   7.8162114892832617E-020   6.7559640386065223E-020   3.5035957877700172E-019   6.4626200035292177E-021   1.9301532425182490E-020   1.8933593143281845E-020   7.2808305693730663E-020   8.1934271207979443E-018   6.6750665176832358E-017  -1.4074996188432987E-017   1.2442410271656262E-018  -7.2600949263614397E-018  -2.3351004289906552E-016  -1.0510177364293357E-003   1.1644331332494318E-016   8.0865176683181530E-020   1.3041820866190745E-006  -1.1943164556285570E-019  -3.3745792618611326E-017  -1.5292361364899876E-004   1.6879672572883697E-017   3.2782822036701815E-020  -4.0126640837647172E-007   8.7906138057236115E-020   4.9498173542105941E-021  -2.4758743283098759E-019   3.7309595998923855E-020  -8.2851753433370268E-020   4.0978364896825772E-020  -2.7874368595153681E-020   5.3895074697866811E-020  -9.0377661048972806E-021   6.7856569924224238E-020  -7.5686299607749322E-020  -1.9629228794062559E-020  -2.1578344004651186E-020  -1.0135246318338075E-019  -1.0276849460484246E-020   1.8233048788436148E-021  -5.9310186043441015E-021  -3.2700982699913894E-020   3.4062215390409470E-019   6.3577406211908589E-019  -1.9007922734028765E-017  -3.5548478506977863E-018  -1.1585905591864674E-017  -3.3474742075489965E-018  -2.0166160408230376E-017  -1.0510177364277025E-003  -8.5470918333882770E-020  -1.1943164556285570E-019   1.3041820866150204E-006  -6.2002811739014669E-019  -2.7647155398380421E-018  -1.5292361364875959E-004   6.6234006008346357E-020   8.7085574889010843E-021  -4.0126640837474430E-007   3.0954470512982308E-021   1.4128614849485637E-019   1.6730123383772320E-020  -4.8823930679077142E-020   6.5125409978102497E-020  -2.1095927508364221E-020   1.2865186152352189E-019  -1.2197418916842655E-019   1.0003290267830169E-019  -2.2651151283914760E-020  -5.8800459869894974E-020   6.5311430235750144E-021   2.3752384183696126E-020  -7.2205374420158600E-020   1.3962283535416350E-021   1.0847984464183011E-020   2.5676096956132026E-020  -3.1726186428067653E-018  -1.9340626159961596E-017  -5.9110440631768853E-017   1.7151047701646352E-017  -9.4560819119798150E-020  0.12323848940497407       -1.3877787807814457E-016   1.2316536679435330E-016  -1.5292361364853410E-004  -3.3745792618611326E-017  -6.2002811739014669E-019   1.7931262705878345E-002  -2.5153490401663709E-017   1.5829351718288365E-017   4.7051029019761313E-005   2.2000833771983126E-017   2.8799120206647542E-020   3.9849369522811081E-018   1.8761924959232723E-017   1.0649483436401850E-017  -1.7272799579504584E-017  -5.9544678581713023E-020  -1.0237888246583593E-017   1.0754713485109260E-017   1.0211141305534422E-017   7.2355330862810674E-018  -3.6004807798389257E-018  -9.1650032480365319E-018  -7.9217959291845660E-018  -4.1081880676779703E-017  -7.5778314602061677E-019  -2.2632269816578518E-018  -2.2200837693953807E-018  -8.5372351948513901E-018   7.7719978348196934E-018   8.0869060951065682E-018   2.1223831693051641E-016  -3.6141288891841778E-017  -8.9024266275332627E-018   1.0408340855860852E-017  0.12323848940497648       -1.3877787807814457E-016   2.4479252175649301E-017  -1.5292361364899876E-004  -2.7647155398380421E-018  -2.5153490401663709E-017   1.7931262705879133E-002  -1.2143064331837648E-017  -1.4291139886074558E-017   4.7051029020005129E-005  -5.1431840557281178E-018  -5.8039744946344002E-019   2.9031195345381480E-017  -4.3747865443654885E-018   9.7148930829421230E-018  -4.8049729449177768E-018   3.2684463446425502E-018  -6.3195390162517229E-018   1.0597353439027057E-018  -7.9566127990170996E-018   8.8746982177497661E-018   2.3016514573638877E-018   2.5301975664372675E-018   1.1884218531494204E-017   1.2050257188392657E-018  -2.1379405047557877E-019   6.9544951345518665E-019   3.8343974324245508E-018   1.6945980672467849E-018   1.2410685594016554E-017   2.3896329217520529E-017  -8.4269642941488725E-018  -1.0348590585892932E-018   3.4694469519536150E-018   4.8572257327350599E-017  0.12323848940497534        1.0506596677742343E-017   1.6879672572883697E-017  -1.5292361364875959E-004   1.5829351718288365E-017  -1.2143064331837648E-017   1.7931262705878782E-002  -7.9155228920914367E-018  -1.9075181972166639E-018   4.7051029019875249E-005  -3.6296078116785836E-019  -1.6566696175399409E-017  -1.9617129777307046E-018   5.7249152465815400E-018  -7.6363669892579297E-018   2.4736311754016599E-018  -1.5085245970430353E-017   1.4302246573502873E-017  -1.1729491700844083E-017   2.6559910178123033E-018   6.8947265108139173E-018  -7.6581790431908476E-019  -2.7851175533104749E-018   8.4665376825190063E-018  -1.6371662170012433E-019  -1.2719949170396547E-018  -3.0106850655484711E-018   8.8269416949201054E-019  -6.7612851357998788E-018  -6.5779285546263877E-018  -1.5418085758835061E-018  -3.9845157569039568E-018   3.2337364280788104E-004  -9.8120296609938151E-017  -5.4365962686570013E-017  -4.0126640837319069E-007   3.2782822036701815E-020   6.6234006008346357E-020   4.7051029019761313E-005  -1.4291139886074558E-017  -7.9155228920914367E-018   1.2346031443132437E-007   2.0408200072888606E-020  -2.0803592405708273E-020   1.0456340262208265E-020   4.9230658777519709E-020   2.7943885627608612E-020  -4.5323243967729550E-020  -1.5624322981334491E-022  -2.6863873721131126E-020   2.8220005728956093E-020   2.6793690649234846E-020   1.8985794966054232E-020  -9.4475402226909626E-021  -2.4048659643377756E-020  -2.0786525537352681E-020  -1.0779747035193507E-019  -1.9883974363109448E-021  -5.9386313244619814E-021  -5.8254249895005487E-021  -2.2401417428892370E-020  -8.8755035894158391E-018  -2.1159950404159831E-016   1.1505176338081288E-015   2.1339084225231069E-016   7.0847832049179288E-016   1.5169343645787824E-016   3.2337364280954887E-004  -1.3254371558635361E-017  -1.2397121276433212E-019  -4.0126640837647172E-007   8.7085574889010843E-021   2.2000833771983126E-017   4.7051029020005129E-005  -1.9075181972166639E-018   2.0408200072888606E-020   1.2346031443259852E-007  -1.8416349157946743E-020  -1.5229433468099001E-021   7.6176878175654222E-020  -1.1479292452912191E-020   2.5491552037850247E-020  -1.2608087069982966E-020   8.5762930549995025E-021  -1.6582257397234306E-020   2.7807098270013586E-021  -2.0877883830490884E-020   2.3286909027725507E-020   6.0394558537498958E-021   6.6391531414893517E-021   3.1183788904123492E-020   3.1619468744014895E-021  -5.6098838315397300E-022   1.8248360852329590E-021   1.0061329635637043E-020  -6.1742939210949359E-020  -3.2667978988472824E-018  -2.1759149261246988E-017  -4.4379163431470265E-018  -1.3472407061308866E-017  -8.1315162936414638E-020  -3.4992625116969649E-017   3.2337364280865945E-004   2.7680772018470438E-020   8.7906138057236115E-020  -4.0126640837474430E-007   2.8799120206647542E-020  -5.1431840557281178E-018   4.7051029019875249E-005  -2.0803592405708273E-020  -1.8416349157946743E-020   1.2346031443191933E-007  -9.5239685726104918E-022  -4.3470452432598012E-020  -5.1474687398153979E-021   1.5021984665635130E-020  -2.0037569618574250E-020   6.4907248378062434E-021  -3.9583177022661314E-020   3.7528612993814290E-020  -3.0777790915071631E-020   6.9692309183923876E-021   1.8091529997942698E-020  -2.0094803712990539E-021  -7.3080545957130401E-021   2.2215909539235096E-020  -4.2958689775494265E-022  -3.3376717934732329E-021  -7.8999361457352158E-021  -2.7706753979584543E-020  -7.4040982891591661E-019  -1.2722482872567113E-018  -2.8476341198389536E-019  -7.8717985330864406E-019   2.7387787376077545E-017  -3.9889720037911052E-018  -2.4945671210154973E-018  -3.3984832462727279E-020   4.9498173542105941E-021   3.0954470512982308E-021   3.9849369522811081E-018  -5.8039744946344002E-019  -3.6296078116785836E-019   1.0456340262208265E-020  -1.5229433468099001E-021  -9.5239685726104918E-022   9.1662479808701195E-034   3.5643540858685092E-033   2.3078147061881973E-033  -4.2658522801060216E-033   2.2390425789658792E-034  -2.4281487096946553E-033   2.8947376472005565E-033   2.0920812386229679E-033   2.1105369938718612E-033  -9.5204957715480309E-034  -2.2509994781330260E-033  -1.8274704299456725E-033  -9.4578317787537818E-033  -3.7875243724735512E-034  -4.9269798704111881E-034  -4.9034455988483991E-034  -1.9608116324656304E-033   3.6014273442899819E-020   2.0265843719457865E-018  -2.4435807449998664E-019   5.3447631001228711E-020  -1.4376529519654298E-019   1.2894748843021133E-016   1.9952642034587751E-016  -1.1386005796558029E-016  -1.6000777027416961E-019  -2.4758743283098759E-019   1.4128614849485637E-019   1.8761924959232723E-017   2.9031195345381480E-017  -1.6566696175399409E-017   4.9230658777519709E-020   7.6176878175654222E-020  -4.3470452432598012E-020   3.5643540858685092E-033   8.1943848814571331E-032   5.7777199488515959E-033  -7.6283160778447503E-033  -8.0152589727384735E-034  -7.7017707808032688E-033   1.4951047601096873E-032  -7.1264346779117348E-034   5.5159609010652832E-033   8.1736721522260902E-033  -1.2232668611498790E-032  -3.4829665238749050E-033  -2.1171734697256673E-032  -6.6642617434191258E-033  -2.5630569696399355E-033  -2.1148615780627235E-035   5.8016655389682933E-035   2.3330432254662256E-019  -2.2713740077725961E-017   7.6721966972652471E-017   1.3813660987509640E-017   4.7239619242767732E-017   7.3192070919534749E-017  -3.0067156677151042E-017  -1.3482516428829477E-017  -9.0822242543508275E-020   3.7309595998923855E-020   1.6730123383772320E-020   1.0649483436401850E-017  -4.3747865443654885E-018  -1.9617129777307046E-018   2.7943885627608612E-020  -1.1479292452912191E-020  -5.1474687398153979E-021   2.3078147061881973E-033   5.7777199488515959E-033   2.3596593275627954E-032  -1.3584708915842915E-032   6.4055910041943821E-033  -7.4336357242450028E-033   1.0100669304030286E-032  -6.8721375739477804E-033   7.4094714022272986E-033  -1.5691734943120929E-032  -6.7658434706330176E-033  -5.2628574084110000E-033  -2.6982908749657145E-032  -1.6688374671633083E-033  -1.2726350879683350E-033  -1.3576153191428617E-033  -5.6923533014365195E-033   4.7769887951980440E-020   2.0280924237824805E-018  -1.4095592749321864E-018  -1.7349014998430237E-019  -8.6238641149971590E-019  -1.1871298540928630E-016   6.6768791908898851E-017   3.9346359402169236E-017   1.4730802692769010E-019  -8.2851753433370268E-020  -4.8823930679077142E-020  -1.7272799579504584E-017   9.7148930829421230E-018   5.7249152465815400E-018  -4.5323243967729550E-020   2.5491552037850247E-020   1.5021984665635130E-020  -4.2658522801060216E-033  -7.6283160778447503E-033  -1.3584708915842915E-032   2.3739192356311059E-032  -5.0662119261287202E-033   1.2430339091998603E-032  -1.8614385588147926E-032  -4.4372676680727345E-033  -1.5031686834113499E-032   9.3209735948982893E-033   1.2277255029522134E-032   8.7590930977884006E-033   4.5121968393564807E-032   4.0858211558685910E-033   2.0119076250970866E-033   2.1098896817407043E-033   9.3411506576808466E-033  -1.1534318308351218E-019  -9.6913933773905893E-019   2.1862600868847422E-017   4.2109953987410647E-018   1.3480213840067979E-017  -4.0924035082645124E-019  -3.3023753936151921E-017  -5.2483438993374820E-017   5.0781629668201235E-022   4.0978364896825772E-020   6.5125409978102497E-020  -5.9544678581713023E-020  -4.8049729449177768E-018  -7.6363669892579297E-018  -1.5624322981334491E-022  -1.2608087069982966E-020  -2.0037569618574250E-020   2.2390425789658792E-034  -8.0152589727384735E-034   6.4055910041943821E-033  -5.0662119261287202E-033   5.8004412062516931E-033  -1.9676758158040286E-033   8.2137716429212477E-033  -9.3898078146997294E-033   7.0431297718915971E-033  -6.6847157916668061E-033  -3.5231718304467689E-033  -3.2768237296159706E-034  -1.8611353468928074E-033  -3.9258982385072907E-033   1.3465110576865214E-034   3.6197721811187907E-034   2.8164320759604506E-034   7.1745817570545671E-020   1.5418516326528739E-018  -1.2428710746906931E-018  -1.6529165268383369E-019  -7.6125091848405492E-019  -7.0363247859409311E-017   2.2463470466187487E-017   1.7000842294369460E-017   8.7312025509741074E-020  -2.7874368595153681E-020  -2.1095927508364221E-020  -1.0237888246583593E-017   3.2684463446425502E-018   2.4736311754016599E-018  -2.6863873721131126E-020   8.5762930549995025E-021   6.4907248378062434E-021  -2.4281487096946553E-033  -7.7017707808032688E-033  -7.4336357242450028E-033   1.2430339091998603E-032  -1.9676758158040286E-033   6.7888661521081857E-033  -9.3853838160114268E-033  -3.4443256573532361E-033  -7.2037451068531808E-033   4.2141755363170955E-033   6.6038465998424358E-033   4.8799510752117583E-033   2.5237158820870870E-032   1.8201848939501291E-033   1.2305550892833321E-033   1.2193548666444275E-033   5.1588764336686554E-033  -8.5665457565457657E-020  -2.9107517851709147E-018   2.2604971910826335E-018   2.9527578686389320E-019   1.3841723818172625E-018   7.3915298974102376E-017  -4.3433106461784556E-017  -1.0367830510278705E-016  -9.1719678467410678E-020   5.3895074697866811E-020   1.2865186152352189E-019   1.0754713485109260E-017  -6.3195390162517229E-018  -1.5085245970430353E-017   2.8220005728956093E-020  -1.6582257397234306E-020  -3.9583177022661314E-020   2.8947376472005565E-033   1.4951047601096873E-032   1.0100669304030286E-032  -1.8614385588147926E-032   8.2137716429212477E-033  -9.3853838160114268E-033   2.1390762290490680E-032  -6.6843058929924440E-033   1.7019852619330381E-032  -7.8383969291648680E-033  -1.2109273407792680E-032  -5.0014501550821229E-033  -2.6483992896408051E-032  -8.0017706052189244E-033  -1.1441875800880836E-033  -5.0748834433288048E-034  -3.9406989195456654E-033  -6.0294016656548568E-019   3.2756162146101210E-017  -5.1441137089178376E-017  -8.3872466714275890E-018  -3.1613505407424675E-017   7.0179420726587024E-017   7.2833790399388693E-018   9.8296884705063873E-017  -8.7083918937076448E-020  -9.0377661048972806E-021  -1.2197418916842655E-019   1.0211141305534422E-017   1.0597353439027057E-018   1.4302246573502873E-017   2.6793690649234846E-020   2.7807098270013586E-021   3.7528612993814290E-020   2.0920812386229679E-033  -7.1264346779117348E-034  -6.8721375739477804E-033  -4.4372676680727345E-033  -9.3898078146997294E-033  -3.4443256573532361E-033  -6.6843058929924440E-033   2.5328161340067506E-032  -5.7201006582693722E-033   7.9535412099467775E-033   4.2518770491458096E-034  -4.9404783201502376E-033  -2.4927436323124550E-032   6.3908183073588002E-033  -1.4339087905411872E-033  -2.2265312086897832E-033  -7.0156361387769746E-033  -9.2262758701908375E-020  -4.7714243577416957E-018  -1.0847987412723070E-018  -4.4925260902847021E-019  -6.8537690357322449E-019   4.9728576409773238E-017  -5.4684433450951199E-017  -8.0614782261056393E-017  -6.1706968682424012E-020   6.7856569924224238E-020   1.0003290267830169E-019   7.2355330862810674E-018  -7.9566127990170996E-018  -1.1729491700844083E-017   1.8985794966054232E-020  -2.0877883830490884E-020  -3.0777790915071631E-020   2.1105369938718612E-033   5.5159609010652832E-033   7.4094714022272986E-033  -1.5031686834113499E-032   7.0431297718915971E-033  -7.2037451068531808E-033   1.7019852619330381E-032  -5.7201006582693722E-033   1.4150616216354839E-032  -6.9480657647962503E-033  -9.2307783002479186E-033  -3.8224959408505965E-033  -2.0026872143706864E-032  -6.3785030203718251E-033  -7.1104263555843577E-034  -3.7382509925642312E-034  -3.1796345760832970E-033   2.5327055428777276E-019  -2.9769355469488375E-018  -5.5327152853225670E-017  -1.0927451947145561E-017  -3.4132647278559617E-017  -2.4745486122041409E-017   6.0994276879448498E-017   1.8254170176261958E-017   3.0706065755459508E-020  -7.5686299607749322E-020  -2.2651151283914760E-020  -3.6004807798389257E-018   8.8746982177497661E-018   2.6559910178123033E-018  -9.4475402226909626E-021   2.3286909027725507E-020   6.9692309183923876E-021  -9.5204957715480309E-034   8.1736721522260902E-033  -1.5691734943120929E-032   9.3209735948982893E-033  -6.6847157916668061E-033   4.2141755363170955E-033  -7.8383969291648680E-033   7.9535412099467775E-033  -6.9480657647962503E-033   1.3599846089871564E-032   4.0008335098340944E-033   2.7300352618748489E-033   1.3718041692472546E-032   2.0025960292212534E-033   3.2434600474892448E-034   6.0176208216485061E-034   3.1663909186453398E-033   1.0020708922285855E-023   2.3148315142718245E-019  -8.2897849439915221E-021   9.9313346187212614E-021  -4.3196118974195311E-021  -6.2989493501170412E-017   1.5818855224807313E-017   4.7386271340197898E-017   7.8162114892832617E-020  -1.9629228794062559E-020  -5.8800459869894974E-020  -9.1650032480365319E-018   2.3016514573638877E-018   6.8947265108139173E-018  -2.4048659643377756E-020   6.0394558537498958E-021   1.8091529997942698E-020  -2.2509994781330260E-033  -1.2232668611498790E-032  -6.7658434706330176E-033   1.2277255029522134E-032  -3.5231718304467689E-033   6.6038465998424358E-033  -1.2109273407792680E-032   4.2518770491458096E-034  -9.2307783002479186E-033   4.0008335098340944E-033   7.6309832993175110E-033   4.0794949816602150E-033   2.1452180265988026E-032   3.7974389798868322E-033   1.0663725375276801E-033   7.3497269209203802E-034   3.6982210839957662E-033   3.5878459263440689E-023   8.2880922320700012E-019  -2.9680998057016903E-020   3.5558447923068290E-020  -1.5466070080387550E-020  -5.4445143083377555E-017   1.7389613386325563E-017  -5.2633349494470447E-018   6.7559640386065223E-020  -2.1578344004651186E-020   6.5311430235750144E-021  -7.9217959291845660E-018   2.5301975664372675E-018  -7.6581790431908476E-019  -2.0786525537352681E-020   6.6391531414893517E-021  -2.0094803712990539E-021  -1.8274704299456725E-033  -3.4829665238749050E-033  -5.2628574084110000E-033   8.7590930977884006E-033  -3.2768237296159706E-034   4.8799510752117583E-033  -5.0014501550821229E-033  -4.9404783201502376E-033  -3.8224959408505965E-033   2.7300352618748489E-033   4.0794949816602150E-033   3.8902120289878864E-033   1.9944991274415436E-032   1.4317689697702208E-034   9.7664541727907482E-034   1.1335177115619532E-033   4.4417512753591117E-033  -1.5537855919407416E-023  -3.5893158175135943E-019   1.2853922116782080E-020  -1.5399261113359106E-020   6.6978767170428202E-021  -2.8234871127407996E-016   8.1678193198283497E-017  -1.9141634681016380E-017   3.5035957877700172E-019  -1.0135246318338075E-019   2.3752384183696126E-020  -4.1081880676779703E-017   1.1884218531494204E-017  -2.7851175533104749E-018  -1.0779747035193507E-019   3.1183788904123492E-020  -7.3080545957130401E-021  -9.4578317787537818E-033  -2.1171734697256673E-032  -2.6982908749657145E-032   4.5121968393564807E-032  -1.8611353468928074E-033   2.5237158820870870E-032  -2.6483992896408051E-032  -2.4927436323124550E-032  -2.0026872143706864E-032   1.3718041692472546E-032   2.1452180265988026E-032   1.9944991274415436E-032   1.0243087467070391E-031   1.2197682123280059E-033   5.0689765544269499E-033   5.7447570861420439E-033   2.2568176509595144E-032  -2.1437676665417814E-024  -4.9521397728162176E-020   1.7734485891875935E-021  -2.1246178452126392E-021   9.2410305057190328E-022  -5.2081134353976802E-018   8.2819348374840090E-018   5.8189059610501480E-017   6.4626200035292177E-021  -1.0276849460484246E-020  -7.2205374420158600E-020  -7.5778314602061677E-019   1.2050257188392657E-018   8.4665376825190063E-018  -1.9883974363109448E-021   3.1619468744014895E-021   2.2215909539235096E-020  -3.7875243724735512E-034  -6.6642617434191258E-033  -1.6688374671633083E-033   4.0858211558685910E-033  -3.9258982385072907E-033   1.8201848939501291E-033  -8.0017706052189244E-033   6.3908183073588002E-033  -6.3785030203718251E-033   2.0025960292212534E-033   3.7974389798868322E-033   1.4317689697702208E-034   1.2197682123280059E-033   4.1106212593137817E-033   3.9785906160391972E-036  -4.6005080599836079E-034  -8.0310402302136818E-034  -2.1023569116236849E-024  -4.8565496348972947E-020   1.7392081746311049E-021  -2.0836083220354351E-021   9.0626040657084741E-022  -1.5554770401565551E-017  -1.4693697960123634E-018  -1.1251962273797016E-018   1.9301532425182490E-020   1.8233048788436148E-021   1.3962283535416350E-021  -2.2632269816578518E-018  -2.1379405047557877E-019  -1.6371662170012433E-019  -5.9386313244619814E-021  -5.6098838315397300E-022  -4.2958689775494265E-022  -4.9269798704111881E-034  -2.5630569696399355E-033  -1.2726350879683350E-033   2.0119076250970866E-033   1.3465110576865214E-034   1.2305550892833321E-033  -1.1441875800880836E-033  -1.4339087905411872E-033  -7.1104263555843577E-034   3.2434600474892448E-034   1.0663725375276801E-033   9.7664541727907482E-034   5.0689765544269499E-033   3.9785906160391972E-036   2.8970367342462727E-034   2.8351862649544909E-034   1.0592855574822492E-033   1.2549086104971804E-023   2.8989046093279906E-019  -1.0381438152562816E-020   1.2437188003510018E-020  -5.4095225291608750E-021  -1.5258254512276706E-017   4.7797050827626485E-018  -8.7422026367044695E-018   1.8933593143281845E-020  -5.9310186043441015E-021   1.0847984464183011E-020  -2.2200837693953807E-018   6.9544951345518665E-019  -1.2719949170396547E-018  -5.8254249895005487E-021   1.8248360852329590E-021  -3.3376717934732329E-021  -4.9034455988483991E-034  -2.1148615780627235E-035  -1.3576153191428617E-033   2.1098896817407043E-033   3.6197721811187907E-034   1.2193548666444275E-033  -5.0748834433288048E-034  -2.2265312086897832E-033  -3.7382509925642312E-034   6.0176208216485061E-034   7.3497269209203802E-034   1.1335177115619532E-033   5.7447570861420439E-033  -4.6005080599836079E-034   2.8351862649544909E-034   3.9216458617353671E-034   1.4194524774064196E-033   2.3275498202659142E-023   5.3767493073531440E-019  -1.9255008259947587E-020   2.3067897309994538E-020  -1.0033331969178186E-020  -5.8674951472522459E-017   2.6353155106884223E-017  -2.0691921457972376E-017   7.2808305693730663E-020  -3.2700982699913894E-020   2.5676096956132026E-020  -8.5372351948513901E-018   3.8343974324245508E-018  -3.0106850655484711E-018  -2.2401417428892370E-020   1.0061329635637043E-020  -7.8999361457352158E-021  -1.9608116324656304E-033   5.8016655389682933E-035  -5.6923533014365195E-033   9.3411506576808466E-033   2.8164320759604506E-034   5.1588764336686554E-033  -3.9406989195456654E-033  -7.0156361387769746E-033  -3.1796345760832970E-033   3.1663909186453398E-033   3.6982210839957662E-033   4.4417512753591117E-033   2.2568176509595144E-032  -8.0310402302136818E-034   1.0592855574822492E-033   1.4194524774064196E-033   5.3904046860988130E-033
